0.00000e+00
5.32371e-02
7.81273e-02
9.30279e-02
1.03522e-01
1.11807e-01
1.19122e-01
1.26157e-01
1.33407e-01
1.41274e-01
1.50124e-01
1.60318e-01
1.71704e-01
1.84101e-01
1.97577e-01
2.12181e-01
2.27948e-01
2.44899e-01
2.63054e-01
2.82425e-01
3.03024e-01
3.24856e-01
3.47929e-01
3.72247e-01
3.97813e-01
4.24630e-01
4.52698e-01
4.82020e-01
5.12595e-01
5.44426e-01
5.77510e-01
6.11850e-01
6.47444e-01
6.84294e-01
7.22396e-01
7.61752e-01
8.02359e-01
8.44218e-01
8.87327e-01
9.31683e-01
9.77293e-01
1.02415e+00
1.07225e+00
1.12160e+00
1.17219e+00
1.22402e+00
1.27709e+00
1.33141e+00
1.38696e+00
1.44375e+00
1.50177e+00
1.56103e+00
1.62152e+00
1.68325e+00
1.74620e+00
1.81038e+00
1.87579e+00
1.94242e+00
2.01028e+00
2.07935e+00
2.14965e+00
2.22117e+00
2.29390e+00
2.36785e+00
2.44301e+00
2.51939e+00
2.59697e+00
2.67576e+00
2.75576e+00
2.83696e+00
2.91936e+00
3.00297e+00
3.08777e+00
3.17377e+00
3.26096e+00
3.34934e+00
3.43892e+00
3.52969e+00
3.62164e+00
3.71478e+00
3.80910e+00
3.90460e+00
4.00128e+00
4.09913e+00
4.19815e+00
4.29832e+00
4.39962e+00
4.50199e+00
4.60531e+00
4.70937e+00
4.81386e+00
4.91842e+00
5.02270e+00
5.12636e+00
5.22914e+00
5.33092e+00
5.38098e+00
5.43353e+00
5.48867e+00
5.54608e+00
5.60588e+00
5.63654e+00
5.66886e+00
5.70327e+00
5.73954e+00
5.77778e+00
5.81810e+00
5.86064e+00
5.90510e+00
5.95161e+00
6.00027e+00
6.05078e+00
6.07671e+00
6.10411e+00
6.13335e+00
6.16454e+00
6.19751e+00
6.23235e+00
6.26918e+00
6.30812e+00
6.34893e+00
6.39172e+00
6.43659e+00
6.48367e+00
6.53266e+00
6.55791e+00
6.58483e+00
6.61360e+00
6.64434e+00
6.67719e+00
6.71196e+00
6.74876e+00
6.78772e+00
6.82898e+00
6.87228e+00
6.91775e+00
6.96509e+00
7.01441e+00
7.03988e+00
7.06702e+00
7.09603e+00
7.12704e+00
7.16017e+00
7.19525e+00
7.23238e+00
7.27168e+00
7.31293e+00
7.35622e+00
7.40166e+00
7.44896e+00
7.49822e+00
7.52370e+00
7.55083e+00
7.57981e+00
7.61077e+00
7.64385e+00
7.67884e+00
7.71587e+00
7.75506e+00
7.79616e+00
7.83928e+00
7.88451e+00
7.93158e+00
7.95596e+00
7.98192e+00
8.00962e+00
8.03919e+00
8.07076e+00
8.10446e+00
8.14011e+00
8.17781e+00
8.21769e+00
8.25951e+00
8.30335e+00
8.34895e+00
8.39639e+00
8.42096e+00
8.44711e+00
8.47502e+00
8.50479e+00
8.53658e+00
8.57018e+00
8.60570e+00
8.64325e+00
8.68297e+00
8.72460e+00
8.76824e+00
8.81363e+00
8.83715e+00
8.86218e+00
8.88888e+00
8.91737e+00
8.94777e+00
8.98020e+00
9.01449e+00
9.05073e+00
9.08905e+00
9.12921e+00
9.17129e+00
9.21505e+00
9.23774e+00
9.26189e+00
9.28764e+00
9.31510e+00
9.34440e+00
9.37565e+00
9.40868e+00
9.44358e+00
9.48047e+00
9.51913e+00
9.55963e+00
9.60208e+00
9.62410e+00
9.64753e+00
9.67251e+00
9.69915e+00
9.72756e+00
9.75787e+00
9.79020e+00
9.82437e+00
9.86048e+00
9.89831e+00
9.93794e+00
9.97948e+00
1.00010e+01
1.00239e+01
1.00486e+01
1.00750e+01
1.01031e+01
1.01330e+01
1.01649e+01
1.01987e+01
1.02343e+01
1.02717e+01
1.03108e+01
1.03514e+01
1.03725e+01
1.03952e+01
1.04195e+01
1.04456e+01
1.04733e+01
1.05028e+01
1.05343e+01
1.05676e+01
1.06027e+01
1.06395e+01
1.06780e+01
1.07179e+01
1.07386e+01
1.07609e+01
1.07849e+01
1.08104e+01
1.08376e+01
1.08666e+01
1.08975e+01
1.09301e+01
1.09646e+01
1.10006e+01
1.10383e+01
1.10774e+01
1.10977e+01
1.11194e+01
1.11429e+01
1.11679e+01
1.11945e+01
1.12228e+01
1.12530e+01
1.12848e+01
1.13185e+01
1.13536e+01
1.13904e+01
1.14286e+01
1.14484e+01
1.14696e+01
1.14925e+01
1.15171e+01
1.15433e+01
1.15712e+01
1.16010e+01
1.16323e+01
1.16655e+01
1.17001e+01
1.17363e+01
1.17739e+01
1.17933e+01
1.18143e+01
1.18368e+01
1.18610e+01
1.18868e+01
1.19143e+01
1.19435e+01
1.19744e+01
1.20070e+01
1.20411e+01
1.20767e+01
1.21136e+01
1.21328e+01
1.21534e+01
1.21755e+01
1.21994e+01
1.22248e+01
1.22518e+01
1.22806e+01
1.23110e+01
1.23430e+01
1.23765e+01
1.24116e+01
1.24479e+01
1.24668e+01
1.24870e+01
1.25088e+01
1.25323e+01
1.25572e+01
1.25838e+01
1.26122e+01
1.26420e+01
1.26736e+01
1.27068e+01
1.27416e+01
1.27777e+01
1.27964e+01
1.28165e+01
1.28381e+01
1.28614e+01
1.28864e+01
1.29130e+01
1.29414e+01
1.29714e+01
1.30030e+01
1.30360e+01
1.30706e+01
1.31064e+01
1.31250e+01
1.31450e+01
1.31664e+01
1.31896e+01
1.32144e+01
1.32409e+01
1.32691e+01
1.32989e+01
1.33302e+01
1.33631e+01
1.33974e+01
1.34330e+01
1.34514e+01
1.34712e+01
1.34926e+01
1.35155e+01
1.35402e+01
1.35665e+01
1.35945e+01
1.36241e+01
1.36552e+01
1.36878e+01
1.37219e+01
1.37572e+01
1.37755e+01
1.37952e+01
1.38164e+01
1.38392e+01
1.38637e+01
1.38898e+01
1.39176e+01
1.39469e+01
1.39778e+01
1.40101e+01
1.40439e+01
1.40790e+01
1.40972e+01
1.41167e+01
1.41377e+01
1.41603e+01
1.41846e+01
1.42105e+01
1.42381e+01
1.42672e+01
1.42979e+01
1.43299e+01
1.43635e+01
1.43982e+01
1.44163e+01
1.44356e+01
1.44565e+01
1.44789e+01
1.45030e+01
1.45287e+01
1.45560e+01
1.45851e+01
1.46158e+01
1.46479e+01
1.46815e+01
1.46989e+01
1.47176e+01
1.47377e+01
1.47594e+01
1.47826e+01
1.48077e+01
1.48343e+01
1.48627e+01
1.48927e+01
1.49243e+01
1.49573e+01
1.49915e+01
1.50093e+01
1.50283e+01
1.50488e+01
1.50709e+01
1.50946e+01
1.51199e+01
1.51468e+01
1.51755e+01
1.52057e+01
1.52373e+01
1.52703e+01
1.52875e+01
1.53058e+01
1.53256e+01
1.53469e+01
1.53698e+01
1.53944e+01
1.54207e+01
1.54486e+01
1.54780e+01
1.55091e+01
1.55416e+01
1.55752e+01
1.55927e+01
1.56114e+01
1.56316e+01
1.56533e+01
1.56766e+01
1.57017e+01
1.57284e+01
1.57569e+01
1.57869e+01
1.58183e+01
1.58511e+01
1.58681e+01
1.58864e+01
1.59060e+01
1.59271e+01
1.59499e+01
1.59743e+01
1.60004e+01
1.60281e+01
1.60573e+01
1.60882e+01
1.61204e+01
1.61538e+01
1.61711e+01
1.61897e+01
1.62097e+01
1.62313e+01
1.62544e+01
1.62793e+01
1.63059e+01
1.63341e+01
1.63639e+01
1.63950e+01
1.64276e+01
1.64444e+01
1.64626e+01
1.64820e+01
1.65030e+01
1.65256e+01
1.65498e+01
1.65756e+01
1.66031e+01
1.66321e+01
1.66627e+01
1.66947e+01
1.67113e+01
1.67291e+01
1.67482e+01
1.67688e+01
1.67909e+01
1.68148e+01
1.68401e+01
1.68671e+01
1.68959e+01
1.69262e+01
1.69579e+01
1.69744e+01
1.69920e+01
1.70110e+01
1.70314e+01
1.70534e+01
1.70770e+01
1.71021e+01
1.71289e+01
1.71572e+01
1.71869e+01
1.72180e+01
1.72342e+01
1.72515e+01
1.72702e+01
1.72902e+01
1.73118e+01
1.73350e+01
1.73599e+01
1.73865e+01
1.74145e+01
1.74438e+01
1.74590e+01
1.74753e+01
1.74928e+01
1.75117e+01
1.75320e+01
1.75538e+01
1.75773e+01
1.76023e+01
1.76289e+01
1.76569e+01
1.76715e+01
1.76871e+01
1.77039e+01
1.77220e+01
1.77414e+01
1.77623e+01
1.77848e+01
1.78090e+01
1.78347e+01
1.78619e+01
1.78760e+01
1.78911e+01
1.79074e+01
1.79249e+01
1.79437e+01
1.79639e+01
1.79857e+01
1.80091e+01
1.80340e+01
1.80603e+01
1.80740e+01
1.80886e+01
1.81043e+01
1.81213e+01
1.81395e+01
1.81591e+01
1.81801e+01
1.82028e+01
1.82269e+01
1.82523e+01
1.82655e+01
1.82797e+01
1.82949e+01
1.83113e+01
1.83289e+01
1.83479e+01
1.83683e+01
1.83902e+01
1.84135e+01
1.84381e+01
1.84510e+01
1.84648e+01
1.84797e+01
1.84957e+01
1.85128e+01
1.85313e+01
1.85512e+01
1.85726e+01
1.85953e+01
1.86193e+01
1.86318e+01
1.86452e+01
1.86595e+01
1.86750e+01
1.86916e+01
1.87095e+01
1.87287e+01
1.87494e+01
1.87714e+01
1.87946e+01
1.88068e+01
1.88198e+01
1.88338e+01
1.88489e+01
1.88651e+01
1.88825e+01
1.89013e+01
1.89215e+01
1.89429e+01
1.89655e+01
1.89773e+01
1.89899e+01
1.90035e+01
1.90180e+01
1.90337e+01
1.90506e+01
1.90687e+01
1.90882e+01
1.91090e+01
1.91308e+01
1.91423e+01
1.91546e+01
1.91678e+01
1.91820e+01
1.91973e+01
1.92137e+01
1.92314e+01
1.92504e+01
1.92706e+01
1.92920e+01
1.93031e+01
1.93151e+01
1.93280e+01
1.93419e+01
1.93567e+01
1.93728e+01
1.93900e+01
1.94085e+01
1.94282e+01
1.94490e+01
1.94708e+01
1.94820e+01
1.94941e+01
1.95071e+01
1.95211e+01
1.95362e+01
1.95524e+01
1.95698e+01
1.95885e+01
1.96082e+01
1.96288e+01
1.96395e+01
1.96510e+01
1.96634e+01
1.96766e+01
1.96909e+01
1.97063e+01
1.97228e+01
1.97405e+01
1.97594e+01
1.97794e+01
1.97898e+01
1.98010e+01
1.98130e+01
1.98260e+01
1.98399e+01
1.98548e+01
1.98709e+01
1.98882e+01
1.99066e+01
1.99261e+01
1.99463e+01
1.99569e+01
1.99682e+01
1.99803e+01
1.99934e+01
2.00074e+01
2.00225e+01
2.00388e+01
2.00563e+01
2.00749e+01
2.00943e+01
2.01044e+01
2.01152e+01
2.01268e+01
2.01394e+01
2.01528e+01
2.01673e+01
2.01829e+01
2.01996e+01
2.02174e+01
2.02362e+01
2.02460e+01
2.02566e+01
2.02679e+01
2.02801e+01
2.02932e+01
2.03073e+01
2.03225e+01
2.03388e+01
2.03561e+01
2.03744e+01
2.03935e+01
2.04035e+01
2.04141e+01
2.04256e+01
2.04379e+01
2.04511e+01
2.04653e+01
2.04806e+01
2.04971e+01
2.05146e+01
2.05331e+01
2.05427e+01
2.05530e+01
2.05640e+01
2.05759e+01
2.05887e+01
2.06025e+01
2.06173e+01
2.06332e+01
2.06501e+01
2.06680e+01
2.06866e+01
2.06963e+01
2.07067e+01
2.07179e+01
2.07299e+01
2.07428e+01
2.07567e+01
2.07716e+01
2.07877e+01
2.08047e+01
2.08228e+01
2.08321e+01
2.08422e+01
2.08530e+01
2.08646e+01
2.08770e+01
2.08904e+01
2.09049e+01
2.09204e+01
2.09369e+01
2.09543e+01
2.09725e+01
2.09819e+01
2.09921e+01
2.10030e+01
2.10147e+01
2.10273e+01
2.10408e+01
2.10554e+01
2.10710e+01
2.10877e+01
2.11053e+01
2.11144e+01
2.11242e+01
2.11347e+01
2.11460e+01
2.11582e+01
2.11713e+01
2.11853e+01
2.12005e+01
2.12167e+01
2.12339e+01
2.12429e+01
2.12525e+01
2.12629e+01
2.12740e+01
2.12860e+01
2.12988e+01
2.13127e+01
2.13276e+01
2.13436e+01
2.13605e+01
2.13781e+01
2.13873e+01
2.13971e+01
2.14076e+01
2.14190e+01
2.14312e+01
2.14443e+01
2.14585e+01
2.14736e+01
2.14898e+01
2.15068e+01
2.15157e+01
2.15252e+01
2.15354e+01
2.15463e+01
2.15581e+01
2.15708e+01
2.15844e+01
2.15991e+01
2.16149e+01
2.16315e+01
2.16402e+01
2.16496e+01
2.16596e+01
2.16704e+01
2.16820e+01
2.16945e+01
2.17079e+01
2.17223e+01
2.17378e+01
2.17542e+01
2.17713e+01
2.17802e+01
2.17897e+01
2.17999e+01
2.18109e+01
2.18227e+01
2.18355e+01
2.18491e+01
2.18638e+01
2.18795e+01
2.18960e+01
2.19047e+01
2.19139e+01
2.19239e+01
2.19346e+01
2.19461e+01
2.19585e+01
2.19718e+01
2.19862e+01
2.20016e+01
2.20178e+01
2.20348e+01
2.20436e+01
2.20530e+01
2.20632e+01
2.20741e+01
2.20859e+01
2.20985e+01
2.21121e+01
2.21267e+01
2.21422e+01
2.21586e+01
2.21672e+01
2.21764e+01
2.21863e+01
2.21969e+01
2.22083e+01
2.22206e+01
2.22339e+01
2.22481e+01
2.22634e+01
2.22795e+01
2.22879e+01
2.22970e+01
2.23067e+01
2.23172e+01
2.23284e+01
2.23405e+01
2.23535e+01
2.23675e+01
2.23826e+01
2.23986e+01
2.24153e+01
2.24240e+01
2.24333e+01
2.24433e+01
2.24541e+01
2.24657e+01
2.24781e+01
2.24915e+01
2.25059e+01
2.25214e+01
2.25377e+01
2.25462e+01
2.25553e+01
2.25651e+01
2.25756e+01
2.25869e+01
2.25991e+01
2.26121e+01
2.26262e+01
2.26413e+01
2.26572e+01
2.26656e+01
2.26745e+01
2.26841e+01
2.26945e+01
2.27056e+01
2.27175e+01
2.27304e+01
2.27442e+01
2.27591e+01
2.27749e+01
2.27914e+01
2.28000e+01
2.28092e+01
2.28191e+01
2.28298e+01
2.28412e+01
2.28535e+01
2.28667e+01
2.28810e+01
2.28963e+01
2.29124e+01
2.29208e+01
2.29298e+01
2.29394e+01
2.29498e+01
2.29610e+01
2.29730e+01
2.29859e+01
2.29998e+01
2.30147e+01
2.30304e+01
2.30387e+01
2.30475e+01
2.30570e+01
2.30672e+01
2.30782e+01
2.30900e+01
2.31027e+01
2.31164e+01
2.31311e+01
2.31467e+01
2.31630e+01
2.31715e+01
2.31806e+01
2.31904e+01
2.32009e+01
2.32122e+01
2.32244e+01
2.32374e+01
2.32515e+01
2.32666e+01
2.32825e+01
2.32909e+01
2.32998e+01
2.33094e+01
2.33198e+01
2.33309e+01
2.33429e+01
2.33557e+01
2.33695e+01
2.33844e+01
2.34001e+01
2.34083e+01
2.34171e+01
2.34266e+01
2.34367e+01
2.34477e+01
2.34594e+01
