0.000000000000000000e+00 2.940000000000009663e+02 2.997531357936318320e-08
5.000000000000000278e-02 2.899085520990782356e+02 2.544590502050287649e+07
1.000000000000000056e-01 2.953217122812808952e+02 3.852953669919839501e+07
1.500000000000000222e-01 3.052357913036683499e+02 4.646211796593376994e+07
2.000000000000000111e-01 3.178256237426844564e+02 5.143719487594352663e+07
2.500000000000000000e-01 3.320876755271577281e+02 5.457149184086857736e+07
2.999999999999999889e-01 3.474055384172831396e+02 5.652781973483531922e+07
3.499999999999999778e-01 3.633862614840782612e+02 5.772175678084865212e+07
3.999999999999999667e-01 3.797758090871649870e+02 5.841971650711289048e+07
4.499999999999999556e-01 3.964089868073197636e+02 5.879413627675776929e+07
4.999999999999999445e-01 4.131780668907394443e+02 5.895710634348911792e+07
5.499999999999999334e-01 4.300126717209992080e+02 5.898162693086148053e+07
5.999999999999999778e-01 4.468667486545894576e+02 5.891527548046272993e+07
6.500000000000000222e-01 4.637100998218784298e+02 5.878906436476121843e+07
7.000000000000000666e-01 4.805228632041832952e+02 5.862320316870294511e+07
7.500000000000001110e-01 4.972919134924001128e+02 5.843085391014191508e+07
8.000000000000001554e-01 5.140085140284571708e+02 5.822058029056714475e+07
8.500000000000001998e-01 5.306667847358435210e+02 5.799794575042583793e+07
9.000000000000002442e-01 5.472627024591375857e+02 5.776655631065826863e+07
9.500000000000002887e-01 5.637934487392551546e+02 5.752874113895728439e+07
1.000000000000000222e+00 5.802569843286605646e+02 5.728599670154295117e+07
1.050000000000000266e+00 5.966517716816241546e+02 5.703927663040115684e+07
1.100000000000000311e+00 6.129765940166778364e+02 5.678918090613959730e+07
1.150000000000000355e+00 6.292304374058652456e+02 5.653607933822466433e+07
1.200000000000000400e+00 6.454124140000542411e+02 5.628019217268779874e+07
1.250000000000000444e+00 6.615217121059039300e+02 5.602164272614409029e+07
1.300000000000000488e+00 6.775575637939922444e+02 5.576049176845189184e+07
1.350000000000000533e+00 6.935192239569023513e+02 5.549675999791435152e+07
1.400000000000000577e+00 7.094059568497975761e+02 5.523044274813288450e+07
1.450000000000000622e+00 7.252170275251261273e+02 5.496151962685199827e+07
1.500000000000000666e+00 7.409516964728676385e+02 5.468996084830299765e+07
1.550000000000000711e+00 7.566092163646883364e+02 5.441573140799628198e+07
1.600000000000000755e+00 7.721888301832289017e+02 5.413879384926052392e+07
1.650000000000000799e+00 7.876897702674506263e+02 5.385911011011116207e+07
1.700000000000000844e+00 8.031112579677696885e+02 5.357664276895925403e+07
1.750000000000000888e+00 8.184525037108877541e+02 5.329135589674399048e+07
1.800000000000000933e+00 8.337127073433971418e+02 5.300321565072564781e+07
1.850000000000000977e+00 8.488910586683289239e+02 5.271219069799853116e+07
1.900000000000001021e+00 8.639867381181763903e+02 5.241825252602072060e+07
1.950000000000001066e+00 8.789989175270274018e+02 5.212137567740558088e+07
2.000000000000000888e+00 8.939267609768693319e+02 5.182153793314675242e+07
2.050000000000000711e+00 9.087694257012030903e+02 5.151872045993424952e+07
2.100000000000000533e+00 9.235260630343259436e+02 5.121290793166971207e+07
2.150000000000000355e+00 9.381958193980345868e+02 5.090408863168054819e+07
2.200000000000000178e+00 9.527778373196603070e+02 5.059225453978487849e+07
2.250000000000000000e+00 9.672712564767654158e+02 5.027740140683549643e+07
2.299999999999999822e+00 9.816752147646902813e+02 4.995952881838526577e+07
2.349999999999999645e+00 9.959888493837237320e+02 4.963864024848150462e+07
2.399999999999999467e+00 1.010211297942978490e+03 4.931474310418948531e+07
2.449999999999999289e+00 1.024341699578298858e+03 4.898784876118995994e+07
2.499999999999999112e+00 1.038379196081619511e+03 4.865797259063588083e+07
2.549999999999998934e+00 1.052322933039260533e+03 4.832513397735857964e+07
2.599999999999998757e+00 1.066172060976696912e+03 4.798935632946255058e+07
2.649999999999998579e+00 1.079925736507339934e+03 4.765066707932190597e+07
2.699999999999998401e+00 1.093583123482872679e+03 4.730909767598546296e+07
2.749999999999998224e+00 1.107143394142680108e+03 4.696468356900305301e+07
2.799999999999998046e+00 1.120605730259930397e+03 4.661746418369908631e+07
2.849999999999997868e+00 1.133969324281854369e+03 4.626748288793823868e+07
2.899999999999997691e+00 1.147233380461782417e+03 4.591478695045044273e+07
2.949999999999997513e+00 1.160397115980517356e+03 4.555942749080655724e+07
2.999999999999997335e+00 1.173459762054643306e+03 4.520145942116214335e+07
3.049999999999997158e+00 1.186420565029389763e+03 4.484094137991271913e+07
3.099999999999996980e+00 1.199278787453735504e+03 4.447793565743137151e+07
3.149999999999996803e+00 1.212033709135436766e+03 4.411250811408473551e+07
3.199999999999996625e+00 1.224684628173766214e+03 4.374472809075096250e+07
3.249999999999996447e+00 1.237230861967766486e+03 4.337466831208755821e+07
3.299999999999996270e+00 1.249671748197914667e+03 4.300240478282152861e+07
3.349999999999996092e+00 1.262006645779172914e+03 4.262801667735854536e+07
3.399999999999995914e+00 1.274234935783442779e+03 4.225158622302942723e+07
3.449999999999995737e+00 1.286356022329584903e+03 4.187319857731229067e+07
3.499999999999995559e+00 1.298369333439211005e+03 4.149294169939071685e+07
3.549999999999995381e+00 1.310274321856588813e+03 4.111090621642189473e+07
3.599999999999995204e+00 1.322070465831076717e+03 4.072718528490886092e+07
3.649999999999995026e+00 1.333757269860644328e+03 4.034187444758263230e+07
3.699999999999994849e+00 1.345334265395125158e+03 3.995507148621335626e+07
3.749999999999994671e+00 1.356801011497974741e+03 3.956687627077902108e+07
3.799999999999994493e+00 1.368157095465445082e+03 3.917739060543072224e+07
3.849999999999994316e+00 1.379402133402159734e+03 3.878671807169754803e+07
3.899999999999994138e+00 1.390535770752283042e+03 3.839496386938085407e+07
3.949999999999993960e+00 1.401557682785508860e+03 3.800223465558778495e+07
3.999999999999993783e+00 1.412467575037307370e+03 3.760863838235700876e+07
4.049999999999993605e+00 1.423265183702936383e+03 3.721428413332569599e+07
4.099999999999993427e+00 1.433950275984894233e+03 3.681928195988485962e+07
4.149999999999993250e+00 1.444522650393586446e+03 3.642374271726433933e+07
4.199999999999993072e+00 1.454982137001140472e+03 3.602777790098170936e+07
4.249999999999992895e+00 1.465328597648393043e+03 3.563149948407992721e+07
4.299999999999992717e+00 1.475561926105219072e+03 3.523501975556947291e+07
4.349999999999992539e+00 1.485682048184488849e+03 3.483845116047672182e+07
4.399999999999992362e+00 1.495688921810058673e+03 3.444190614188884944e+07
4.449999999999992184e+00 1.505582537039290855e+03 3.404549698536834866e+07
4.499999999999992006e+00 1.515362916040750179e+03 3.364933566609684378e+07
4.549999999999991829e+00 1.525030113027789866e+03 3.325353369908791408e+07
4.599999999999991651e+00 1.534584214148862429e+03 3.285820199279269949e+07
4.649999999999991473e+00 1.544025337335475342e+03 3.246345070640141889e+07
4.699999999999991296e+00 1.553353632108806096e+03 3.206938911112502217e+07
4.749999999999991118e+00 1.562569279346076655e+03 3.167612545571994781e+07
4.799999999999990941e+00 1.571672491007861481e+03 3.128376683649955690e+07
4.849999999999990763e+00 1.580663509827575353e+03 3.089241907205183804e+07
4.899999999999990585e+00 1.589542608964454757e+03 3.050218658286407217e+07
4.949999999999990408e+00 1.598310091621414358e+03 3.011317227603273839e+07
4.999999999999990230e+00 1.606966290629201694e+03 2.972547743521371111e+07
5.049999999999990052e+00 1.615511567998326882e+03 2.933920161594865471e+07
5.099999999999989875e+00 1.623946314440286869e+03 2.895444254647981375e+07
5.149999999999989697e+00 1.632270948859641976e+03 2.857129603414674103e+07
5.199999999999989519e+00 1.640485917818512007e+03 2.818985587743460387e+07
5.249999999999989342e+00 1.648591694975128576e+03 2.781021378372772038e+07
5.299999999999989164e+00 1.656588780498035476e+03 2.743245929279781505e+07
5.349999999999988987e+00 1.664477700457590117e+03 2.705667970604076609e+07
5.399999999999988809e+00 1.672259006196408109e+03 2.668296002145665884e+07
5.449999999999988631e+00 1.679933273680393540e+03 2.631138287434840947e+07
5.499999999999988454e+00 1.687501102831986600e+03 2.594202848370027170e+07
5.549999999999988276e+00 1.694963116847267884e+03 2.557497460418029130e+07
5.599999999999988098e+00 1.702319961498533075e+03 2.521029648369501531e+07
5.649999999999987921e+00 1.709572304423935748e+03 2.484806682641236484e+07
5.699999999999987743e+00 1.716720834405771257e+03 2.448835576115427539e+07
5.749999999999987566e+00 1.723766260638958329e+03 2.413123081504848227e+07
5.799999999999987388e+00 1.730709311991229242e+03 2.377675689231834561e+07
5.849999999999987210e+00 1.737550736256529262e+03 2.342499625807878003e+07
5.899999999999987033e+00 1.744291299403056428e+03 2.307600852699688077e+07
5.949999999999986855e+00 1.750931784817372545e+03 2.272985065666794777e+07
5.999999999999986677e+00 1.757472992545943498e+03 2.238657694555056468e+07
6.049999999999986500e+00 1.763915738535431956e+03 2.204623903529580310e+07
6.099999999999986322e+00 1.770260853873039650e+03 2.170888591730341315e+07
6.149999999999986144e+00 1.776509184028110212e+03 2.137456394333026558e+07
6.199999999999985967e+00 1.782661588096195828e+03 2.104331683997400478e+07
6.249999999999985789e+00 1.788718938046703215e+03 2.071518572685078159e+07
6.299999999999985612e+00 1.794682117975213941e+03 2.039020913828542084e+07
6.349999999999985434e+00 1.800552023361506826e+03 2.006842304832885414e+07
6.399999999999985256e+00 1.806329560334254438e+03 1.974986089891836420e+07
6.449999999999985079e+00 1.812015644943323650e+03 1.943455363099549338e+07
6.499999999999984901e+00 1.817611202440551324e+03 1.912252971839739755e+07
6.549999999999984723e+00 1.823117166569815481e+03 1.881381520433804020e+07
6.599999999999984546e+00 1.828534478867162761e+03 1.850843374029779062e+07
6.649999999999984368e+00 1.833864087971712706e+03 1.820640662714252993e+07
6.699999999999984190e+00 1.839106948948005993e+03 1.790775285829531029e+07
6.749999999999984013e+00 1.844264022620385504e+03 1.761248916478710249e+07
6.799999999999983835e+00 1.849336274920009146e+03 1.732063006201731041e+07
6.849999999999983658e+00 1.854324676244968941e+03 1.703218789805752039e+07
6.899999999999983480e+00 1.859230200834015022e+03 1.674717290333793126e+07
6.949999999999983302e+00 1.864053826154270155e+03 1.646559324155757204e+07
6.999999999999983125e+00 1.868796532303332469e+03 1.618745506166773289e+07
7.049999999999982947e+00 1.873459301426089723e+03 1.591276255078075454e+07
7.099999999999982769e+00 1.878043117146514305e+03 1.564151798786107637e+07
7.149999999999982592e+00 1.882548964014701596e+03 1.537372179806310870e+07
7.199999999999982414e+00 1.886977826969351554e+03 1.510937260758356564e+07
7.249999999999982236e+00 1.891330690815844946e+03 1.484846729890268669e+07
7.299999999999982059e+00 1.895608539720072258e+03 1.459100106629430316e+07
7.349999999999981881e+00 1.899812356718069395e+03 1.433696747148946859e+07
7.399999999999981704e+00 1.903943123241565218e+03 1.408635849938554130e+07
7.449999999999981526e+00 1.908001818659424998e+03 1.383916461369643174e+07
7.499999999999981348e+00 1.911989419835021181e+03 1.359537481244679540e+07
7.549999999999981171e+00 1.915906900699490279e+03 1.335497668321833573e+07
7.599999999999980993e+00 1.919755231840799524e+03 1.311795645806036144e+07
7.649999999999980815e+00 1.923535380108576874e+03 1.288429906798454560e+07
7.699999999999980638e+00 1.927248308234557271e+03 1.265398819696747139e+07
7.749999999999980460e+00 1.930894974468542841e+03 1.242700633538977429e+07
7.799999999999980282e+00 1.934476332229721038e+03 1.220333483284748159e+07
7.849999999999980105e+00 1.937993329773145661e+03 1.198295395027317107e+07
7.899999999999979927e+00 1.941446909871241814e+03 1.176584291131336614e+07
7.949999999999979750e+00 1.944838009510072652e+03 1.155197995290882885e+07
7.999999999999979572e+00 1.948167559600194181e+03 1.134134237503270619e+07
8.049999999999979394e+00 1.951436484701828704e+03 1.113390658954406343e+07
8.099999999999980105e+00 1.954645702764144517e+03 1.092964816811828688e+07
8.149999999999980815e+00 1.957796124878347200e+03 1.072854188922153600e+07
8.199999999999981526e+00 1.960888655044335110e+03 1.053056178409829736e+07
8.249999999999982236e+00 1.963924189950652362e+03 1.033568118174689263e+07
8.299999999999982947e+00 1.966903618767415992e+03 1.014387275285924040e+07
8.349999999999983658e+00 1.969827822951959433e+03 9.955108552706288174e+06
8.399999999999984368e+00 1.972697676066885379e+03 9.769360062953801826e+06
8.449999999999985079e+00 1.975514043610205817e+03 9.586598232394248247e+06
8.499999999999985789e+00 1.978277782857296415e+03 9.406793516585892066e+06
8.549999999999986500e+00 1.980989742714305066e+03 9.229915916391370818e+06
8.599999999999987210e+00 1.983650763582762238e+03 9.055935015411932021e+06
8.649999999999987921e+00 1.986261677235015213e+03 8.884820016314182431e+06
8.699999999999988631e+00 1.988823306700225658e+03 8.716539776050209999e+06
8.749999999999989342e+00 1.991336466160570126e+03 8.551062839973507449e+06
8.799999999999990052e+00 1.993801960857352242e+03 8.388357474854296073e+06
8.849999999999990763e+00 1.996220587006710048e+03 8.228391700801295228e+06
8.899999999999991473e+00 1.998593131724589057e+03 8.071133322097156197e+06
8.949999999999992184e+00 2.000920372960695204e+03 7.916549956957998686e+06
8.999999999999992895e+00 2.003203079441089358e+03 7.764609066226609051e+06
9.049999999999993605e+00 2.005442010619143048e+03 7.615277981013563462e+06
9.099999999999994316e+00 2.007637916634532530e+03 7.468523929297961295e+06
9.149999999999995026e+00 2.009791538279990164e+03 7.324314061504119076e+06
9.199999999999995737e+00 2.011903606975503635e+03 7.182615475068995729e+06
9.249999999999996447e+00 2.013974844749677231e+03 7.043395238016934134e+06
9.299999999999997158e+00 2.016005964227975028e+03 6.906620411560509354e+06
9.349999999999997868e+00 2.017997668627554276e+03 6.772258071743855253e+06
9.399999999999998579e+00 2.019950651758422964e+03 6.640275330148768611e+06
9.449999999999999289e+00 2.021865598030645060e+03 6.510639353682547808e+06
9.500000000000000000e+00 2.023743182467329007e+03 6.383317383467142470e+06
9.550000000000000711e+00 2.025584070723137302e+03 6.258276752850338817e+06
9.600000000000001421e+00 2.027388919108080017e+03 6.135484904559893534e+06
9.650000000000002132e+00 2.029158374616313040e+03 6.014909407020474784e+06
9.700000000000002842e+00 2.030893074959731621e+03 5.896517969855841249e+06
9.750000000000003553e+00 2.032593648606096394e+03 5.780278458596144803e+06
9.800000000000004263e+00 2.034260714821489273e+03 5.666158908613441512e+06
9.850000000000004974e+00 2.035894883716843424e+03 5.554127538304688409e+06
9.900000000000005684e+00 2.037496756298358150e+03 5.444152761545632035e+06
9.950000000000006395e+00 2.039066924521572446e+03 5.336203199435703456e+06
1.000000000000000711e+01 2.040605971348893036e+03 5.230247691355613992e+06
1.005000000000000782e+01 2.042114470810379089e+03 5.126255305358467624e+06
1.010000000000000853e+01 2.043592988067590568e+03 5.024195347915783525e+06
1.015000000000000924e+01 2.045042079480319671e+03 4.924037373039441183e+06
1.020000000000000995e+01 2.046462292675995286e+03 4.825751190798576921e+06
1.025000000000001066e+01 2.047854166621640161e+03 4.729306875254358165e+06
1.030000000000001137e+01 2.049218231698143427e+03 4.634674771829687990e+06
1.035000000000001208e+01 2.050555009776742736e+03 4.541825504136378877e+06
1.040000000000001279e+01 2.051865014297517064e+03 4.450729980276793242e+06
1.045000000000001350e+01 2.053148750349772854e+03 4.361359398641377687e+06
1.050000000000001421e+01 2.054406714754140012e+03 4.273685253218861297e+06
1.055000000000001492e+01 2.055639396146259060e+03 4.187679338438340463e+06
1.060000000000001563e+01 2.056847275061931214e+03 4.103313753562213853e+06
1.065000000000001634e+01 2.058030824023562218e+03 4.020560906645612791e+06
1.070000000000001705e+01 2.059190507627823990e+03 3.939393518081749789e+06
1.075000000000001776e+01 2.060326782634368556e+03 3.859784623748430517e+06
1.080000000000001847e+01 2.061440098055512863e+03 3.781707577773125842e+06
1.085000000000001918e+01 2.062530895246753062e+03 3.705136054932377301e+06
1.090000000000001990e+01 2.063599607998025476e+03 3.630044052701355424e+06
1.095000000000002061e+01 2.064646662625601493e+03 3.556405892968869768e+06
1.100000000000002132e+01 2.065672478064518600e+03 3.484196223432360683e+06
1.105000000000002203e+01 2.066677465961456164e+03 3.413390018688201439e+06
1.110000000000002274e+01 2.067662030767956821e+03 3.343962581029707566e+06
1.115000000000002345e+01 2.068626569833938902e+03 3.275889540968834423e+06
1.120000000000002416e+01 2.069571473501368473e+03 3.209146857492676936e+06
1.125000000000002487e+01 2.070497125198070080e+03 3.143710818068935070e+06
1.130000000000002558e+01 2.071403901531555221e+03 3.079558038412264548e+06
1.135000000000002629e+01 2.072292172382824447e+03 3.016665462023637723e+06
1.140000000000002700e+01 2.073162301000070784e+03 2.955010359514870215e+06
1.145000000000002771e+01 2.074014644092223989e+03 2.894570327728536446e+06
1.150000000000002842e+01 2.074849551922256524e+03 2.835323288665486500e+06
1.155000000000002913e+01 2.075667368400236228e+03 2.777247488229569513e+06
1.160000000000002984e+01 2.076468431176022477e+03 2.720321494800405111e+06
1.165000000000003055e+01 2.077253071731593081e+03 2.664524197643580381e+06
1.170000000000003126e+01 2.078021615472933263e+03 2.609834805167847313e+06
1.175000000000003197e+01 2.078774381821448515e+03 2.556232843038745224e+06
1.180000000000003268e+01 2.079511684304870414e+03 2.503698152157226577e+06
1.185000000000003340e+01 2.080233830647579452e+03 2.452210886511773337e+06
1.190000000000003411e+01 2.080941122860364430e+03 2.401751510912280995e+06
1.195000000000003482e+01 2.081633857329522471e+03 2.352300798613619059e+06
1.200000000000003553e+01 2.082312324905310106e+03 2.303839828835912049e+06
1.205000000000003624e+01 2.082976810989699970e+03 2.256349984189627692e+06
1.210000000000003695e+01 2.083627595623411253e+03 2.209812948011760600e+06
1.215000000000003766e+01 2.084264953572198920e+03 2.164210701620311476e+06
1.220000000000003837e+01 2.084889154412356675e+03 2.119525521492472850e+06
1.225000000000003908e+01 2.085500462615441393e+03 2.075739976374360733e+06
1.230000000000003979e+01 2.086099137632168095e+03 2.032836924326263834e+06
1.235000000000004050e+01 2.086685433975478645e+03 1.990799509710569866e+06
1.240000000000004121e+01 2.087259601302752344e+03 1.949611160127009032e+06
1.245000000000004192e+01 2.087821884497147948e+03 1.909255583300023340e+06
1.250000000000004263e+01 2.088372523748079402e+03 1.869716763924397063e+06
1.255000000000004334e+01 2.088911754630762516e+03 1.830978960472611710e+06
1.260000000000004405e+01 2.089439808184895810e+03 1.793026701968868263e+06
1.265000000000004476e+01 2.089956910992386383e+03 1.755844784734204179e+06
1.270000000000004547e+01 2.090463285254185394e+03 1.719418269106897293e+06
1.275000000000004619e+01 2.090959148866157193e+03 1.683732476141150575e+06
1.280000000000004690e+01 2.091444715494036245e+03 1.648772984288805397e+06
1.285000000000004761e+01 2.091920194647419066e+03 1.614525626067363657e+06
1.290000000000004832e+01 2.092385791752815294e+03 1.580976484716463368e+06
1.295000000000004903e+01 2.092841708225743332e+03 1.548111890848397510e+06
1.300000000000004974e+01 2.093288141541875575e+03 1.515918419092963450e+06
1.305000000000005045e+01 2.093725285307207287e+03 1.484382884741218062e+06
1.310000000000005116e+01 2.094153329327296433e+03 1.453492340390681522e+06
1.315000000000005187e+01 2.094572459675515347e+03 1.423234072593437508e+06
1.320000000000005258e+01 2.094982858760367435e+03 1.393595598511291901e+06
1.325000000000005329e+01 2.095384705391830721e+03 1.364564662578240968e+06
1.330000000000005400e+01 2.095778174846758247e+03 1.336129233174284920e+06
1.335000000000005471e+01 2.096163438933323505e+03 1.308277499311269727e+06
1.340000000000005542e+01 2.096540666054506801e+03 1.280997867333143717e+06
1.345000000000005613e+01 2.096910021270660764e+03 1.254278957632566104e+06
1.350000000000005684e+01 2.097271666361111329e+03 1.228109601385459304e+06
1.355000000000005755e+01 2.097625759884837407e+03 1.202478837304607267e+06
1.360000000000005826e+01 2.097972457240210588e+03 1.177375908414313802e+06
1.365000000000005898e+01 2.098311910723827623e+03 1.152790258847659687e+06
1.370000000000005969e+01 2.098644269588402949e+03 1.128711530666660285e+06
1.375000000000006040e+01 2.098969680099763536e+03 1.105129560707461787e+06
1.380000000000006111e+01 2.099288285592941065e+03 1.082034377451623091e+06
1.385000000000006182e+01 2.099600226527348241e+03 1.059416197923628613e+06
1.390000000000006253e+01 2.099905640541091998e+03 1.037265424616556615e+06
1.395000000000006324e+01 2.100204662504387215e+03 1.015572642446473008e+06
1.400000000000006395e+01 2.100497424572086857e+03 9.943286157357650809e+05
1.405000000000006466e+01 2.100784056235379921e+03 9.735242852273603203e+05
1.410000000000006537e+01 2.101064684372595366e+03 9.531507651289465139e+05
1.415000000000006608e+01 2.101339433299177927e+03 9.331993401894402923e+05
1.420000000000006679e+01 2.101608424816827210e+03 9.136614628068959573e+05
1.425000000000006750e+01 2.101871778261783675e+03 8.945287501686098985e+05
1.430000000000006821e+01 2.102129610552321083e+03 8.757929814250470372e+05
1.435000000000006892e+01 2.102382036235408123e+03 8.574460948962437687e+05
1.440000000000006963e+01 2.102629167532574229e+03 8.394801853119033622e+05
1.445000000000007034e+01 2.102871114384975954e+03 8.218875010854611173e+05
1.450000000000007105e+01 2.103107984497697544e+03 8.046604416228164919e+05
1.455000000000007176e+01 2.103339883383253891e+03 7.877915546643994749e+05
1.460000000000007248e+01 2.103566914404343606e+03 7.712735336623842595e+05
1.465000000000007319e+01 2.103789178815845389e+03 7.550992151925474172e+05
1.470000000000007390e+01 2.104006775806072255e+03 7.392615764003884979e+05
1.475000000000007461e+01 2.104219802537285887e+03 7.237537324825070100e+05
1.480000000000007532e+01 2.104428354185491571e+03 7.085689342026439263e+05
1.485000000000007603e+01 2.104632523979513735e+03 6.937005654422316002e+05
1.490000000000007674e+01 2.104832403239376617e+03 6.791421407862842316e+05
1.495000000000007745e+01 2.105028081413973268e+03 6.648873031431774143e+05
1.500000000000007816e+01 2.105219646118070159e+03 6.509298214000036241e+05
1.505000000000007887e+01 2.105407183168619667e+03 6.372635881114872172e+05
1.510000000000007958e+01 2.105590776620418183e+03 6.238826172242887551e+05
1.515000000000008029e+01 2.105770508801106644e+03 6.107810418346223887e+05
1.520000000000008100e+01 2.105946460345522610e+03 5.979531119806236820e+05
1.525000000000008171e+01 2.106118710229418411e+03 5.853931924681096571e+05
1.530000000000008242e+01 2.106287335802557664e+03 5.730957607306013815e+05
1.535000000000008313e+01 2.106452412821189682e+03 5.610554047220371431e+05
1.540000000000008384e+01 2.106614015479919999e+03 5.492668208436595742e+05
1.545000000000008455e+01 2.106772216442981517e+03 5.377248119029371301e+05
1.550000000000008527e+01 2.106927086874928136e+03 5.264242851060000248e+05
1.555000000000008598e+01 2.107078696470731302e+03 5.153602500821413705e+05
1.560000000000008669e+01 2.107227113485320842e+03 5.045278169404577930e+05
1.565000000000008740e+01 2.107372404762574661e+03 4.939221943585585104e+05
1.570000000000008811e+01 2.107514635763732258e+03 4.835386877028790768e+05
1.575000000000008882e+01 2.107653870595289845e+03 4.733726971800522879e+05
1.580000000000008953e+01 2.107790172036352033e+03 4.634197160192402662e+05
1.585000000000009024e+01 2.107923601565463741e+03 4.536753286856163759e+05
1.590000000000009095e+01 2.108054219386928253e+03 4.441352091234793188e+05
1.595000000000009166e+01 2.108182084456606844e+03 4.347951190295295673e+05
1.600000000000009237e+01 2.108307254507248217e+03 4.256509061560860137e+05
1.605000000000009308e+01 2.108429786073297691e+03 4.166985026432726881e+05
1.610000000000009379e+01 2.108549734515243017e+03 4.079339233801272931e+05
1.615000000000009450e+01 2.108667154043492246e+03 3.993532643945302116e+05
1.620000000000009521e+01 2.108782097741769121e+03 3.909527012710277340e+05
1.625000000000009592e+01 2.108894617590074631e+03 3.827284875969648128e+05
1.630000000000009663e+01 2.109004764487178818e+03 3.746769534354392672e+05
1.635000000000009734e+01 2.109112588272696485e+03 3.667945038264069008e+05
1.640000000000009805e+01 2.109218137748702247e+03 3.590776173133940902e+05
1.645000000000009877e+01 2.109321460700951775e+03 3.515228444974768208e+05
1.650000000000009948e+01 2.109422603919660560e+03 3.441268066171715618e+05
1.655000000000010019e+01 2.109521613219887058e+03 3.368861941535482765e+05
1.660000000000010090e+01 2.109618533461513380e+03 3.297977654614481144e+05
1.665000000000010161e+01 2.109713408568824434e+03 3.228583454247263144e+05
1.670000000000010232e+01 2.109806281549700088e+03 3.160648241369812749e+05
1.675000000000010303e+01 2.109897194514438524e+03 3.094141556059692521e+05
1.680000000000010374e+01 2.109986188694197608e+03 3.029033564821192995e+05
1.685000000000010445e+01 2.110073304459058818e+03 2.965295048102976871e+05
1.690000000000010516e+01 2.110158581335751023e+03 2.902897388051630696e+05
1.695000000000010587e+01 2.110242058025013648e+03 2.841812556489027920e+05
1.700000000000010658e+01 2.110323772418607405e+03 2.782013103117502178e+05
1.705000000000010729e+01 2.110403761615990334e+03 2.723472143943511765e+05
1.710000000000010800e+01 2.110482061940660515e+03 2.666163349920703913e+05
1.715000000000010871e+01 2.110558708956172268e+03 2.610060935805081972e+05
1.720000000000010942e+01 2.110633737481818571e+03 2.555139649221377040e+05
1.725000000000011013e+01 2.110707181608017891e+03 2.501374759938162751e+05
1.730000000000011084e+01 2.110779074711382236e+03 2.448742049345250707e+05
1.735000000000011156e+01 2.110849449469472802e+03 2.397217800129901152e+05
1.740000000000011227e+01 2.110918337875275938e+03 2.346778786156289570e+05
1.745000000000011298e+01 2.110985771251369897e+03 2.297402262530177250e+05
1.750000000000011369e+01 2.111051780263819182e+03 2.249065955859117093e+05
1.755000000000011440e+01 2.111116394935777407e+03 2.201748054702372465e+05
1.760000000000011511e+01 2.111179644660820941e+03 2.155427200200534426e+05
1.765000000000011582e+01 2.111241558216009707e+03 2.110082476885484939e+05
1.770000000000011653e+01 2.111302163774684686e+03 2.065693403674214787e+05
1.775000000000011724e+01 2.111361488919002113e+03 2.022239925031441089e+05
1.780000000000011795e+01 2.111419560652215750e+03 1.979702402306933363e+05
1.785000000000011866e+01 2.111476405410708594e+03 1.938061605240984354e+05
1.790000000000011937e+01 2.111532049075779923e+03 1.897298703636575956e+05
1.795000000000012008e+01 2.111586516985193157e+03 1.857395259192195663e+05
1.800000000000012079e+01 2.111639833944481325e+03 1.818333217497621081e+05
1.805000000000012150e+01 2.111692024238035174e+03 1.780094900184359576e+05
1.810000000000012221e+01 2.111743111639945255e+03 1.742662997231500631e+05
1.815000000000012292e+01 2.111793119424645738e+03 1.706020559424513776e+05
1.820000000000012363e+01 2.111842070377317214e+03 1.670150990960235940e+05
1.825000000000012434e+01 2.111889986804095315e+03 1.635038042199591873e+05
1.830000000000012506e+01 2.111936890542056517e+03 1.600665802563073812e+05
1.835000000000012577e+01 2.111982802969008389e+03 1.567018693567248411e+05
1.840000000000012648e+01 2.112027745013070216e+03 1.534081462001644250e+05
1.845000000000012719e+01 2.112071737162067620e+03 1.501839173238242802e+05
1.850000000000012790e+01 2.112114799472724826e+03 1.470277204675089451e+05
1.855000000000012861e+01 2.112156951579665929e+03 1.439381239310472156e+05
1.860000000000012932e+01 2.112198212704248817e+03 1.409137259449804260e+05
1.865000000000013003e+01 2.112238601663189456e+03 1.379531540529096965e+05
1.870000000000013074e+01 2.112278136877032011e+03 1.350550645071202889e+05
1.875000000000013145e+01 2.112316836378437529e+03 1.322181416760178690e+05
1.880000000000013216e+01 2.112354717820288897e+03 1.294410974631108547e+05
1.885000000000013287e+01 2.112391798483649836e+03 1.267226707381893502e+05
1.890000000000013358e+01 2.112428095285541076e+03 1.240616267796634638e+05
1.895000000000013429e+01 2.112463624786572836e+03 1.214567567284796096e+05
1.900000000000013500e+01 2.112498403198395863e+03 1.189068770521011465e+05
1.905000000000013571e+01 2.112532446391023768e+03 1.164108290207023092e+05
1.910000000000013642e+01 2.112565769899988936e+03 1.139674781929688033e+05
1.915000000000013713e+01 2.112598388933353363e+03 1.115757139124727109e+05
1.920000000000013785e+01 2.112630318378573065e+03 1.092344488144970092e+05
1.925000000000013856e+01 2.112661572809224253e+03 1.069426183427858196e+05
1.930000000000013927e+01 2.112692166491584430e+03 1.046991802757092810e+05
1.935000000000013998e+01 2.112722113391082985e+03 1.025031142627821828e+05
1.940000000000014069e+01 2.112751427178612630e+03 1.003534213701787376e+05
1.945000000000014140e+01 2.112780121236706236e+03 9.824912363498152990e+04
1.950000000000014211e+01 2.112808208665606799e+03 9.618926362997561228e+04
1.955000000000014282e+01 2.112835702289172787e+03 9.417290403548994800e+04
1.960000000000014353e+01 2.112862614660698910e+03 9.219912722149399633e+04
1.965000000000014424e+01 2.112888958068599550e+03 9.026703483751247404e+04
1.970000000000014495e+01 2.112914744541961682e+03 8.837574741086689755e+04
1.975000000000014566e+01 2.112939985856010026e+03 8.652440395347957383e+04
1.980000000000014637e+01 2.112964693537431231e+03 8.471216157647222281e+04
1.985000000000014708e+01 2.112988878869606197e+03 8.293819511286838679e+04
1.990000000000014779e+01 2.113012552897715523e+03 8.120169674767780816e+04
1.995000000000014850e+01 2.113035726433765831e+03 7.950187565605266718e+04
2.000000000000014921e+01 2.113058410061478753e+03 7.783795764857994800e+04
2.005000000000014992e+01 2.113080614141098522e+03 7.620918482373836741e+04
2.010000000000015064e+01 2.113102348814094967e+03 7.461481522798551305e+04
2.015000000000015135e+01 2.113123624007769195e+03 7.305412252231253660e+04
2.020000000000015206e+01 2.113144449439753771e+03 7.152639565590237908e+04
2.025000000000015277e+01 2.113164834622437411e+03 7.003093854661392106e+04
2.030000000000015348e+01 2.113184788867272346e+03 6.856706976768004824e+04
2.035000000000015419e+01 2.113204321289016207e+03 6.713412224158359459e+04
2.040000000000015490e+01 2.113223440809871136e+03 6.573144293926260434e+04
2.045000000000015561e+01 2.113242156163536492e+03 6.435839258647253882e+04
2.050000000000015632e+01 2.113260475899183803e+03 6.301434537559847377e+04
2.055000000000015703e+01 2.113278408385341208e+03 6.169868868366416427e+04
2.060000000000015774e+01 2.113295961813700615e+03 6.041082279626065429e+04
2.065000000000015845e+01 2.113313144202847070e+03 5.915016063685738482e+04
2.070000000000015916e+01 2.113329963401899931e+03 5.791612750207768840e+04
2.075000000000015987e+01 2.113346427094092633e+03 5.670816080236297421e+04
2.080000000000016058e+01 2.113362542800264237e+03 5.552570980785252323e+04
2.085000000000016129e+01 2.113378317882289593e+03 5.436823539977350447e+04
2.090000000000016200e+01 2.113393759546420824e+03 5.323520982664245821e+04
2.095000000000016271e+01 2.113408874846579238e+03 5.212611646594586637e+04
2.100000000000016342e+01 2.113423670687565846e+03 5.104044959069226752e+04
2.105000000000016414e+01 2.113438153828197301e+03 4.997771414028536674e+04
2.110000000000016485e+01 2.113452330884400453e+03 4.893742549699025403e+04
2.115000000000016556e+01 2.113466208332216411e+03 4.791910926653532078e+04
2.120000000000016627e+01 2.113479792510753668e+03 4.692230106308552786e+04
2.125000000000016698e+01 2.113493089625082121e+03 4.594654629937697609e+04
2.130000000000016769e+01 2.113506105749055678e+03 4.499139998055770411e+04
2.135000000000016840e+01 2.113518846828079859e+03 4.405642650267695717e+04
2.140000000000016911e+01 2.113531318681836183e+03 4.314119945551944693e+04
2.145000000000016982e+01 2.113543527006923341e+03 4.224530142888055707e+04
2.150000000000017053e+01 2.113555477379455169e+03 4.136832382355131995e+04
2.155000000000017124e+01 2.113567175257613144e+03 4.050986666615583817e+04
2.160000000000017195e+01 2.113578625984128848e+03 3.966953842735318176e+04
2.165000000000017266e+01 2.113589834788727330e+03 3.884695584456820507e+04
2.170000000000017337e+01 2.113600806790509068e+03 3.804174374791868468e+04
2.175000000000017408e+01 2.113611547000286464e+03 3.725353488959134120e+04
2.180000000000017479e+01 2.113622060322875313e+03 3.648196977768852230e+04
2.185000000000017550e+01 2.113632351559330345e+03 3.572669651246636931e+04
2.190000000000017621e+01 2.113642425409133921e+03 3.498737062680291274e+04
2.195000000000017693e+01 2.113652286472350625e+03 3.426365492947438179e+04
2.200000000000017764e+01 2.113661939251720469e+03 3.355521935209595540e+04
2.205000000000017835e+01 2.113671388154715714e+03 3.286174079889929999e+04
2.210000000000017906e+01 2.113680637495554492e+03 3.218290300001608193e+04
2.215000000000017977e+01 2.113689691497176227e+03 3.151839636779602006e+04
2.220000000000018048e+01 2.113698554293160669e+03 3.086791785543563310e+04
2.225000000000018119e+01 2.113707229929630103e+03 3.023117081999824950e+04
2.230000000000018190e+01 2.113715722367081980e+03 2.960786488677853777e+04
2.235000000000018261e+01 2.113724035482207455e+03 2.899771581717901427e+04
2.240000000000018332e+01 2.113732173069667624e+03 2.840044537988245793e+04
2.245000000000018403e+01 2.113740138843816567e+03 2.781578122368315235e+04
2.250000000000018474e+01 2.113747936440405283e+03 2.724345675389317694e+04
2.255000000000018545e+01 2.113755569418244704e+03 2.668321101053641178e+04
2.260000000000018616e+01 2.113763041260825958e+03 2.613478854972266709e+04
2.265000000000018687e+01 2.113770355377921078e+03 2.559793932744705671e+04
2.270000000000018758e+01 2.113777515107135059e+03 2.507241858541741749e+04
2.275000000000018829e+01 2.113784523715434261e+03 2.455798673973761834e+04
2.280000000000018900e+01 2.113791384400640254e+03 2.405440927165173707e+04
2.285000000000018971e+01 2.113798100292894560e+03 2.356145662055577486e+04
2.290000000000019043e+01 2.113804674456083831e+03 2.307890407961158053e+04
2.295000000000019114e+01 2.113811109889247291e+03 2.260653169317506035e+04
2.300000000000019185e+01 2.113817409527944164e+03 2.214412415648305614e+04
2.305000000000019256e+01 2.113823576245597906e+03 2.169147071744528876e+04
2.310000000000019327e+01 2.113829612854810875e+03 2.124836508070691707e+04
2.315000000000019398e+01 2.113835522108650821e+03 2.081460531349017401e+04
2.320000000000019469e+01 2.113841306701910526e+03 2.038999375336171943e+04
2.325000000000019540e+01 2.113846969272334718e+03 1.997433691822269247e+04
2.330000000000019611e+01 2.113852512401839249e+03 1.956744541794696852e+04
2.335000000000019682e+01 2.113857938617681157e+03 1.916913386798065403e+04
2.340000000000019753e+01 2.113863250393617818e+03 1.877922080475764233e+04
2.345000000000019824e+01 2.113868450151042907e+03 1.839752860287602743e+04
2.350000000000019895e+01 2.113873540260090067e+03 1.802388339398803146e+04
2.355000000000019966e+01 2.113878523040719301e+03 1.765811498759326423e+04
2.360000000000020037e+01 2.113883400763774716e+03 1.730005679305137164e+04
2.365000000000020108e+01 2.113888175652031805e+03 1.694954574376054006e+04
2.370000000000020179e+01 2.113892849881210168e+03 1.660642222271647188e+04
2.375000000000020250e+01 2.113897425580963954e+03 1.627052998934333300e+04
2.380000000000020322e+01 2.113901904835867754e+03 1.594171610852292361e+04
2.385000000000020393e+01 2.113906289686362470e+03 1.561983088059387046e+04
2.390000000000020464e+01 2.113910582129688464e+03 1.530472777254813991e+04
2.395000000000020535e+01 2.113914784120810509e+03 1.499626335209487843e+04
2.400000000000020606e+01 2.113918897573298182e+03 1.469429722098261664e+04
2.405000000000020677e+01 2.113922924360210800e+03 1.439869195170867533e+04
2.410000000000020748e+01 2.113926866314953713e+03 1.410931302428688468e+04
2.415000000000020819e+01 2.113930725232116856e+03 1.382602876511524664e+04
2.420000000000020890e+01 2.113934502868296477e+03 1.354871028631875924e+04
2.425000000000020961e+01 2.113938200942895946e+03 1.327723142734437533e+04
2.430000000000021032e+01 2.113941821138921568e+03 1.301146869701846299e+04
2.435000000000021103e+01 2.113945365103745189e+03 1.275130121725766548e+04
2.440000000000021174e+01 2.113948834449859987e+03 1.249661066756744731e+04
2.445000000000021245e+01 2.113952230755618984e+03 1.224728123124450758e+04
2.450000000000021316e+01 2.113955555565963550e+03 1.200319954243529173e+04
2.455000000000021387e+01 2.113958810393121439e+03 1.176425463403913818e+04
2.460000000000021458e+01 2.113961996717304828e+03 1.153033788711561101e+04
2.465000000000021529e+01 2.113965115987386980e+03 1.130134298127059446e+04
2.470000000000021600e+01 2.113968169621566176e+03 1.107716584604232412e+04
2.475000000000021672e+01 2.113971159008016457e+03 1.085770461333268395e+04
2.480000000000021743e+01 2.113974085505515632e+03 1.064285957052068807e+04
2.485000000000021814e+01 2.113976950444081467e+03 1.043253311548694364e+04
2.490000000000021885e+01 2.113979755125567863e+03 1.022662971136008309e+04
2.495000000000021956e+01 2.113982500824265117e+03 1.002505584301264753e+04
2.500000000000022027e+01 2.113985188787487914e+03 9.827719974492221809e+03
