0.000000000000000000e+00 2.940000000000009663e+02 2.997531357936318320e-08
5.000000000000000278e-02 2.832952022651921880e+02 2.544590502050287649e+07
1.000000000000000056e-01 2.822259657141062803e+02 3.852953669919839501e+07
1.500000000000000222e-01 2.857860080586762592e+02 4.646211796593376994e+07
2.000000000000000111e-01 2.921476221759531882e+02 5.143719487594352663e+07
2.500000000000000000e-01 3.003047826243928853e+02 5.457149184086857736e+07
2.999999999999999889e-01 3.096386391262562938e+02 5.652781973483531922e+07
3.499999999999999778e-01 3.197538470702178870e+02 5.772175678084865212e+07
3.999999999999999667e-01 3.303940245316424580e+02 5.841971650711289048e+07
4.499999999999999556e-01 3.413916772665904773e+02 5.879413627675776929e+07
4.999999999999999445e-01 3.526368232361234618e+02 5.895710634348911792e+07
5.499999999999999334e-01 3.640568751765175648e+02 5.898162693086148053e+07
5.999999999999999778e-01 3.756036145509121980e+02 5.891527548046272993e+07
6.500000000000000222e-01 3.872447204838865105e+02 5.878906436476121843e+07
7.000000000000000666e-01 3.989582499892998158e+02 5.862320316870294511e+07
7.500000000000001110e-01 4.107290379965066336e+02 5.843085391014191508e+07
8.000000000000001554e-01 4.225463484758784602e+02 5.822058029056714475e+07
8.500000000000001998e-01 4.344023415695569952e+02 5.799794575042583793e+07
9.000000000000002442e-01 4.462910731470439600e+02 5.776655631065826863e+07
9.500000000000002887e-01 4.582078418120334504e+02 5.752874113895728439e+07
1.000000000000000222e+00 4.701487626644232023e+02 5.728599670154295117e+07
1.050000000000000266e+00 4.821104890522864821e+02 5.703927663040115684e+07
1.100000000000000311e+00 4.940900309106609143e+02 5.678918090613959730e+07
1.150000000000000355e+00 5.060846361414615444e+02 5.653607933822466433e+07
1.200000000000000400e+00 5.180917131435023748e+02 5.628019217268779874e+07
1.250000000000000444e+00 5.301087802079393896e+02 5.602164272614409029e+07
1.300000000000000488e+00 5.421334324583704074e+02 5.576049176845189184e+07
1.350000000000000533e+00 5.541633202541199807e+02 5.549675999791435152e+07
1.400000000000000577e+00 5.661961350889803271e+02 5.523044274813288450e+07
1.450000000000000622e+00 5.782296003967900333e+02 5.496151962685199827e+07
1.500000000000000666e+00 5.902614655750131760e+02 5.468996084830299765e+07
1.550000000000000711e+00 6.022895021244366944e+02 5.441573140799628198e+07
1.600000000000000755e+00 6.143115011859706556e+02 5.413879384926052392e+07
1.650000000000000799e+00 6.263252720052378208e+02 5.385911011011116207e+07
1.700000000000000844e+00 6.383286410184524584e+02 5.357664276895925403e+07
1.750000000000000888e+00 6.503194513592657131e+02 5.329135589674399048e+07
1.800000000000000933e+00 6.622955626554360151e+02 5.300321565072564781e+07
1.850000000000000977e+00 6.742548510292712081e+02 5.271219069799853116e+07
1.900000000000001021e+00 6.861952092451629142e+02 5.241825252602072060e+07
1.950000000000001066e+00 6.981145469666338386e+02 5.212137567740558088e+07
2.000000000000000888e+00 7.100107910977579877e+02 5.182153793314675242e+07
2.050000000000000711e+00 7.218818861918869061e+02 5.151872045993424952e+07
2.100000000000000533e+00 7.337257949158444035e+02 5.121290793166971207e+07
2.150000000000000355e+00 7.455404985611464781e+02 5.090408863168054819e+07
2.200000000000000178e+00 7.573239975959692174e+02 5.059225453978487849e+07
2.250000000000000000e+00 7.690743122530061555e+02 5.027740140683549643e+07
2.299999999999999822e+00 7.807894831492224057e+02 4.995952881838526577e+07
2.349999999999999645e+00 7.924675719340992828e+02 4.963864024848150462e+07
2.399999999999999467e+00 8.041066619632745187e+02 4.931474310418948531e+07
2.449999999999999289e+00 8.157048589947352184e+02 4.898784876118995994e+07
2.499999999999999112e+00 8.272602919048113108e+02 4.865797259063588083e+07
2.549999999999998934e+00 8.387711134212911475e+02 4.832513397735857964e+07
2.599999999999998757e+00 8.502355008710337643e+02 4.798935632946255058e+07
2.649999999999998579e+00 8.616516569394584621e+02 4.765066707932190597e+07
2.699999999999998401e+00 8.730178104392959995e+02 4.730909767598546296e+07
2.749999999999998224e+00 8.843322170859910329e+02 4.696468356900305301e+07
2.799999999999998046e+00 8.955931602771612461e+02 4.661746418369908631e+07
2.849999999999997868e+00 9.067989518735145111e+02 4.626748288793823868e+07
2.899999999999997691e+00 9.179479329786400967e+02 4.591478695045044273e+07
2.949999999999997513e+00 9.290384747151094871e+02 4.555942749080655724e+07
2.999999999999997335e+00 9.400689789943510277e+02 4.520145942116214335e+07
3.049999999999997158e+00 9.510378792777803483e+02 4.484094137991271913e+07
3.099999999999996980e+00 9.619436413267410444e+02 4.447793565743137151e+07
3.149999999999996803e+00 9.727847639388058951e+02 4.411250811408473551e+07
3.199999999999996625e+00 9.835597796681020100e+02 4.374472809075096250e+07
3.249999999999996447e+00 9.942672555273359194e+02 4.337466831208755821e+07
3.299999999999996270e+00 1.004905793669293985e+03 4.300240478282152861e+07
3.349999999999996092e+00 1.015474032045671265e+03 4.262801667735854536e+07
3.399999999999995914e+00 1.025970645041131775e+03 4.225158622302942723e+07
3.449999999999995737e+00 1.036394344080642895e+03 4.187319857731229067e+07
3.499999999999995559e+00 1.046743878208181968e+03 4.149294169939071685e+07
3.549999999999995381e+00 1.057018034635039839e+03 4.111090621642189473e+07
3.599999999999995204e+00 1.067215639256033683e+03 4.072718528490886092e+07
3.649999999999995026e+00 1.077335557132078065e+03 4.034187444758263230e+07
3.699999999999994849e+00 1.087376692937652479e+03 3.995507148621335626e+07
3.749999999999994671e+00 1.097337991371842691e+03 3.956687627077902108e+07
3.799999999999994493e+00 1.107218437531760401e+03 3.917739060543072224e+07
3.849999999999994316e+00 1.117017057247230696e+03 3.878671807169754803e+07
3.899999999999994138e+00 1.126732917375843726e+03 3.839496386938085407e+07
3.949999999999993960e+00 1.136365126057500447e+03 3.800223465558778495e+07
3.999999999999993783e+00 1.145912832927800991e+03 3.760863838235700876e+07
4.049999999999993605e+00 1.155375229289687923e+03 3.721428413332569599e+07
4.099999999999993427e+00 1.164751548242934859e+03 3.681928195988485962e+07
4.149999999999993250e+00 1.174041064771165566e+03 3.642374271726433933e+07
4.199999999999993072e+00 1.183243095786249796e+03 3.602777790098170936e+07
4.249999999999992895e+00 1.192357000130021333e+03 3.563149948407992721e+07
4.299999999999992717e+00 1.201382178533399610e+03 3.523501975556947291e+07
4.349999999999992539e+00 1.210318073533124334e+03 3.483845116047672182e+07
4.399999999999992362e+00 1.219164169346430072e+03 3.444190614188884944e+07
4.449999999999992184e+00 1.227919991704077120e+03 3.404549698536834866e+07
4.499999999999992006e+00 1.236585107642310959e+03 3.364933566609684378e+07
4.549999999999991829e+00 1.245159125254388755e+03 3.325353369908791408e+07
4.599999999999991651e+00 1.253641693402437568e+03 3.285820199279269949e+07
4.649999999999991473e+00 1.262032501390488051e+03 3.246345070640141889e+07
4.699999999999991296e+00 1.270331278599634061e+03 3.206938911112502217e+07
4.749999999999991118e+00 1.278537794086344547e+03 3.167612545571994781e+07
4.799999999999990941e+00 1.286651856145038892e+03 3.128376683649955690e+07
4.849999999999990763e+00 1.294673311836101448e+03 3.089241907205183804e+07
4.899999999999990585e+00 1.302602046480589706e+03 3.050218658286407217e+07
4.949999999999990408e+00 1.310437983122949618e+03 3.011317227603273839e+07
4.999999999999990230e+00 1.318181081963102315e+03 2.972547743521371111e+07
5.049999999999990052e+00 1.325831339759315597e+03 2.933920161594865471e+07
5.099999999999989875e+00 1.333388789203323995e+03 2.895444254647981375e+07
5.149999999999989697e+00 1.340853498269190823e+03 2.857129603414674103e+07
5.199999999999989519e+00 1.348225569537428782e+03 2.818985587743460387e+07
5.249999999999989342e+00 1.355505139495954381e+03 2.781021378372772038e+07
5.299999999999989164e+00 1.362692377819416151e+03 2.743245929279781505e+07
5.349999999999988987e+00 1.369787486628493525e+03 2.705667970604076609e+07
5.399999999999988809e+00 1.376790699730757524e+03 2.668296002145665884e+07
5.449999999999988631e+00 1.383702281844683057e+03 2.631138287434840947e+07
5.499999999999988454e+00 1.390522527808392852e+03 2.594202848370027170e+07
5.549999999999988276e+00 1.397251761774724400e+03 2.557497460418029130e+07
5.599999999999988098e+00 1.403890336394183578e+03 2.521029648369501531e+07
5.649999999999987921e+00 1.410438631987334020e+03 2.484806682641236484e+07
5.699999999999987743e+00 1.416897055708150674e+03 2.448835576115427539e+07
5.749999999999987566e+00 1.423266040699846371e+03 2.413123081504848227e+07
5.799999999999987388e+00 1.429546045244637526e+03 2.377675689231834561e+07
5.849999999999987210e+00 1.435737551908905516e+03 2.342499625807878003e+07
5.899999999999987033e+00 1.441841066685142323e+03 2.307600852699688077e+07
5.949999999999986855e+00 1.447857118132067853e+03 2.272985065666794777e+07
5.999999999999986677e+00 1.453786256514234765e+03 2.238657694555056468e+07
6.049999999999986500e+00 1.459629052942406133e+03 2.204623903529580310e+07
6.099999999999986322e+00 1.465386098515959930e+03 2.170888591730341315e+07
6.149999999999986144e+00 1.471058003468493098e+03 2.137456394333026558e+07
6.199999999999985967e+00 1.476645396317790983e+03 2.104331683997400478e+07
6.249999999999985789e+00 1.482148923021238943e+03 2.071518572685078159e+07
6.299999999999985612e+00 1.487569246137735718e+03 2.039020913828542084e+07
6.349999999999985434e+00 1.492907043997097162e+03 2.006842304832885414e+07
6.399999999999985256e+00 1.498163009877889863e+03 1.974986089891836420e+07
6.449999999999985079e+00 1.503337851194589803e+03 1.943455363099549338e+07
6.499999999999984901e+00 1.508432288694900080e+03 1.912252971839739755e+07
6.549999999999984723e+00 1.513447055668018493e+03 1.881381520433804020e+07
6.599999999999984546e+00 1.518382897164579390e+03 1.850843374029779062e+07
6.649999999999984368e+00 1.523240569228962613e+03 1.820640662714252993e+07
6.699999999999984190e+00 1.528020838144600475e+03 1.790775285829531029e+07
6.749999999999984013e+00 1.532724479692843033e+03 1.761248916478710249e+07
6.799999999999983835e+00 1.537352278425953045e+03 1.732063006201731041e+07
6.849999999999983658e+00 1.541905026954669665e+03 1.703218789805752039e+07
6.899999999999983480e+00 1.546383525250815865e+03 1.674717290333793126e+07
6.949999999999983302e+00 1.550788579965303370e+03 1.646559324155757204e+07
6.999999999999983125e+00 1.555121003761907104e+03 1.618745506166773289e+07
7.049999999999982947e+00 1.559381614667103349e+03 1.591276255078075454e+07
7.099999999999982769e+00 1.563571235436214920e+03 1.564151798786107637e+07
7.149999999999982592e+00 1.567690692936101186e+03 1.537372179806310870e+07
7.199999999999982414e+00 1.571740817544562788e+03 1.510937260758356564e+07
7.249999999999982236e+00 1.575722442566591781e+03 1.484846729890268669e+07
7.299999999999982059e+00 1.579636403667599097e+03 1.459100106629430316e+07
7.349999999999981881e+00 1.583483538323647736e+03 1.433696747148946859e+07
7.399999999999981704e+00 1.587264685288773535e+03 1.408635849938554130e+07
7.449999999999981526e+00 1.590980684079356706e+03 1.383916461369643174e+07
7.499999999999981348e+00 1.594632374475550023e+03 1.359537481244679540e+07
7.549999999999981171e+00 1.598220596039698876e+03 1.335497668321833573e+07
7.599999999999980993e+00 1.601746187651660193e+03 1.311795645806036144e+07
7.649999999999980815e+00 1.605209987060947242e+03 1.288429906798454560e+07
7.699999999999980638e+00 1.608612830455533185e+03 1.265398819696747139e+07
7.749999999999980460e+00 1.611955552047193123e+03 1.242700633538977429e+07
7.799999999999980282e+00 1.615238983673205212e+03 1.220333483284748159e+07
7.849999999999980105e+00 1.618463954414196678e+03 1.198295395027317107e+07
7.899999999999979927e+00 1.621631290227977615e+03 1.176584291131336614e+07
7.949999999999979750e+00 1.624741813599081297e+03 1.155197995290882885e+07
7.999999999999979572e+00 1.627796343203815013e+03 1.134134237503270619e+07
8.049999999999979394e+00 1.630795693590540395e+03 1.113390658954406343e+07
8.099999999999980105e+00 1.633740674874945398e+03 1.092964816811828688e+07
8.149999999999980815e+00 1.636632092450000755e+03 1.072854188922153600e+07
8.199999999999981526e+00 1.639470746710336243e+03 1.053056178409829736e+07
8.249999999999982236e+00 1.642257432790748226e+03 1.033568118174689263e+07
8.299999999999982947e+00 1.644992940318505589e+03 1.014387275285924040e+07
8.349999999999983658e+00 1.647678053179173958e+03 9.955108552706288174e+06
8.399999999999984368e+00 1.650313549295638268e+03 9.769360062953801826e+06
8.449999999999985079e+00 1.652900200419986504e+03 9.586598232394248247e+06
8.499999999999985789e+00 1.655438771937963793e+03 9.406793516585892066e+06
8.549999999999986500e+00 1.657930022685624181e+03 9.229915916391370818e+06
8.599999999999987210e+00 1.660374704777911347e+03 9.055935015411932021e+06
8.649999999999987921e+00 1.662773563448777622e+03 8.884820016314182431e+06
8.699999999999988631e+00 1.665127336902564821e+03 8.716539776050209999e+06
8.749999999999989342e+00 1.667436756176273320e+03 8.551062839973507449e+06
8.799999999999990052e+00 1.669702545012415840e+03 8.388357474854296073e+06
8.849999999999990763e+00 1.671925419742122813e+03 8.228391700801295228e+06
8.899999999999991473e+00 1.674106089178162392e+03 8.071133322097156197e+06
8.949999999999992184e+00 1.676245254517569037e+03 7.916549956957998686e+06
8.999999999999992895e+00 1.678343609253537352e+03 7.764609066226609051e+06
9.049999999999993605e+00 1.680401839096283084e+03 7.615277981013563462e+06
9.099999999999994316e+00 1.682420621902539096e+03 7.468523929297961295e+06
9.149999999999995026e+00 1.684400627613392089e+03 7.324314061504119076e+06
9.199999999999995737e+00 1.686342518200141058e+03 7.182615475068995729e+06
9.249999999999996447e+00 1.688246947617878050e+03 7.043395238016934134e+06
9.299999999999997158e+00 1.690114561766500174e+03 6.906620411560509354e+06
9.349999999999997868e+00 1.691945998458852728e+03 6.772258071743855253e+06
9.399999999999998579e+00 1.693741887395724007e+03 6.640275330148768611e+06
9.449999999999999289e+00 1.695502850147405297e+03 6.510639353682547808e+06
9.500000000000000000e+00 1.697229500141544349e+03 6.383317383467142470e+06
9.550000000000000711e+00 1.698922442657013789e+03 6.258276752850338817e+06
9.600000000000001421e+00 1.700582274823555053e+03 6.135484904559893534e+06
9.650000000000002132e+00 1.702209585626902935e+03 6.014909407020474784e+06
9.700000000000002842e+00 1.703804955919175427e+03 5.896517969855841249e+06
9.750000000000003553e+00 1.705368958434255092e+03 5.780278458596144803e+06
9.800000000000004263e+00 1.706902157807950289e+03 5.666158908613441512e+06
9.850000000000004974e+00 1.708405110602672721e+03 5.554127538304688409e+06
9.900000000000005684e+00 1.709878365336431671e+03 5.444152761545632035e+06
9.950000000000006395e+00 1.711322462515912093e+03 5.336203199435703456e+06
1.000000000000000711e+01 1.712737934673422387e+03 5.230247691355613992e+06
1.005000000000000782e+01 1.714125306407506287e+03 5.126255305358467624e+06
1.010000000000000853e+01 1.715485094427017202e+03 5.024195347915783525e+06
1.015000000000000924e+01 1.716817807598469699e+03 4.924037373039441183e+06
1.020000000000000995e+01 1.718123946996444147e+03 4.825751190798576921e+06
1.025000000000001066e+01 1.719404005956923356e+03 4.729306875254358165e+06
1.030000000000001137e+01 1.720658470133311312e+03 4.634674771829687990e+06
1.035000000000001208e+01 1.721887817555024412e+03 4.541825504136378877e+06
1.040000000000001279e+01 1.723092518688446262e+03 4.450729980276793242e+06
1.045000000000001350e+01 1.724273036500124590e+03 4.361359398641377687e+06
1.050000000000001421e+01 1.725429826522016583e+03 4.273685253218861297e+06
1.055000000000001492e+01 1.726563336918660980e+03 4.187679338438340463e+06
1.060000000000001563e+01 1.727674008556138233e+03 4.103313753562213853e+06
1.065000000000001634e+01 1.728762275072646844e+03 4.020560906645612791e+06
1.070000000000001705e+01 1.729828562950610376e+03 3.939393518081749789e+06
1.075000000000001776e+01 1.730873291590144618e+03 3.859784623748430517e+06
1.080000000000001847e+01 1.731896873383799630e+03 3.781707577773125842e+06
1.085000000000001918e+01 1.732899713792423654e+03 3.705136054932377301e+06
1.090000000000001990e+01 1.733882211422067485e+03 3.630044052701355424e+06
1.095000000000002061e+01 1.734844758101804018e+03 3.556405892968869768e+06
1.100000000000002132e+01 1.735787738962364983e+03 3.484196223432360683e+06
1.105000000000002203e+01 1.736711532515494127e+03 3.413390018688201439e+06
1.110000000000002274e+01 1.737616510733913628e+03 3.343962581029707566e+06
1.115000000000002345e+01 1.738503039131845526e+03 3.275889540968834423e+06
1.120000000000002416e+01 1.739371476845948791e+03 3.209146857492676936e+06
1.125000000000002487e+01 1.740222176716646572e+03 3.143710818068935070e+06
1.130000000000002558e+01 1.741055485369720827e+03 3.079558038412264548e+06
1.135000000000002629e+01 1.741871743298120464e+03 3.016665462023637723e+06
1.140000000000002700e+01 1.742671284943909086e+03 2.955010359514870215e+06
1.145000000000002771e+01 1.743454438780286637e+03 2.894570327728536446e+06
1.150000000000002842e+01 1.744221527393600809e+03 2.835323288665486500e+06
1.155000000000002913e+01 1.744972867565328443e+03 2.777247488229569513e+06
1.160000000000002984e+01 1.745708770353920272e+03 2.720321494800405111e+06
1.165000000000003055e+01 1.746429541176490147e+03 2.664524197643580381e+06
1.170000000000003126e+01 1.747135479890278475e+03 2.609834805167847313e+06
1.175000000000003197e+01 1.747826880873844857e+03 2.556232843038745224e+06
1.180000000000003268e+01 1.748504033107957184e+03 2.503698152157226577e+06
1.185000000000003340e+01 1.749167220256093970e+03 2.452210886511773337e+06
1.190000000000003411e+01 1.749816720744579698e+03 2.401751510912280995e+06
1.195000000000003482e+01 1.750452807842251786e+03 2.352300798613619059e+06
1.200000000000003553e+01 1.751075749739662342e+03 2.303839828835912049e+06
1.205000000000003624e+01 1.751685809627772642e+03 2.256349984189627692e+06
1.210000000000003695e+01 1.752283245776097601e+03 2.209812948011760600e+06
1.215000000000003766e+01 1.752868311610286582e+03 2.164210701620311476e+06
1.220000000000003837e+01 1.753441255789090519e+03 2.119525521492472850e+06
1.225000000000003908e+01 1.754002322280717863e+03 2.075739976374360733e+06
1.230000000000003979e+01 1.754551750438529325e+03 2.032836924326263834e+06
1.235000000000004050e+01 1.755089775076066871e+03 1.990799509710569866e+06
1.240000000000004121e+01 1.755616626541383539e+03 1.949611160127009032e+06
1.245000000000004192e+01 1.756132530790662258e+03 1.909255583300023340e+06
1.250000000000004263e+01 1.756637709461121176e+03 1.869716763924397063e+06
1.255000000000004334e+01 1.757132379943137039e+03 1.830978960472611710e+06
1.260000000000004405e+01 1.757616755451654399e+03 1.793026701968868263e+06
1.265000000000004476e+01 1.758091045096779681e+03 1.755844784734204179e+06
1.270000000000004547e+01 1.758555453953628103e+03 1.719418269106897293e+06
1.275000000000004619e+01 1.759010183131342501e+03 1.683732476141150575e+06
1.280000000000004690e+01 1.759455429841335217e+03 1.648772984288805397e+06
1.285000000000004761e+01 1.759891387464698028e+03 1.614525626067363657e+06
1.290000000000004832e+01 1.760318245618801484e+03 1.580976484716463368e+06
1.295000000000004903e+01 1.760736190223067297e+03 1.548111890848397510e+06
1.300000000000004974e+01 1.761145403563913760e+03 1.515918419092963450e+06
1.305000000000005045e+01 1.761546064358849890e+03 1.484382884741218062e+06
1.310000000000005116e+01 1.761938347819758746e+03 1.453492340390681522e+06
1.315000000000005187e+01 1.762322425715312647e+03 1.423234072593437508e+06
1.320000000000005258e+01 1.762698466432566420e+03 1.393595598511291901e+06
1.325000000000005329e+01 1.763066635037692777e+03 1.364564662578240968e+06
1.330000000000005400e+01 1.763427093335885047e+03 1.336129233174284920e+06
1.335000000000005471e+01 1.763779999930414306e+03 1.308277499311269727e+06
1.340000000000005542e+01 1.764125510280832259e+03 1.280997867333143717e+06
1.345000000000005613e+01 1.764463776760360588e+03 1.254278957632566104e+06
1.350000000000005684e+01 1.764794948712415817e+03 1.228109601385459304e+06
1.355000000000005755e+01 1.765119172506315408e+03 1.202478837304607267e+06
1.360000000000005826e+01 1.765436591592140530e+03 1.177375908414313802e+06
1.365000000000005898e+01 1.765747346554789829e+03 1.152790258847659687e+06
1.370000000000005969e+01 1.766051575167186911e+03 1.128711530666660285e+06
1.375000000000006040e+01 1.766349412442682251e+03 1.105129560707461787e+06
1.380000000000006111e+01 1.766640990686646091e+03 1.082034377451623091e+06
1.385000000000006182e+01 1.766926439547230984e+03 1.059416197923628613e+06
1.390000000000006253e+01 1.767205886065360801e+03 1.037265424616556615e+06
1.395000000000006324e+01 1.767479454723906201e+03 1.015572642446473008e+06
1.400000000000006395e+01 1.767747267496058839e+03 9.943286157357650809e+05
1.405000000000006466e+01 1.768009443892956824e+03 9.735242852273603203e+05
1.410000000000006537e+01 1.768266101010496413e+03 9.531507651289465139e+05
1.415000000000006608e+01 1.768517353575394736e+03 9.331993401894402923e+05
1.420000000000006679e+01 1.768763313990493771e+03 9.136614628068959573e+05
1.425000000000006750e+01 1.769004092379285794e+03 8.945287501686098985e+05
1.430000000000006821e+01 1.769239796629720786e+03 8.757929814250470372e+05
1.435000000000006892e+01 1.769470532437256679e+03 8.574460948962437687e+05
1.440000000000006963e+01 1.769696403347183150e+03 8.394801853119033622e+05
1.445000000000007034e+01 1.769917510796218721e+03 8.218875010854611173e+05
1.450000000000007105e+01 1.770133954153408467e+03 8.046604416228164919e+05
1.455000000000007176e+01 1.770345830760292301e+03 7.877915546643994749e+05
1.460000000000007248e+01 1.770553235970390688e+03 7.712735336623842595e+05
1.465000000000007319e+01 1.770756263187996410e+03 7.550992151925474172e+05
1.470000000000007390e+01 1.770955003906287857e+03 7.392615764003884979e+05
1.475000000000007461e+01 1.771149547744767233e+03 7.237537324825070100e+05
1.480000000000007532e+01 1.771339982486035751e+03 7.085689342026439263e+05
1.485000000000007603e+01 1.771526394111913760e+03 6.937005654422316002e+05
1.490000000000007674e+01 1.771708866838921267e+03 6.791421407862842316e+05
1.495000000000007745e+01 1.771887483153106359e+03 6.648873031431774143e+05
1.500000000000007816e+01 1.772062323844263574e+03 6.509298214000036241e+05
1.505000000000007887e+01 1.772233468039517220e+03 6.372635881114872172e+05
1.510000000000007958e+01 1.772400993236303066e+03 6.238826172242887551e+05
1.515000000000008029e+01 1.772564975334745668e+03 6.107810418346223887e+05
1.520000000000008100e+01 1.772725488669439983e+03 5.979531119806236820e+05
1.525000000000008171e+01 1.772882606040648170e+03 5.853931924681096571e+05
1.530000000000008242e+01 1.773036398744927510e+03 5.730957607306013815e+05
1.535000000000008313e+01 1.773186936605181472e+03 5.610554047220371431e+05
1.540000000000008384e+01 1.773334288000158722e+03 5.492668208436595742e+05
1.545000000000008455e+01 1.773478519893396424e+03 5.377248119029371301e+05
1.550000000000008527e+01 1.773619697861634450e+03 5.264242851060000248e+05
1.555000000000008598e+01 1.773757886122676155e+03 5.153602500821413705e+05
1.560000000000008669e+01 1.773893147562738704e+03 5.045278169404577930e+05
1.565000000000008740e+01 1.774025543763294309e+03 4.939221943585585104e+05
1.570000000000008811e+01 1.774155135027380311e+03 4.835386877028790768e+05
1.575000000000008882e+01 1.774281980405429294e+03 4.733726971800522879e+05
1.580000000000008953e+01 1.774406137720599418e+03 4.634197160192402662e+05
1.585000000000009024e+01 1.774527663593623174e+03 4.536753286856163759e+05
1.590000000000009095e+01 1.774646613467182760e+03 4.441352091234793188e+05
1.595000000000009166e+01 1.774763041629804775e+03 4.347951190295295673e+05
1.600000000000009237e+01 1.774877001239322453e+03 4.256509061560860137e+05
1.605000000000009308e+01 1.774988544345855416e+03 4.166985026432726881e+05
1.610000000000009379e+01 1.775097721914361045e+03 4.079339233801272931e+05
1.615000000000009450e+01 1.775204583846754304e+03 3.993532643945302116e+05
1.620000000000009521e+01 1.775309179003579629e+03 3.909527012710277340e+05
1.625000000000009592e+01 1.775411555225283792e+03 3.827284875969648128e+05
1.630000000000009663e+01 1.775511759353050820e+03 3.746769534354392672e+05
1.635000000000009734e+01 1.775609837249255179e+03 3.667945038264069008e+05
1.640000000000009805e+01 1.775705833817486109e+03 3.590776173133940902e+05
1.645000000000009877e+01 1.775799793022208178e+03 3.515228444974768208e+05
1.650000000000009948e+01 1.775891757908013460e+03 3.441268066171715618e+05
1.655000000000010019e+01 1.775981770618504925e+03 3.368861941535482765e+05
1.660000000000010090e+01 1.776069872414808515e+03 3.297977654614481144e+05
1.665000000000010161e+01 1.776156103693713703e+03 3.228583454247263144e+05
1.670000000000010232e+01 1.776240504005453658e+03 3.160648241369812749e+05
1.675000000000010303e+01 1.776323112071145715e+03 3.094141556059692521e+05
1.680000000000010374e+01 1.776403965799877824e+03 3.029033564821192995e+05
1.685000000000010445e+01 1.776483102305442117e+03 2.965295048102976871e+05
1.690000000000010516e+01 1.776560557922757653e+03 2.902897388051630696e+05
1.695000000000010587e+01 1.776636368223955515e+03 2.841812556489027920e+05
1.700000000000010658e+01 1.776710568034139214e+03 2.782013103117502178e+05
1.705000000000010729e+01 1.776783191446833143e+03 2.723472143943511765e+05
1.710000000000010800e+01 1.776854271839123385e+03 2.666163349920703913e+05
1.715000000000010871e+01 1.776923841886494756e+03 2.610060935805081972e+05
1.720000000000010942e+01 1.776991933577359077e+03 2.555139649221377040e+05
1.725000000000011013e+01 1.777058578227307862e+03 2.501374759938162751e+05
1.730000000000011084e+01 1.777123806493072607e+03 2.448742049345250707e+05
1.735000000000011156e+01 1.777187648386189949e+03 2.397217800129901152e+05
1.740000000000011227e+01 1.777250133286413529e+03 2.346778786156289570e+05
1.745000000000011298e+01 1.777311289954833910e+03 2.297402262530177250e+05
1.750000000000011369e+01 1.777371146546748832e+03 2.249065955859117093e+05
1.755000000000011440e+01 1.777429730624261765e+03 2.201748054702372465e+05
1.760000000000011511e+01 1.777487069168630569e+03 2.155427200200534426e+05
1.765000000000011582e+01 1.777543188592364459e+03 2.110082476885484939e+05
1.770000000000011653e+01 1.777598114751074263e+03 2.065693403674214787e+05
1.775000000000011724e+01 1.777651872955080535e+03 2.022239925031441089e+05
1.780000000000011795e+01 1.777704487980787007e+03 1.979702402306933363e+05
1.785000000000011866e+01 1.777755984081820770e+03 1.938061605240984354e+05
1.790000000000011937e+01 1.777806384999946658e+03 1.897298703636575956e+05
1.795000000000012008e+01 1.777855713975759272e+03 1.857395259192195663e+05
1.800000000000012079e+01 1.777903993759150126e+03 1.818333217497621081e+05
1.805000000000012150e+01 1.777951246619572203e+03 1.780094900184359576e+05
1.810000000000012221e+01 1.777997494356076913e+03 1.742662997231500631e+05
1.815000000000012292e+01 1.778042758307167787e+03 1.706020559424513776e+05
1.820000000000012363e+01 1.778087059360428839e+03 1.670150990960235940e+05
1.825000000000012434e+01 1.778130417961973762e+03 1.635038042199591873e+05
1.830000000000012506e+01 1.778172854125688218e+03 1.600665802563073812e+05
1.835000000000012577e+01 1.778214387442290672e+03 1.567018693567248411e+05
1.840000000000012648e+01 1.778255037088197696e+03 1.534081462001644250e+05
1.845000000000012719e+01 1.778294821834218283e+03 1.501839173238242802e+05
1.850000000000012790e+01 1.778333760054059667e+03 1.470277204675089451e+05
1.855000000000012861e+01 1.778371869732654432e+03 1.439381239310472156e+05
1.860000000000012932e+01 1.778409168474335274e+03 1.409137259449804260e+05
1.865000000000013003e+01 1.778445673510812412e+03 1.379531540529096965e+05
1.870000000000013074e+01 1.778481401709008878e+03 1.350550645071202889e+05
1.875000000000013145e+01 1.778516369578728700e+03 1.322181416760178690e+05
1.880000000000013216e+01 1.778550593280152725e+03 1.294410974631108547e+05
1.885000000000013287e+01 1.778584088631199393e+03 1.267226707381893502e+05
1.890000000000013358e+01 1.778616871114716787e+03 1.240616267796634638e+05
1.895000000000013429e+01 1.778648955885541000e+03 1.214567567284796096e+05
1.900000000000013500e+01 1.778680357777384643e+03 1.189068770521011465e+05
1.905000000000013571e+01 1.778711091309608264e+03 1.164108290207023092e+05
1.910000000000013642e+01 1.778741170693836011e+03 1.139674781929688033e+05
1.915000000000013713e+01 1.778770609840436919e+03 1.115757139124727109e+05
1.920000000000013785e+01 1.778799422364869770e+03 1.092344488144970092e+05
1.925000000000013856e+01 1.778827621593900858e+03 1.069426183427858196e+05
1.930000000000013927e+01 1.778855220571686459e+03 1.046991802757092810e+05
1.935000000000013998e+01 1.778882232065733888e+03 1.025031142627821828e+05
1.940000000000014069e+01 1.778908668572734769e+03 1.003534213701787376e+05
1.945000000000014140e+01 1.778934542324271206e+03 9.824912363498152990e+04
1.950000000000014211e+01 1.778959865292426230e+03 9.618926362997561228e+04
1.955000000000014282e+01 1.778984649195237125e+03 9.417290403548994800e+04
1.960000000000014353e+01 1.779008905502073958e+03 9.219912722149399633e+04
1.965000000000014424e+01 1.779032645438890086e+03 9.026703483751247404e+04
1.970000000000014495e+01 1.779055879993348981e+03 8.837574741086689755e+04
1.975000000000014566e+01 1.779078619919874200e+03 8.652440395347957383e+04
1.980000000000014637e+01 1.779100875744563609e+03 8.471216157647222281e+04
1.985000000000014708e+01 1.779122657770022897e+03 8.293819511286838679e+04
1.990000000000014779e+01 1.779143976080078119e+03 8.120169674767780816e+04
1.995000000000014850e+01 1.779164840544417075e+03 7.950187565605266718e+04
2.000000000000014921e+01 1.779185260823101999e+03 7.783795764857994800e+04
2.005000000000014992e+01 1.779205246371007206e+03 7.620918482373836741e+04
2.010000000000015064e+01 1.779224806442160570e+03 7.461481522798551305e+04
2.015000000000015135e+01 1.779243950093992908e+03 7.305412252231253660e+04
2.020000000000015206e+01 1.779262686191492094e+03 7.152639565590237908e+04
2.025000000000015277e+01 1.779281023411285105e+03 7.003093854661392106e+04
2.030000000000015348e+01 1.779298970245611599e+03 6.856706976768004824e+04
2.035000000000015419e+01 1.779316535006238382e+03 6.713412224158359459e+04
2.040000000000015490e+01 1.779333725828276783e+03 6.573144293926260434e+04
2.045000000000015561e+01 1.779350550673921134e+03 6.435839258647253882e+04
2.050000000000015632e+01 1.779367017336114259e+03 6.301434537559847377e+04
2.055000000000015703e+01 1.779383133442130202e+03 6.169868868366416427e+04
2.060000000000015774e+01 1.779398906457084877e+03 6.041082279626065429e+04
2.065000000000015845e+01 1.779414343687373957e+03 5.915016063685738482e+04
2.070000000000015916e+01 1.779429452284030276e+03 5.791612750207768840e+04
2.075000000000015987e+01 1.779444239246023244e+03 5.670816080236297421e+04
2.080000000000016058e+01 1.779458711423477553e+03 5.552570980785252323e+04
2.085000000000016129e+01 1.779472875520834805e+03 5.436823539977350447e+04
2.090000000000016200e+01 1.779486738099931472e+03 5.323520982664245821e+04
2.095000000000016271e+01 1.779500305583033878e+03 5.212611646594586637e+04
2.100000000000016342e+01 1.779513584255795877e+03 5.104044959069226752e+04
2.105000000000016414e+01 1.779526580270146496e+03 4.997771414028536674e+04
2.110000000000016485e+01 1.779539299647141888e+03 4.893742549699025403e+04
2.115000000000016556e+01 1.779551748279732237e+03 4.791910926653532078e+04
2.120000000000016627e+01 1.779563931935481151e+03 4.692230106308552786e+04
2.125000000000016698e+01 1.779575856259230477e+03 4.594654629937697609e+04
2.130000000000016769e+01 1.779587526775699644e+03 4.499139998055770411e+04
2.135000000000016840e+01 1.779598948892033150e+03 4.405642650267695717e+04
2.140000000000016911e+01 1.779610127900310090e+03 4.314119945551944693e+04
2.145000000000016982e+01 1.779621068979973415e+03 4.224530142888055707e+04
2.150000000000017053e+01 1.779631777200222132e+03 4.136832382355131995e+04
2.155000000000017124e+01 1.779642257522360069e+03 4.050986666615583817e+04
2.160000000000017195e+01 1.779652514802080532e+03 3.966953842735318176e+04
2.165000000000017266e+01 1.779662553791713435e+03 3.884695584456820507e+04
2.170000000000017337e+01 1.779672379142417867e+03 3.804174374791868468e+04
2.175000000000017408e+01 1.779681995406330543e+03 3.725353488959134120e+04
2.180000000000017479e+01 1.779691407038674015e+03 3.648196977768852230e+04
2.185000000000017550e+01 1.779700618399812129e+03 3.572669651246636931e+04
2.190000000000017621e+01 1.779709633757262509e+03 3.498737062680291274e+04
2.195000000000017693e+01 1.779718457287679257e+03 3.426365492947438179e+04
2.200000000000017764e+01 1.779727093078774942e+03 3.355521935209595540e+04
2.205000000000017835e+01 1.779735545131212803e+03 3.286174079889929999e+04
2.210000000000017906e+01 1.779743817360458252e+03 3.218290300001608193e+04
2.215000000000017977e+01 1.779751913598592182e+03 3.151839636779602006e+04
2.220000000000018048e+01 1.779759837596076522e+03 3.086791785543563310e+04
2.225000000000018119e+01 1.779767593023501831e+03 3.023117081999824950e+04
2.230000000000018190e+01 1.779775183473269408e+03 2.960786488677853777e+04
2.235000000000018261e+01 1.779782612461263398e+03 2.899771581717901427e+04
2.240000000000018332e+01 1.779789883428482199e+03 2.840044537988245793e+04
2.245000000000018403e+01 1.779796999742620301e+03 2.781578122368315235e+04
2.250000000000018474e+01 1.779803964699633525e+03 2.724345675389317694e+04
2.255000000000018545e+01 1.779810781525265611e+03 2.668321101053641178e+04
2.260000000000018616e+01 1.779817453376535923e+03 2.613478854972266709e+04
2.265000000000018687e+01 1.779823983343209420e+03 2.559793932744705671e+04
2.270000000000018758e+01 1.779830374449220471e+03 2.507241858541741749e+04
2.275000000000018829e+01 1.779836629654075978e+03 2.455798673973761834e+04
2.280000000000018900e+01 1.779842751854225980e+03 2.405440927165173707e+04
2.285000000000018971e+01 1.779848743884408123e+03 2.356145662055577486e+04
2.290000000000019043e+01 1.779854608518954592e+03 2.307890407961158053e+04
2.295000000000019114e+01 1.779860348473083604e+03 2.260653169317506035e+04
2.300000000000019185e+01 1.779865966404153824e+03 2.214412415648305614e+04
2.305000000000019256e+01 1.779871464912896045e+03 2.169147071744528876e+04
2.310000000000019327e+01 1.779876846544620776e+03 2.124836508070691707e+04
2.315000000000019398e+01 1.779882113790395579e+03 2.081460531349017401e+04
2.320000000000019469e+01 1.779887269088201492e+03 2.038999375336171943e+04
2.325000000000019540e+01 1.779892314824056712e+03 1.997433691822269247e+04
2.330000000000019611e+01 1.779897253333135268e+03 1.956744541794696852e+04
2.335000000000019682e+01 1.779902086900837730e+03 1.916913386798065403e+04
2.340000000000019753e+01 1.779906817763854178e+03 1.877922080475764233e+04
2.345000000000019824e+01 1.779911448111205800e+03 1.839752860287602743e+04
2.350000000000019895e+01 1.779915980085254432e+03 1.802388339398803146e+04
2.355000000000019966e+01 1.779920415782698456e+03 1.765811498759326423e+04
2.360000000000020037e+01 1.779924757255541408e+03 1.730005679305137164e+04
2.365000000000020108e+01 1.779929006512051956e+03 1.694954574376054006e+04
2.370000000000020179e+01 1.779933165517689531e+03 1.660642222271647188e+04
2.375000000000020250e+01 1.779937236196012236e+03 1.627052998934333300e+04
2.380000000000020322e+01 1.779941220429579062e+03 1.594171610852292361e+04
2.385000000000020393e+01 1.779945120060816407e+03 1.561983088059387046e+04
2.390000000000020464e+01 1.779948936892869824e+03 1.530472777254813991e+04
2.395000000000020535e+01 1.779952672690453710e+03 1.499626335209487843e+04
2.400000000000020606e+01 1.779956329180653483e+03 1.469429722098261664e+04
2.405000000000020677e+01 1.779959908053737990e+03 1.439869195170867533e+04
2.410000000000020748e+01 1.779963410963940532e+03 1.410931302428688468e+04
2.415000000000020819e+01 1.779966839530227844e+03 1.382602876511524664e+04
2.420000000000020890e+01 1.779970195337049972e+03 1.354871028631875924e+04
2.425000000000020961e+01 1.779973479935072874e+03 1.327723142734437533e+04
2.430000000000021032e+01 1.779976694841906692e+03 1.301146869701846299e+04
2.435000000000021103e+01 1.779979841542802205e+03 1.275130121725766548e+04
2.440000000000021174e+01 1.779982921491341585e+03 1.249661066756744731e+04
2.445000000000021245e+01 1.779985936110113926e+03 1.224728123124450758e+04
2.450000000000021316e+01 1.779988886791380537e+03 1.200319954243529173e+04
2.455000000000021387e+01 1.779991774897712503e+03 1.176425463403913818e+04
2.460000000000021458e+01 1.779994601762628918e+03 1.153033788711561101e+04
2.465000000000021529e+01 1.779997368691214433e+03 1.130134298127059446e+04
2.470000000000021600e+01 1.780000076960726119e+03 1.107716584604232412e+04
2.475000000000021672e+01 1.780002727821187364e+03 1.085770461333268395e+04
2.480000000000021743e+01 1.780005322495961309e+03 1.064285957052068807e+04
2.485000000000021814e+01 1.780007862182332246e+03 1.043253311548694364e+04
2.490000000000021885e+01 1.780010348052048357e+03 1.022662971136008309e+04
2.495000000000021956e+01 1.780012781251871729e+03 1.002505584301264753e+04
2.500000000000022027e+01 1.780015162904112685e+03 9.827719974492221809e+03
