0 0
0.1 -6.681694874047122e-49
0.2 -3.19410515606575e-44
0.3 -1.546914653287229e-26
0.4 -4.317427298614947e-26
0.5 -7.087939943942665e-26
0.6 -9.858452589270387e-26
0.7 -1.26289652345981e-25
0.7999999999999999 -1.539947787992583e-25
0.8999999999999999 -1.816999052525354e-25
0.9999999999999999 -2.094050317058126e-25
1.1 -2.371101581590898e-25
1.2 -2.648152846123671e-25
1.3 -2.925204110656443e-25
1.4 -3.202255375189215e-25
1.5 -6.115363065673033e-18
1.6 -2.352226072497834e-17
1.7 -4.092915838428361e-17
1.8 -5.833605604358892e-17
1.900000000000001 -7.574295370289422e-17
2 -9.31498513621995e-17
2.100000000000001 -1.105567490215048e-16
2.200000000000001 -1.279636466808101e-16
2.300000000000001 -1.453705443401154e-16
2.400000000000001 -1.627774419994207e-16
2.500000000000001 -1.80184339658726e-16
2.600000000000001 -1.975912373180313e-16
2.700000000000001 -2.256339472300634e-16
2.800000000000001 -3.167536824311065e-16
2.900000000000001 -7.244136774641095e-16
3.000000000000001 -6.667675230956308e-15
3.100000000000001 -1.593261483451998e-14
3.200000000000002 -4.024939557954551e-14
3.300000000000002 -1.969002180753265e-13
3.400000000000002 -3.535510405711074e-13
3.500000000000002 -5.895743484834511e-13
3.600000000000002 -1.661822171892626e-12
3.700000000000002 -4.521383998035621e-12
3.800000000000002 -1.613399648257787e-08
3.900000000000002 -1.606002662032036e-07
4.000000000000002 -3.050665359238291e-07
4.100000000000001 -4.495328056444542e-07
4.200000000000001 -5.939990753650793e-07
4.300000000000001 -7.384653450857046e-07
4.4 -8.829316148063299e-07
4.5 -1.027397884526955e-06
4.6 -1.17186415424758e-06
4.699999999999999 -1.316330423968206e-06
4.799999999999999 -1.460796693688831e-06
4.899999999999999 -1.605262963409456e-06
4.999999999999998 -1.781712292800243e-06
5.099999999999998 -2.190951570501859e-06
5.199999999999998 -3.495638556710781e-06
5.299999999999997 -5.801790027418602e-06
5.399999999999997 -9.836286774498932e-06
5.499999999999996 -1.714325460611793e-05
5.599999999999996 -3.160348712514934e-05
5.699999999999996 -5.640291791247219e-05
5.799999999999995 -0.0001040014204096201
5.899999999999995 -0.0001946131256333817
5.999999999999995 -0.0003645264840725109
6.099999999999994 -0.0006767064458918279
6.199999999999994 -0.001248907548625394
6.299999999999994 -0.002272099674416964
6.399999999999993 -0.004047642368370304
6.499999999999993 -0.007001724516959918
6.599999999999993 -0.0116507092517307
6.699999999999992 -0.01845691906302342
6.799999999999992 -0.02762040482983263
6.899999999999991 -0.03895459158492753
6.999999999999991 -0.0519498729311168
7.099999999999991 -0.06600759748058391
7.19999999999999 -0.08060541844305549
7.29999999999999 -0.09536761483499269
7.39999999999999 -0.1100600138837708
7.499999999999989 -0.1245464486764334
7.599999999999989 -0.1387551109806777
7.699999999999989 -0.1526546453122484
7.799999999999988 -0.1662361407273575
7.899999999999988 -0.1795022398533107
7.999999999999988 -0.1924613747054429
8.099999999999987 -0.2051253958843825
8.199999999999987 -0.217507841165575
8.299999999999986 -0.2296225780903017
8.399999999999986 -0.2414832370623764
8.499999999999986 -0.2531021888501163
8.599999999999985 -0.2644916245722072
8.699999999999985 -0.275662933661812
8.799999999999985 -0.2866270270991718
8.899999999999984 -0.2973944074820512
8.999999999999984 -0.3079749612907848
9.099999999999984 -0.3183778632484297
9.199999999999983 -0.328611719894547
9.299999999999983 -0.338684601796453
9.399999999999983 -0.3486042110205245
9.499999999999982 -0.3583772970957114
9.599999999999982 -0.3680109014564972
9.699999999999982 -0.3775113662164414
9.799999999999981 -0.386884637584763
9.899999999999981 -0.3961365736862135
9.99999999999998 -0.4052727167928899
10.09999999999998 -0.4142981875494858
10.19999999999998 -0.4232177407914443
10.29999999999998 -0.4320360976391938
10.39999999999998 -0.4407575155244982
10.49999999999998 -0.4493860957349475
10.59999999999998 -0.4579256967972807
10.69999999999998 -0.4663800372375045
10.79999999999998 -0.4747525664782205
10.89999999999998 -0.4830466296594628
10.99999999999998 -0.4912654048604866
11.09999999999998 -0.4994119304307741
11.19999999999998 -0.507489034430154
11.29999999999998 -0.5154993846960276
11.39999999999998 -0.5234456307596941
11.49999999999998 -0.5313302709184693
11.59999999999997 -0.539155696471044
11.69999999999997 -0.5469242269452216
11.79999999999997 -0.554638051996007
11.89999999999997 -0.5622989224515145
11.99999999999997 -0.5699088107842736
12.09999999999997 -0.5774694490972587
12.19999999999997 -0.5849830811930766
12.29999999999997 -0.5924513915463248
12.39999999999997 -0.5998762149885669
12.49999999999997 -0.607258250051716
12.59999999999997 -0.6145986891352085
12.69999999999997 -0.6218997106225299
12.79999999999997 -0.6291627193480158
12.89999999999997 -0.6363889387307841
12.99999999999997 -0.643579548777651
13.09999999999997 -0.6507356849231002
13.19999999999997 -0.6578584791618091
13.29999999999997 -0.6649491061052984
13.39999999999997 -0.6720085567168907
13.49999999999997 -0.6790377777198048
13.59999999999997 -0.6860379339374232
13.69999999999997 -0.6930098645020366
13.79999999999997 -0.6999543174522858
13.89999999999997 -0.7068723862062113
13.99999999999997 -0.7137647300067388
14.09999999999997 -0.7206321579692487
14.19999999999997 -0.7274754682277748
14.29999999999997 -0.7342953730482686
14.39999999999996 -0.741092496435613
14.49999999999996 -0.7478676846859197
14.59999999999996 -0.7546216067571352
14.69999999999996 -0.7613548825113456
14.79999999999996 -0.7680680972157712
14.89999999999996 -0.7747618038642051
14.99999999999996 -0.7814364664706889
15.09999999999996 -0.788092518551355
15.19999999999996 -0.7947303455806515
15.29999999999996 -0.8013503407011865
15.39999999999996 -0.8079535898976689
15.49999999999996 -0.8145406335226457
15.59999999999996 -0.8211116787520524
15.69999999999996 -0.8276670866188067
15.79999999999996 -0.834207335071201
15.89999999999996 -0.8407328230579483
15.99999999999996 -0.8472439634189191
16.09999999999996 -0.8537411186575701
16.19999999999996 -0.8602246465145621
16.29999999999996 -0.8666948785242955
16.39999999999996 -0.8731521733896049
16.49999999999996 -0.8795968962724533
16.59999999999997 -0.8860293803384532
16.69999999999997 -0.8924498335877296
16.79999999999997 -0.898858652245221
16.89999999999997 -0.905256165350535
16.99999999999997 -0.911642578528277
17.09999999999997 -0.9180181314180422
17.19999999999997 -0.9243831694483251
17.29999999999998 -0.9307379252077925
17.39999999999998 -0.9370826592183671
17.49999999999998 -0.943417585878647
17.59999999999998 -0.949742983663617
17.69999999999998 -0.9560590559411922
17.79999999999998 -0.9623659542333941
17.89999999999998 -0.9686639501037048
17.99999999999999 -0.9749532431529376
18.09999999999999 -0.9812340195559808
18.19999999999999 -0.9875065886601241
18.29999999999999 -0.9937711433293605
18.39999999999999 -1.000027842464417
18.49999999999999 -1.006276868467597
18.59999999999999 -1.012518386615746
18.7 -1.018752367375929
18.8 -1.024979016937578
18.9 -1.031198437764817
19 -1.037410718718392
19.1 -1.043616102377211
19.2 -1.049815075254062
19.3 -1.056007695435814
19.40000000000001 -1.062194203731077
19.50000000000001 -1.068374582434306
19.60000000000001 -1.074548803740324
19.70000000000001 -1.080717094338814
19.80000000000001 -1.086879543806825
19.90000000000001 -1.093036302871244
20.00000000000001 -1.099187463386365
20.10000000000002 -1.105333097167551
20.20000000000002 -1.111473281574475
20.30000000000002 -1.117608268587692
20.40000000000002 -1.123738111369949
20.50000000000002 -1.129862924188068
20.60000000000002 -1.135982841334635
20.70000000000002 -1.142097805424983
20.80000000000003 -1.148208006526704
20.90000000000003 -1.154313519548136
21.00000000000003 -1.160414471834862
21.10000000000003 -1.166511033059064
21.20000000000003 -1.172603231753548
21.30000000000003 -1.178691159257525
21.40000000000003 -1.18477490691021
21.50000000000004 -1.190854499416206
21.60000000000004 -1.196930000494946
21.70000000000004 -1.203001519934556
21.80000000000004 -1.209069137186399
21.90000000000004 -1.21513293170184
22.00000000000004 -1.221192938296127
22.10000000000004 -1.22724924544579
22.20000000000005 -1.233301932754824
22.30000000000005 -1.239351074315995
22.40000000000005 -1.245396706259147
22.50000000000005 -1.251438916136502
22.60000000000005 -1.257477746071579
22.70000000000005 -1.263513267554271
22.80000000000005 -1.269545550445463
22.90000000000006 -1.275574639550869
23.00000000000006 -1.281600552531438
23.10000000000006 -1.287623379783655
23.20000000000006 -1.293643174579661
23.30000000000006 -1.299659987712794
23.40000000000006 -1.305673867497601
23.50000000000006 -1.311684859769825
23.60000000000007 -1.317693080388212
23.70000000000007 -1.323698585106875
23.80000000000007 -1.329701397829088
23.90000000000007 -1.335701569525282
24.00000000000007 -1.341699149923069
24.10000000000007 -1.347694187507238
24.20000000000007 -1.353686729519756
24.30000000000008 -1.359676632713238
24.40000000000008 -1.365664026401126
24.50000000000008 -1.371648933353455
24.60000000000008 -1.377631370872432
24.70000000000008 -1.383611353019946
24.80000000000008 -1.389588890617569
24.90000000000008 -1.395564056904779
25.00000000000009 -1.401537196419473
26.00000000000009 -1.410891292523392
27.00000000000009 -1.412765939771649
28.00000000000009 -1.413832690930401
29.00000000000009 -1.414572953594357
30.00000000000009 -1.415137021520819
31.00000000000009 -1.415591058050217
32.00000000000009 -1.415970183724186
33.00000000000009 -1.416294832207743
34.00000000000009 -1.416578408403605
35.00000000000009 -1.416829941964012
36.00000000000009 -1.417055624743985
37.00000000000009 -1.41726006618839
38.00000000000009 -1.417446855069844
39.00000000000009 -1.4176187441523
40.00000000000009 -1.417777906490121
41.00000000000009 -1.417925951445703
42.00000000000009 -1.418064261838506
43.00000000000009 -1.418194006367549
44.00000000000009 -1.418316148559059
45.00000000000009 -1.418431525848077
46.00000000000009 -1.418540847132773
47.00000000000009 -1.418644665381761
48.00000000000009 -1.418743534688618
49.00000000000009 -1.418837813120376
