0 -0
0.1 -0.2888660000000008
0.2 -0.5777319999999989
0.3 -0.8665979999999998
0.4 -1.155464000000001
0.5 -1.444329999999999
0.6 -1.733196
0.7 -2.022062
0.7999999999999999 -2.310928000000001
0.8999999999999999 -2.599793999999999
0.9999999999999999 -2.88866
1.1 -3.177525999999999
1.2 -3.466391999999999
1.3 -3.755258
1.4 -4.044124000000001
1.5 -4.332990000000001
1.6 -4.621856000000001
1.7 -4.910721999999998
1.8 -5.199587999999998
1.900000000000001 -5.488453999999999
2 -5.777319999999996
2.100000000000001 -6.066185999999997
2.200000000000001 -6.355051999999996
2.300000000000001 -6.643917999999996
2.400000000000001 -6.932783999999995
2.500000000000001 -7.221649999999996
2.600000000000001 -7.510515999999993
2.700000000000001 -7.799381999999993
2.800000000000001 -8.088247999999988
2.900000000000001 -8.377113999999967
3.000000000000001 -8.665979999999671
3.100000000000001 -8.954845999999208
3.200000000000002 -9.243711999997993
3.300000000000002 -9.532577999990162
3.400000000000002 -9.82144399998233
3.500000000000002 -10.11030999997053
3.600000000000002 -10.39917599991692
3.700000000000002 -10.68804199977393
3.800000000000002 -10.97690719330018
3.900000000000002 -11.2657659699867
4.000000000000002 -11.55462474667321
4.100000000000001 -11.84348352335972
4.200000000000001 -12.13234230004623
4.300000000000001 -12.42120107673275
4.4 -12.71005985341927
4.5 -12.99891863010577
4.6 -13.28777740679229
4.699999999999999 -13.5766361834788
4.799999999999999 -13.86549496016531
4.899999999999999 -14.15435373685183
4.999999999999998 -14.44321091438536
5.099999999999998 -14.73205645242147
5.199999999999998 -15.02085721807216
5.299999999999997 -15.30960791049863
5.399999999999997 -15.59827218566127
5.499999999999996 -15.88677283726969
5.599999999999996 -16.17491582564373
5.699999999999996 -16.46254185410437
5.799999999999995 -16.74902792897951
5.899999999999995 -17.03336334371832
5.999999999999995 -17.31373367579636
6.099999999999994 -17.58699067770539
6.199999999999994 -17.84724662256871
6.299999999999994 -18.08495301627913
6.399999999999993 -18.28504188158147
6.499999999999993 -18.42620377415199
6.599999999999993 -18.48262053741345
6.699999999999992 -18.43117604684881
6.799999999999992 -18.26186775850835
6.899999999999991 -17.9840244207536
6.999999999999991 -17.62312635344414
7.099999999999991 -17.20910612597078
7.19999999999999 -16.7680810778472
7.29999999999999 -16.31883725825034
7.39999999999999 -15.87308330581144
7.499999999999989 -15.4376275661783
7.599999999999989 -15.01606045096609
7.699999999999989 -14.60994973438755
7.799999999999988 -14.21974096363209
7.899999999999988 -13.84530200733443
7.999999999999988 -13.48621126472782
8.099999999999987 -13.14187620578084
8.199999999999987 -12.81161994172122
8.299999999999986 -12.49474909548488
8.399999999999986 -12.19058214688114
8.499999999999986 -11.89850055749415
8.599999999999985 -11.6178947713896
8.699999999999985 -11.34819531690936
8.799999999999985 -11.08885664504137
8.899999999999984 -10.83935362589739
8.999999999999984 -10.59919193546072
9.099999999999984 -10.36791283757847
9.199999999999983 -10.1450860052726
9.299999999999983 -9.9303079101773
9.399999999999983 -9.72319344897373
9.499999999999982 -9.52340514521438
9.599999999999982 -9.330590927175088
9.699999999999982 -9.14443368917788
9.799999999999981 -8.964636120761794
9.899999999999981 -8.790905315689269
9.99999999999998 -8.622964160355453
10.09999999999998 -8.460556622525649
10.19999999999998 -8.303444960427731
10.29999999999998 -8.151393118040255
10.39999999999998 -8.004188223775026
10.49999999999998 -7.861625213252568
10.59999999999998 -7.723511160135903
10.69999999999998 -7.589660138124714
10.79999999999998 -7.459899676088913
10.89999999999998 -7.334062517026793
10.99999999999998 -7.211989756975602
11.09999999999998 -7.093529478461226
11.19999999999998 -6.978540278492237
11.29999999999998 -6.866888765198549
11.39999999999998 -6.758442462015224
11.49999999999998 -6.65307645407647
11.59999999999997 -6.550671176447724
11.69999999999997 -6.451110652738851
11.79999999999997 -6.354285400199575
11.89999999999997 -6.260107877424201
11.99999999999997 -6.168479460786245
12.09999999999997 -6.079313545136987
12.19999999999997 -5.992497940346089
12.29999999999997 -5.907948422683683
12.39999999999997 -5.825573250571583
12.49999999999997 -5.745337497414112
12.59999999999997 -5.667181543239489
12.69999999999997 -5.590996468873431
12.79999999999997 -5.516712032599121
12.89999999999997 -5.444267063460712
12.99999999999997 -5.373602561117375
13.09999999999997 -5.304661753844898
13.19999999999997 -5.237388041909462
13.29999999999997 -5.171722694734997
13.39999999999997 -5.107616164155364
13.49999999999997 -5.045021114009674
13.59999999999997 -4.983879303128757
13.69999999999997 -4.924148774898074
13.79999999999997 -4.865792127385616
13.89999999999997 -4.808754689689344
13.99999999999997 -4.75300349966296
14.09999999999997 -4.698498101537471
14.19999999999997 -4.645198588611168
14.29999999999997 -4.593069347586464
14.39999999999996 -4.542079178219251
14.49999999999996 -4.492185765703929
14.59999999999996 -4.443355662143134
14.69999999999996 -4.39555787443262
14.79999999999996 -4.34876313921135
14.89999999999996 -4.302943806789635
14.99999999999996 -4.258076676465451
15.09999999999996 -4.214140072432158
15.19999999999996 -4.17111472096731
15.29999999999996 -4.128980964940568
15.39999999999996 -4.087684505116457
15.49999999999996 -4.047198323867597
15.59999999999996 -4.007512062397271
15.69999999999996 -3.96860766905956
15.79999999999996 -3.930461246439828
15.89999999999996 -3.893052847102471
15.99999999999996 -3.856361829053939
16.09999999999996 -3.820370067121369
16.19999999999996 -3.785059674271777
16.29999999999996 -3.750414073785115
16.39999999999996 -3.716415330519652
16.49999999999996 -3.683045186377238
16.59999999999997 -3.650286983077249
16.69999999999997 -3.618130320613439
16.79999999999997 -3.58655538773886
16.89999999999997 -3.555545732473169
16.99999999999997 -3.525091073586072
17.09999999999997 -3.495179429097812
17.19999999999997 -3.465793527583664
17.29999999999998 -3.436921739610301
17.39999999999998 -3.408551039081583
17.49999999999998 -3.380670706067592
17.59999999999998 -3.353266816819101
17.69999999999998 -3.326329202940339
17.79999999999998 -3.299850288330242
17.89999999999998 -3.273816494814719
17.99999999999999 -3.248217842353081
18.09999999999999 -3.223045022200934
18.19999999999999 -3.198282566993765
18.29999999999999 -3.173920833531955
18.39999999999999 -3.149951876779107
18.49999999999999 -3.126366576620149
18.59999999999999 -3.10315666921271
18.7 -3.080323631203547
18.8 -3.057857153121101
18.9 -3.035752111759165
19 -3.01400406408042
19.1 -2.992600881139432
19.2 -2.971518237296902
19.3 -2.950753228209303
19.40000000000001 -2.930293813446158
19.50000000000001 -2.910140878284711
19.60000000000001 -2.890295812983815
19.70000000000001 -2.870747283059347
19.80000000000001 -2.851490809658791
19.90000000000001 -2.832518856437831
20.00000000000001 -2.813826830681777
20.10000000000002 -2.795411141622494
20.20000000000002 -2.777267921276315
20.30000000000002 -2.75938457061543
20.40000000000002 -2.741758431502603
20.50000000000002 -2.724383790596689
20.60000000000002 -2.707253933268332
20.70000000000002 -2.690371728750925
20.80000000000003 -2.673727673664873
20.90000000000003 -2.657318022593275
21.00000000000003 -2.64113640825697
21.10000000000003 -2.625174347046875
21.20000000000003 -2.609430412322715
21.30000000000003 -2.593900037123845
21.40000000000003 -2.578578654489575
21.50000000000004 -2.56346502918981
21.60000000000004 -2.548555975252827
21.70000000000004 -2.533846003272338
21.80000000000004 -2.519331140680157
21.90000000000004 -2.505007414908122
22.00000000000004 -2.49087308519377
22.10000000000004 -2.476923727710613
22.20000000000005 -2.46315536225894
22.30000000000005 -2.449564284200366
22.40000000000005 -2.436148687042774
22.50000000000005 -2.422904193175052
22.60000000000005 -2.409828696421177
22.70000000000005 -2.396918622286628
22.80000000000005 -2.384170477727002
22.90000000000006 -2.371582022456737
23.00000000000006 -2.359152373428292
23.10000000000006 -2.346877010817395
23.20000000000006 -2.334753271017141
23.30000000000006 -2.322778614360461
23.40000000000006 -2.31095062512017
23.50000000000006 -2.299267011508944
23.60000000000007 -2.287721980589593
23.70000000000007 -2.276312744656419
23.80000000000007 -2.265038108545808
23.90000000000007 -2.253895523736107
24.00000000000007 -2.242882503846761
24.10000000000007 -2.231996624638298
24.20000000000007 -2.221235524012405
24.30000000000008 -2.210606364338305
24.40000000000008 -2.200102679943911
24.50000000000008 -2.189723332327465
24.60000000000008 -2.179467456378623
24.70000000000008 -2.169334349002936
24.80000000000008 -2.159323469121781
24.90000000000008 -2.149431154761308
25.00000000000009 -2.13964017902633
26.00000000000009 -1.671935373830412
27.00000000000009 -1.578203011417551
28.00000000000009 -1.524865453479936
29.00000000000009 -1.487852320282163
30.00000000000009 -1.459648923959065
31.00000000000009 -1.436947097489139
32.00000000000009 -1.417990813790725
33.00000000000009 -1.401758389612869
34.00000000000009 -1.387579579819765
35.00000000000009 -1.375002901799422
36.00000000000009 -1.36371876280076
37.00000000000009 -1.353496690580519
38.00000000000009 -1.344157246507792
39.00000000000009 -1.335562792384977
40.00000000000009 -1.327604675493959
41.00000000000009 -1.320202427714861
42.00000000000009 -1.313286908074685
43.00000000000009 -1.306799681622551
44.00000000000009 -1.300692572047063
45.00000000000009 -1.294923707596159
46.00000000000009 -1.28945764336137
47.00000000000009 -1.284266730911948
48.00000000000009 -1.279323265569125
49.00000000000009 -1.274609343981208
50.00000000000009 -1.270102106419512
51.00000000000009 -1.265788717441782
52.00000000000009 -1.261650840696672
53.00000000000009 -1.25767759705301
54.00000000000009 -1.253855097946097
55.00000000000009 -1.250173617547944
56.00000000000009 -1.246621643412934
57.00000000000009 -1.243191224239628
58.00000000000009 -1.239875608479105
59.00000000000009 -1.236666877561599
60.00000000000009 -1.233557421120995
61.00000000000009 -1.23054342741344
62.00000000000009 -1.227620189484784
63.00000000000009 -1.22477974109466
64.00000000000009 -1.222019801489097
65.00000000000009 -1.219337068693966
66.00000000000009 -1.216725578367453
67.00000000000009 -1.214182398304444
68.00000000000009 -1.211704814460197
69.00000000000009 -1.209289348482103
70.00000000000009 -1.206932491318548
71.00000000000009 -1.204632060872709
72.00000000000009 -1.202385435027722
73.00000000000009 -1.200189110039385
74.00000000000009 -1.198041706653502
75.00000000000009 -1.195941329593889
76.00000000000009 -1.193886312544348
77.00000000000009 -1.191875218148662
78.00000000000009 -1.189904028359298
79.00000000000009 -1.187972632914263
80.00000000000009 -1.186079761973718
81.00000000000009 -1.184224297668939
82.00000000000009 -1.182405293231551
83.00000000000009 -1.180619768600677
84.00000000000009 -1.178866947401181
85.00000000000009 -1.177146279346068
86.00000000000009 -1.175456880112072
87.00000000000009 -1.173797974872264
88.00000000000009 -1.172167821000382
89.00000000000009 -1.170565058054409
90.00000000000009 -1.16898942305271
91.00000000000009 -1.167440142669108
92.00000000000009 -1.165916508918414
93.00000000000009 -1.164417565975148
94.00000000000009 -1.162942049393783
95.00000000000009 -1.161489649247468
96.00000000000009 -1.160059707391607
97.00000000000009 -1.158651609158264
98.00000000000009 -1.157264662756067
99.00000000000009 -1.15589754048657
100.0000000000001 -1.154550236426126
101.0000000000001 -1.153222228811287
102.0000000000001 -1.151913033522701
103.0000000000001 -1.150622204085065
104.0000000000001 -1.149349331667198
105.0000000000001 -1.148094045081956
106.0000000000001 -1.146856010786311
107.0000000000001 -1.145633353416458
108.0000000000001 -1.144426675276306
109.0000000000001 -1.143235641877524
110.0000000000001 -1.142059929956796
111.0000000000001 -1.140899244368703
112.0000000000001 -1.139753318085707
113.0000000000001 -1.138621912198188
114.0000000000001 -1.137504815914387
115.0000000000001 -1.136400481656372
116.0000000000001 -1.135309162052078
117.0000000000001 -1.134230823044572
118.0000000000001 -1.133165218278045
119.0000000000001 -1.132112119352283
120.0000000000001 -1.13107131582261
121.0000000000001 -1.130042615199922
122.0000000000001 -1.129025842950661
123.0000000000001 -1.128020080235995
124.0000000000001 -1.127025138387876
125.0000000000001 -1.126041105187405
126.0000000000001 -1.125067772992944
127.0000000000001 -1.12410494483497
128.0000000000001 -1.123152434416123
129.0000000000001 -1.122210066111144
130.0000000000001 -1.121277674966939
131.0000000000001 -1.12035483079146
132.0000000000001 -1.119441208221241
133.0000000000001 -1.118536842053255
134.0000000000001 -1.11764155883428
135.0000000000001 -1.116755192190092
136.0000000000001 -1.11587758282552
137.0000000000001 -1.115008578524389
138.0000000000001 -1.114148034149567
139.0000000000001 -1.113295630969019
140.0000000000001 -1.112450973363294
141.0000000000001 -1.111614214735343
142.0000000000001 -1.110785218301734
143.0000000000001 -1.109963853410155
144.0000000000001 -1.109149995539432
145.0000000000001 -1.108343526299467
146.0000000000001 -1.107544333431307
147.0000000000001 -1.106752310807094
148.0000000000001 -1.105967358430091
149.0000000000001 -1.105189382434686
150.0000000000001 -1.104418295086373
151.0000000000001 -1.103654014781748
152.0000000000001 -1.102895994013094
153.0000000000001 -1.102144031445819
154.0000000000001 -1.101398386407606
155.0000000000001 -1.100658968804825
156.0000000000001 -1.09992569312131
157.0000000000001 -1.099198478418419
158.0000000000001 -1.098477248334959
159.0000000000001 -1.09776193108725
160.0000000000001 -1.097052459469085
161.0000000000001 -1.096348770851735
162.0000000000001 -1.095650807183979
163.0000000000001 -1.094958514992065
164.0000000000001 -1.094271845379731
165.0000000000001 -1.093590051723155
166.0000000000001 -1.092913293947546
167.0000000000001 -1.092241732040125
168.0000000000001 -1.091575299808564
169.0000000000001 -1.090913933977323
170.0000000000001 -1.09025757418767
171.0000000000001 -1.089606162997733
172.0000000000001 -1.088959645882404
173.0000000000001 -1.088317971233441
174.0000000000001 -1.087681090359395
175.0000000000001 -1.087048957485633
176.0000000000001 -1.086421529754361
177.0000000000001 -1.085798767224569
178.0000000000001 -1.085179980698757
179.0000000000001 -1.084565536746511
180.0000000000001 -1.083955430530017
181.0000000000001 -1.08334960803062
182.0000000000001 -1.08274801695632
183.0000000000001 -1.082150606741793
184.0000000000001 -1.081557328548354
185.0000000000001 -1.080968135264001
186.0000000000001 -1.080382981503382
187.0000000000001 -1.079801823607798
188.0000000000001 -1.079224619645212
189.0000000000001 -1.078651329410258
190.0000000000001 -1.078081880601951
191.0000000000001 -1.077515940658778
192.0000000000001 -1.07695370334374
193.0000000000001 -1.076395123178198
194.0000000000001 -1.07584015582524
195.0000000000001 -1.075288758089652
196.0000000000001 -1.07474088791794
197.0000000000001 -1.074196504398332
198.0000000000001 -1.073655567760765
199.0000000000001 -1.073118039376878
200.0000000000001 -1.072583881760051
201.0000000000001 -1.072053058565345
202.0000000000001 -1.071525534589559
203.0000000000001 -1.071001179814898
204.0000000000001 -1.070479793891963
205.0000000000001 -1.069961545483887
206.0000000000001 -1.069446399067147
207.0000000000001 -1.068934320107321
208.0000000000001 -1.068425275059142
209.0000000000001 -1.067919231366454
210.0000000000001 -1.067416157462244
211.0000000000001 -1.066916022768637
212.0000000000001 -1.066418797696887
213.0000000000001 -1.065924453647364
214.0000000000001 -1.065432963009583
215.0000000000001 -1.064944299162202
216.0000000000001 -1.06445843647298
217.0000000000001 -1.063975350298844
218.0000000000001 -1.063495016985823
219.0000000000001 -1.063017413869098
220.0000000000001 -1.062542519272968
221.0000000000001 -1.062070312510873
222.0000000000001 -1.061600773885375
223.0000000000001 -1.061133809117602
224.0000000000001 -1.060668975804832
225.0000000000001 -1.060206655152151
226.0000000000001 -1.059746823418653
227.0000000000001 -1.059289457601593
228.0000000000001 -1.058834535436377
229.0000000000001 -1.058382035396595
230.0000000000001 -1.057931936693963
231.0000000000001 -1.057484219278374
232.0000000000001 -1.057038863837879
233.0000000000001 -1.0565958517987
234.0000000000001 -1.056155165325197
235.0000000000001 -1.055716787319895
236.0000000000001 -1.055280701423491
237.0000000000001 -1.054846892014835
238.0000000000001 -1.054415344210928
239.0000000000001 -1.053986043866948
240.0000000000001 -1.053558977576205
241.0000000000001 -1.053134132670206
242.0000000000001 -1.052711497218578
243.0000000000001 -1.05229106002914
244.0000000000001 -1.051872214789026
245.0000000000001 -1.051455434576383
246.0000000000001 -1.051040706655064
247.0000000000001 -1.050628013989502
248.0000000000001 -1.050217340013496
249.0000000000001 -1.049808668630199
250.0000000000001 -1.049401984212096
251.0000000000001 -1.048997271601041
252.0000000000001 -1.048594516108222
253.0000000000001 -1.048193703514205
254.0000000000001 -1.047794820068877
255.0000000000001 -1.0473978524915
256.0000000000001 -1.047002787970654
257.0000000000001 -1.046609614164312
258.0000000000001 -1.046218319199765
259.0000000000001 -1.04582889167368
260.0000000000001 -1.045441320652041
261.0000000000001 -1.045055595670216
262.0000000000001 -1.044671706732911
263.0000000000001 -1.044289644314186
264.0000000000001 -1.04390904346989
265.0000000000001 -1.043530111667019
266.0000000000001 -1.043152897851436
267.0000000000001 -1.042777388100494
268.0000000000001 -1.042403568768278
269.0000000000001 -1.042031426485559
270.0000000000001 -1.041660948159833
271.0000000000001 -1.041292120975276
272.0000000000001 -1.040924932392802
273.0000000000001 -1.040559370150008
274.0000000000001 -1.040195422261211
275.0000000000001 -1.039833077017419
276.0000000000001 -1.03947232298637
277.0000000000001 -1.039113149012482
278.0000000000001 -1.038755544216898
279.0000000000001 -1.038399497997463
280.0000000000001 -1.038045000028732
281.0000000000001 -1.037692040261945
282.0000000000001 -1.037340608925083
283.0000000000001 -1.036990696522801
284.0000000000001 -1.036642153521639
285.0000000000001 -1.03629501485048
286.0000000000001 -1.035949328224576
287.0000000000001 -1.03560508219783
288.0000000000001 -1.035262265506546
289.0000000000001 -1.034920867069387
290.0000000000001 -1.034580875987397
291.0000000000001 -1.034242281544012
292.0000000000001 -1.033905073205043
293.0000000000001 -1.03356924061865
294.0000000000001 -1.033234773615424
295.0000000000001 -1.032901662208294
296.0000000000001 -1.032569896592577
297.0000000000001 -1.032239467145968
298.0000000000001 -1.031910364428555
299.0000000000001 -1.031582579182786
300.0000000000001 -1.031256102333499
301.0000000000001 -1.03093092498791
302.0000000000001 -1.030607038435593
303.0000000000001 -1.030284434148532
304.0000000000001 -1.029962997162182
305.0000000000001 -1.029642713417126
306.0000000000001 -1.029323663116902
307.0000000000001 -1.029005837253913
308.0000000000001 -1.028689226978625
309.0000000000001 -1.028373823599577
310.0000000000001 -1.028059618583326
311.0000000000001 -1.027746603554525
312.0000000000001 -1.027434770295849
313.0000000000001 -1.02712411074804
314.0000000000001 -1.026814617009894
315.0000000000001 -1.026506281338272
316.0000000000001 -1.026199096148062
317.0000000000001 -1.025893054012244
318.0000000000001 -1.025588147661816
319.0000000000001 -1.025284369985859
320.0000000000001 -1.02498171403149
321.0000000000001 -1.024680173003882
322.0000000000001 -1.024379740266288
323.0000000000001 -1.024080409339975
324.0000000000001 -1.023782173904296
325.0000000000001 -1.023485027796646
326.0000000000001 -1.023188965012471
327.0000000000001 -1.022893979705291
328.0000000000001 -1.022600066186647
329.0000000000001 -1.022307218926178
330.0000000000001 -1.022015432551532
331.0000000000001 -1.021724701848453
332.0000000000001 -1.021435021760697
333.0000000000001 -1.021146387390126
334.0000000000001 -1.020858793996608
335.0000000000001 -1.020572236998087
336.0000000000001 -1.020286461463332
337.0000000000001 -1.020001593928952
338.0000000000001 -1.019717709401548
339.0000000000001 -1.019434801926723
340.0000000000001 -1.019152865668026
341.0000000000001 -1.018871894906863
342.0000000000001 -1.018591884042585
343.0000000000001 -1.018312827592406
344.0000000000001 -1.01803472019147
345.0000000000001 -1.017757556592809
346.0000000000001 -1.017481331667351
347.0000000000001 -1.017206040403946
348.0000000000001 -1.016931677909312
349.0000000000001 -1.016658239408096
350.0000000000001 -1.01638572024285
351.0000000000001 -1.016114115874002
352.0000000000001 -1.015843421879907
353.0000000000001 -1.015573633956794
354.0000000000001 -1.015304747918828
355.0000000000001 -1.015036759698038
356.0000000000001 -1.014769665344389
357.0000000000001 -1.014503461025714
358.0000000000001 -1.014238143027786
359.0000000000001 -1.013973707754239
360.0000000000001 -1.013710151726629
361.0000000000001 -1.013447471584425
362.0000000000001 -1.013185664084969
363.0000000000001 -1.01292472610353
364.0000000000001 -1.012664654633259
365.0000000000001 -1.012405446785226
366.0000000000001 -1.012147099788393
367.0000000000001 -1.011889610989612
368.0000000000001 -1.011632627102889
369.0000000000001 -1.011376440674845
370.0000000000001 -1.011121061168414
371.0000000000001 -1.010866484241315
372.0000000000001 -1.0106127056261
373.0000000000001 -1.010359721130109
374.0000000000001 -1.01010752663549
375.0000000000001 -1.009856118099209
376.0000000000001 -1.009605491553009
377.0000000000001 -1.009355643103466
378.0000000000001 -1.009106568931953
379.0000000000001 -1.008858265294631
380.0000000000001 -1.008610728522492
381.0000000000001 -1.00836395502131
382.0000000000001 -1.008117941271687
383.0000000000001 -1.007872683829007
384.0000000000001 -1.007628179323476
385.0000000000001 -1.00738442446009
386.0000000000001 -1.007141416018665
387.0000000000001 -1.006899150853818
388.0000000000001 -1.006657625894957
389.0000000000001 -1.006416838146311
390.0000000000001 -1.006176784686917
391.0000000000001 -1.005937462670598
392.0000000000001 -1.005698869325994
393.0000000000001 -1.005461001956556
394.0000000000001 -1.005223857940534
395.0000000000001 -1.004987434730965
396.0000000000001 -1.00475172985573
397.0000000000001 -1.004516740917474
398.0000000000001 -1.00428246559368
399.0000000000001 -1.004048857845578
400.0000000000001 -1.003815735431991
401.0000000000001 -1.003583289757174
402.0000000000001 -1.003351517273538
403.0000000000001 -1.003120414477428
404.0000000000001 -1.002889977909077
405.0000000000001 -1.002660204152657
406.0000000000001 -1.002431089836249
407.0000000000001 -1.002202631631872
408.0000000000001 -1.001974826255444
409.0000000000001 -1.001747670466803
410.0000000000001 -1.001521161069713
411.0000000000001 -1.00129529491187
412.0000000000001 -1.001070068884866
413.0000000000001 -1.000845479924217
414.0000000000001 -1.000621525009378
415.0000000000001 -1.000398201163703
416.0000000000001 -1.00017550545446
417.0000000000001 -0.999953434992866
418.0000000000001 -0.9997319869340173
419.0000000000001 -0.9995111584769691
420.0000000000001 -0.9992909468646733
421.0000000000001 -0.9990713493840051
422.0000000000001 -0.9988523633657452
423.0000000000001 -0.9986339861846241
424.0000000000001 -0.9984162152592689
425.0000000000001 -0.9981990480522392
426.0000000000001 -0.9979824820699913
427.0000000000001 -0.997766514862922
428.0000000000001 -0.9975511440253517
429.0000000000001 -0.9973363671954977
430.0000000000001 -0.9971221820555092
431.0000000000001 -0.9969085381043071
432.0000000000001 -0.9966953958803932
433.0000000000001 -0.9964828236891984
434.0000000000001 -0.9962708186417399
435.0000000000001 -0.9960593778779013
436.0000000000001 -0.9958484985664058
437.0000000000001 -0.995638177904842
438.0000000000001 -0.9954284131196388
439.0000000000001 -0.995219201466082
440.0000000000001 -0.9950105402283145
441.0000000000001 -0.9948024267193365
442.0000000000001 -0.9945948582809789
443.0000000000001 -0.9943878322839563
444.0000000000001 -0.9941813461278142
445.0000000000001 -0.9939753972409547
446.0000000000001 -0.993769983080638
447.0000000000001 -0.9935651011329631
448.0000000000001 -0.993360748912913
449.0000000000001 -0.9931569239642924
450.0000000000001 -0.9929536238597724
451.0000000000001 -0.9927508462008721
452.0000000000001 -0.9925485886179592
453.0000000000001 -0.9923468487702761
454.0000000000001 -0.992145624345896
455.0000000000001 -0.9919449130617493
456.0000000000001 -0.9917447126636235
457.0000000000001 -0.9915450209261548
458.0000000000001 -0.9913458356528362
459.0000000000001 -0.9911471546760093
460.0000000000001 -0.9909489758568816
461.0000000000001 -0.9907512970854914
462.0000000000001 -0.9905541162807431
463.0000000000001 -0.990357356073588
464.0000000000001 -0.9901610332708511
465.0000000000001 -0.9899651930074093
466.0000000000001 -0.9897698330200642
467.0000000000001 -0.9895749510706493
468.0000000000001 -0.9893805449459787
469.0000000000001 -0.9891866124579155
470.0000000000001 -0.9889931514433116
471.0000000000001 -0.988800159764042
472.0000000000001 -0.988607635306997
473.0000000000001 -0.9884155759840637
474.0000000000001 -0.9882239797321529
475.0000000000001 -0.9880328445131987
476.0000000000001 -0.9878421683141326
477.0000000000001 -0.9876519491469008
478.0000000000001 -0.9874621850484642
479.0000000000001 -0.9872728740808155
480.0000000000001 -0.9870840143309193
481.0000000000001 -0.9868956039107979
482.0000000000001 -0.986707640957445
483.0000000000001 -0.9865201236329036
484.0000000000001 -0.9863330501242145
485.0000000000001 -0.9861464186434153
486.0000000000001 -0.9859602274275847
487.0000000000001 -0.9857744747387986
488.0000000000001 -0.9855891588641478
489.0000000000001 -0.9854042781157375
490.0000000000001 -0.985219830830688
491.0000000000001 -0.9850358153711252
492.0000000000001 -0.9848522301241901
493.0000000000001 -0.984669073502047
494.0000000000001 -0.9844863439418573
495.0000000000001 -0.9843040399058062
496.0000000000001 -0.9841221598810932
497.0000000000001 -0.9839407023799155
498.0000000000001 -0.9837596659395108
499.0000000000001 -0.983579049122097
500.0000000000001 -0.983398850514924
501.0000000000001 -0.9832190687302477
502.0000000000001 -0.9830397024053559
503.0000000000001 -0.9828607502025254
504.0000000000001 -0.9826822108090476
505.0000000000001 -0.9825040829372373
506.0000000000001 -0.9823263653244239
507.0000000000001 -0.9821490567329428
508.0000000000001 -0.9819721559501445
509.0000000000001 -0.9817956617883851
510.0000000000001 -0.9816195730850442
511.0000000000001 -0.9814438887025163
512.0000000000001 -0.9812686075281931
513.0000000000001 -0.9810936555483714
514.0000000000001 -0.9809189629509958
515.0000000000001 -0.9807446549923385
516.0000000000001 -0.9805707301685247
517.0000000000001 -0.9803971869943011
518.0000000000001 -0.9802240240031155
519.0000000000001 -0.98005123974702
520.0000000000001 -0.9798788327967413
521.0000000000001 -0.979706801741663
522.0000000000001 -0.9795351451897909
523.0000000000001 -0.9793638617678051
524.0000000000001 -0.9791929501210429
525.0000000000001 -0.9790224089134634
526.0000000000001 -0.9788522368277091
527.0000000000001 -0.9786824325650444
528.0000000000001 -0.9785129948454083
529.0000000000001 -0.9783439224073706
530.0000000000001 -0.9781752140081753
531.0000000000001 -0.9780068684236976
532.0000000000001 -0.9778388844484607
533.0000000000001 -0.9776712608956621
534.0000000000001 -0.9775039965971306
535.0000000000001 -0.9773370904033428
536.0000000000001 -0.9771705411834499
537.0000000000001 -0.9770043478252253
538.0000000000001 -0.9768385092351166
539.0000000000001 -0.9766730243382025
540.0000000000001 -0.976507892078227
541.0000000000001 -0.9763431114175828
542.0000000000001 -0.9761786813373107
543.0000000000001 -0.9760146008370996
544.0000000000001 -0.9758508689352869
545.0000000000001 -0.9756874846688756
546.0000000000001 -0.9755244470935083
547.0000000000001 -0.9753617552834843
548.0000000000001 -0.9751994083317342
549.0000000000001 -0.9750374053498715
550.0000000000001 -0.9748757454681404
551.0000000000001 -0.9747144278354335
552.0000000000001 -0.9745534516193005
553.0000000000001 -0.9743928160059565
554.0000000000001 -0.9742325202002303
555.0000000000001 -0.9740725634256424
556.0000000000001 -0.973912944924344
557.0000000000001 -0.9737536639571263
558.0000000000001 -0.9735947198034629
559.0000000000001 -0.9734361117614415
560.0000000000001 -0.973277839147824
561.0000000000001 -0.9731199012980289
562.0000000000001 -0.9729622975660976
563.0000000000001 -0.9728050256944
564.0000000000001 -0.9726480670896493
565.0000000000001 -0.9724914299645994
566.0000000000001 -0.9723351089021161
567.0000000000001 -0.9721791009827726
568.0000000000001 -0.9720234082668481
569.0000000000001 -0.9718680243405667
570.0000000000001 -0.9717129520943942
571.0000000000001 -0.9715583171012766
572.0000000000001 -0.9714040468397547
573.0000000000001 -0.9712498986392225
574.0000000000001 -0.9710960552816034
575.0000000000001 -0.9709452602608624
575.1000000000001 -0.6820710431045331
575.2000000000002 -0.3931988622128506
575.3000000000002 -0.1043287175858231
575.4000000000002 0.1845393907765839
575.5000000000002 0.4734055939837039
575.6000000000003 0.7622646998363143
575.7000000000003 1.051098340175945
575.8000000000003 1.339684130334112
575.9000000000003 1.626008734486907
576.0000000000003 1.897121790745762
576.1000000000004 2.107737859731095
576.2000000000004 2.214531045146425
576.3000000000004 2.253552605392013
576.4000000000004 2.27151204918963
576.5000000000005 2.284276539275621
576.6000000000005 2.296046643373278
576.7000000000005 2.307662699202766
576.8000000000005 2.319374243573971
576.9000000000005 2.331232299693665
577.0000000000006 2.343238628280987
577.1000000000006 2.355394845375142
577.2000000000006 2.367699309708173
577.3000000000006 2.380152021280099
577.4000000000007 2.392752980090911
577.5000000000007 2.405528320046273
577.6000000000007 2.418462313711588
577.7000000000007 2.431554435521899
577.8000000000008 2.444804685477198
577.9000000000008 2.458224920819391
578.0000000000008 2.4718220021888
578.1000000000008 2.485588013225433
578.2000000000008 2.499522953929266
578.3000000000009 2.513657684764881
578.4000000000009 2.527977641841976
578.5000000000009 2.542481116315585
578.6000000000009 2.557155453453115
578.700000000001 2.572075439146735
578.800000000001 2.587183897486013
578.900000000001 2.602484538375303
579.000000000001 2.617995653735371
579.100000000001 2.633720691403744
579.2000000000011 2.64966110858582
579.3000000000011 2.665822317207845
579.4000000000011 2.682209729196116
579.5000000000011 2.698827175832523
579.6000000000012 2.715677537803085
579.7000000000012 2.7327677336103
579.8000000000012 2.750102788504271
579.9000000000012 2.767687727735103
580.0000000000013 2.785527383602918
580.1000000000013 2.80361957819544
580.2000000000013 2.821972882754119
580.3000000000013 2.840591719577064
580.4000000000013 2.859480510962421
580.5000000000014 2.878643679208315
580.6000000000014 2.89809122618348
580.7000000000014 2.917828301961306
580.8000000000014 2.937858055214347
580.9000000000015 2.958185623948796
581.0000000000015 2.97881614617088
581.1000000000015 2.999759892089431
581.2000000000015 3.021033211744687
581.3000000000015 3.042634884274269
581.4000000000016 3.064571542286477
581.5000000000016 3.086849818389626
581.6000000000016 3.109476345191991
581.7000000000016 3.132470611401711
581.8000000000017 3.155833395027266
581.9000000000017 3.179572158619765
582.0000000000017 3.203694603385971
582.1000000000017 3.228208430532606
582.2000000000018 3.253125129243665
582.3000000000018 3.278453558063013
582.4000000000018 3.30420022469172
582.5000000000018 3.330373368117959
582.6000000000018 3.35698122732991
582.7000000000019 3.384035395751816
582.8000000000019 3.4115536125039
582.9000000000019 3.4395380449529
583.0000000000019 3.467997843947003
583.100000000002 3.496942160334362
583.200000000002 3.526380144963093
583.300000000002 3.556322739754749
583.400000000002 3.586799002006629
583.500000000002 3.617809773343236
583.6000000000021 3.649366562772935
583.7000000000021 3.681480879304091
583.8000000000021 3.714177043350571
583.9000000000021 3.747476734663711
584.0000000000022 3.781386293927489
584.1000000000022 3.815920147898465
584.2000000000022 3.851092723333223
584.3000000000022 3.88693705966097
584.4000000000023 3.92346102475058
584.5000000000023 3.960680567710612
584.6000000000023 3.99861219331013
584.7000000000023 4.037275175698893
584.8000000000023 4.07669083897856
584.9000000000024 4.116873482638743
585.0000000000024 4.157840514537941
585.1000000000024 4.199609342534623
585.2000000000024 4.242207271605976
585.3000000000025 4.285649970703328
585.4000000000025 4.329954237445432
585.5000000000025 4.375138554420458
585.6000000000025 4.421221404216592
585.7000000000025 4.468236942898433
585.8000000000026 4.516213390350449
585.9000000000026 4.565166608795756
586.0000000000026 4.615119267296275
586.1000000000026 4.66624499672246
586.2000000000027 4.718552936309279
586.3000000000027 4.771929260185366
586.4000000000027 4.826410000585259
586.5000000000027 4.882045155512643
586.6000000000028 4.938879635310025
586.7000000000028 4.996941765236635
586.8000000000028 5.056278694140545
586.9000000000028 5.116933182143734
587.0000000000028 5.178948350280871
587.1000000000029 5.24236985354315
587.2000000000029 5.307231524603949
587.3000000000029 5.373578586656452
587.4000000000029 5.441450606712057
587.500000000003 5.510894362319462
587.600000000003 5.58196619668409
587.700000000003 5.654701958255369
587.800000000003 5.729145565431695
587.900000000003 5.805347694422363
588.0000000000031 5.883377199755397
588.1000000000031 5.9632744625625
588.2000000000031 6.045094960177785
588.3000000000031 6.128921807662217
588.4000000000032 6.214800291182198
588.5000000000032 6.302790352634381
588.6000000000032 6.392978077401981
588.7000000000032 6.48541692633532
588.8000000000033 6.580170981133134
588.9000000000033 6.677330335514101
589.0000000000033 6.776951176807062
589.1000000000033 6.879106247328097
589.2000000000033 6.983883011146123
589.3000000000034 7.091353731733117
589.4000000000034 7.201596508915387
589.5000000000034 7.314695699078646
589.6000000000034 7.430746091064721
589.7000000000035 7.549835612620432
589.8000000000035 7.672059225474685
589.9000000000035 7.79750704883809
590.0000000000035 7.926272855387334
590.1000000000035 8.058459509021082
590.2000000000036 8.194169295963759
590.3000000000036 8.333473874200729
590.4000000000036 8.476480635207762
590.5000000000036 8.623287657972982
590.6000000000037 8.773986423026418
590.7000000000037 8.928653981134563
590.8000000000037 9.087389148503874
590.9000000000037 9.250281847167306
591.0000000000038 9.417414348734054
591.1000000000038 9.588870275801121
591.2000000000038 9.764735409916623
591.3000000000038 9.945091721454357
591.4000000000038 10.12999997973153
591.5000000000039 10.31954092633895
591.6000000000039 10.51378553571962
591.7000000000039 10.71277996642335
591.8000000000039 10.91647861130507
591.900000000004 11.12494698877035
592.000000000004 11.3381965099998
592.100000000004 11.55621163128086
592.200000000004 11.77895290060918
592.300000000004 12.00635612508956
592.4000000000041 12.23838970799821
592.5000000000041 12.4749543765168
592.6000000000041 12.71594141426487
592.7000000000041 12.96121644902247
592.8000000000042 13.21064807850561
592.9000000000042 13.46400621754723
593.0000000000042 13.72119643650086
593.1000000000042 13.9819847517647
593.2000000000043 14.24612498201866
593.3000000000043 14.51338097173108
593.4000000000043 14.78350962027498
593.5000000000043 15.05626696171266
593.6000000000043 15.3314050788596
593.7000000000044 15.60868344914243
593.8000000000044 15.88785879496205
593.9000000000044 16.16871590828458
594.0000000000044 16.45102742892661
594.1000000000045 16.73456688772018
594.2000000000045 17.01917382900882
594.3000000000045 17.30465242548795
594.4000000000045 17.59087441270268
594.5000000000045 17.87768530601309
594.6000000000046 18.16498719938552
594.7000000000046 18.45266986664256
594.8000000000046 18.74065386762623
594.9000000000046 19.02887019772243
595.0000000000047 19.31726210130631
595.1000000000047 19.60577659905907
595.2000000000047 19.8943648319874
595.3000000000047 20.1830187865033
595.4000000000048 20.47174224707281
595.5000000000048 20.7604973476098
595.6000000000048 21.0492949998544
595.7000000000048 21.33811314171679
595.8000000000048 21.62695072479256
595.9000000000049 21.91580021902903
596.0000000000049 22.2046565136262
596.1000000000049 22.49351668074821
596.2000000000049 22.78237898320021
596.300000000005 23.07124213052332
596.400000000005 23.3601056641762
596.500000000005 23.64896816394344
596.600000000005 23.93782688738528
596.700000000005 24.2266852869842
596.8000000000051 24.51554542137695
596.9000000000051 24.80440721821983
597.0000000000051 25.09326437103891
597.1000000000051 25.38212233358755
597.2000000000052 25.67098256082706
597.3000000000052 25.95984582739674
597.4000000000052 26.24870676334304
597.5000000000052 26.53756879169974
597.6000000000053 26.82643220586708
597.7000000000053 27.11529726957932
597.8000000000053 27.40416229096928
597.9000000000053 27.69302792401343
598.0000000000053 27.98189393521414
598.1000000000054 28.27076003207924
598.2000000000054 28.55962679008603
598.3000000000054 28.84849351543459
598.4000000000054 29.13736019888433
598.5000000000055 29.42622657736307
598.6000000000055 29.71509462220566
598.7000000000055 30.00396341521837
598.8000000000055 30.2928322452343
598.9000000000055 30.58170096284307
599.0000000000056 30.8705694186342
599.1000000000056 31.15943746319732
599.2000000000056 31.44830494712195
599.3000000000056 31.73717172099772
599.4000000000057 32.02603911747377
599.5000000000057 32.31490727552773
599.6000000000057 32.603775273315
599.7000000000057 32.89264306358751
599.8000000000058 33.18151059909719
599.9000000000058 33.47037783259601
600.0000000000058 33.7592447168024
600.1000000000058 33.47037920453518
600.2000000000058 33.18151367646843
600.3000000000059 32.89264856666827
600.4000000000059 32.60378334370331
600.5000000000059 32.31491800467212
600.6000000000059 32.0260525466733
600.700000000006 31.73718696680542
600.800000000006 31.4483212621671
600.900000000006 31.15945542985689
601.000000000006 30.87059008387987
601.100000000006 30.5817240742958
601.2000000000061 30.29285806599546
601.3000000000061 30.00399205897884
601.4000000000061 29.71512605324595
601.5000000000061 29.42626004879677
601.6000000000062 29.13739404563132
601.7000000000062 28.8485280437496
601.8000000000062 28.55966204314567
601.9000000000062 28.27079604299961
602.0000000000063 27.98193004285355
602.1000000000063 27.69306404270749
602.2000000000063 27.40419804256144
602.3000000000063 27.11533204187725
602.4000000000063 26.82646603521909
602.5000000000064 26.53760002856093
602.6000000000064 26.24873402190277
602.7000000000064 25.9598680152446
602.8000000000064 25.67100166583016
602.9000000000065 25.38213301871418
603.0000000000065 25.0932643715982
603.1000000000065 24.80439572448222
603.2000000000065 24.51552707736623
603.3000000000065 24.22665843025024
603.4000000000066 23.93778978313426
603.5000000000066 23.64892113601828
603.6000000000066 23.36005248890229
603.7000000000066 23.07118384178631
603.8000000000067 22.7823139054061
603.9000000000067 22.49343950675033
604.0000000000067 22.20456510809457
604.1000000000067 21.91567691539785
604.2000000000068 21.62678657605716
604.3000000000068 21.33787918470444
604.4000000000068 21.04895517974758
604.5000000000068 20.76000080798375
604.6000000000068 20.47100508597649
604.7000000000069 20.18198449756983
604.8000000000069 19.89284891331974
604.9000000000069 19.60372677417693
605.0000000000069 19.31448562926032
605.100000000007 19.02510632547607
605.200000000007 18.73553756533221
605.300000000007 18.4457162264974
605.400000000007 18.15560701729007
605.500000000007 17.86511668361429
605.6000000000071 17.57413872779116
605.7000000000071 17.28256960445104
605.8000000000071 16.9903245001817
605.9000000000071 16.69726007464536
606.0000000000072 16.40321961127258
606.1000000000072 16.10803976464309
606.2000000000072 15.81156572593502
606.3000000000072 15.5136542677676
606.4000000000073 15.2141674282637
606.5000000000073 14.91300572471161
606.6000000000073 14.61006660101044
606.7000000000073 14.3053376261362
606.8000000000073 13.99879589455915
606.9000000000074 13.69053766437291
607.0000000000074 13.38065625335556
607.1000000000074 13.06934827044991
607.2000000000074 12.75684311797306
607.3000000000075 12.4434165186935
607.4000000000075 12.12940029912131
607.5000000000075 11.81514007526749
607.6000000000075 11.50099602095487
607.7000000000075 11.18731392639199
607.8000000000076 10.87443551795362
607.9000000000076 10.56264245292116
608.0000000000076 10.25221044594422
608.1000000000076 9.943322167174891
608.2000000000077 9.63615090579796
608.3000000000077 9.330779642419502
608.4000000000077 9.027259523659666
608.5000000000077 8.725581648715872
608.6000000000078 8.425690765394524
608.7000000000078 8.127502281104491
608.8000000000078 7.830885024445473
608.9000000000078 7.535702758106368
609.0000000000078 7.241784985547281
609.1000000000079 6.948971040202845
609.2000000000079 6.657086082628352
609.3000000000079 6.365971005838676
609.4000000000079 6.075473630939134
609.500000000008 5.785457563561038
609.600000000008 5.495804630498615
609.700000000008 5.2064161229237
609.800000000008 4.917207955334431
609.900000000008 4.628126157957034
610.0000000000081 4.339129602776016
610.1000000000081 4.050184780903773
610.2000000000081 3.761282454784603
610.3000000000081 3.47239922470439
610.4000000000082 3.183531921032092
610.5000000000082 2.894671569361545
610.6000000000082 2.605809913256074
610.7000000000082 2.316950000170429
610.8000000000083 2.02808543100222
610.9000000000083 1.739222707877654
611.0000000000083 1.450357668080779
611.1000000000083 1.161492327514807
611.2000000000083 0.8726267203781977
611.3000000000084 0.5837604348552698
611.4000000000084 0.2948942591575986
611.5000000000084 0.006028022363829474
611.6000000000084 -0.2828381894076767
611.7000000000085 -0.5717043016942573
611.8000000000085 -0.8605703224947182
611.9000000000085 -1.149436299081276
612.0000000000085 -1.438302264255417
612.1000000000085 -1.727168196019166
612.2000000000086 -2.016033531715487
612.3000000000086 -2.304899088865684
612.4000000000086 -2.593749954893734
612.5000000000086 -2.882556679809425
612.6000000000087 -3.171210844229006
612.7000000000087 -3.459425982277491
612.8000000000087 -3.746434408619863
612.9000000000087 -4.029933866440166
613.0000000000088 -4.304204333192862
613.1000000000088 -4.556948870153994
613.2000000000088 -4.766505792967793
613.3000000000088 -4.909364456814206
613.4000000000088 -4.977227072361428
613.5000000000089 -4.985336589984593
613.6000000000089 -4.957839087039225
613.7000000000089 -4.913086441413407
613.8000000000089 -4.861235965876111
613.900000000009 -4.806887350248959
614.000000000009 -4.752227247277084
614.100000000009 -4.69819504113025
614.200000000009 -4.645085068242625
614.300000000009 -4.593017768019766
614.4000000000091 -4.542039207507741
614.5000000000091 -4.492149683236958
614.6000000000091 -4.44332801236963
614.7000000000091 -4.395544168518733
614.8000000000092 -4.348766937781355
614.9000000000092 -4.302967417643306
615.0000000000092 -4.258117921012361
615.1000000000092 -4.214190419687299
615.2000000000093 -4.171160054669545
615.3000000000093 -4.129001001125501
615.4000000000093 -4.087689372923057
615.5000000000093 -4.047203111512983
615.6000000000093 -4.007518975609895
615.7000000000094 -3.968613325042066
615.8000000000094 -3.930464732927411
615.9000000000094 -3.893052888088106
616.0000000000094 -3.856358407009486
616.1000000000095 -3.820363386303196
616.2000000000095 -3.785050946468203
616.3000000000095 -3.750405355323339
616.4000000000095 -3.716404480511183
616.5000000000095 -3.683031278385613
616.6000000000096 -3.650272863247993
616.7000000000096 -3.618114749063635
616.8000000000096 -3.586541931122293
616.9000000000096 -3.555533399828047
617.0000000000097 -3.525078562805336
617.1000000000097 -3.495163622143837
617.2000000000097 -3.465775267641634
617.3000000000097 -3.436901453835618
617.4000000000098 -3.408530199058958
617.5000000000098 -3.380649721838108
617.6000000000098 -3.353249002656152
617.7000000000098 -3.32631598739779
617.8000000000098 -3.299833078918603
617.9000000000099 -3.273794861903744
618.0000000000099 -3.248191350620376
618.1000000000099 -3.223012998304162
618.2000000000099 -3.198250697159198
618.30000000001 -3.173895778358152
618.40000000001 -3.149939065069966
618.50000000001 -3.126363110876867
618.60000000001 -3.103165506023776
618.70000000001 -3.08033815333301
618.8000000000101 -3.057873297806785
618.9000000000101 -3.035763526627348
619.0000000000101 -3.014001769156829
619.1000000000101 -2.992581118870423
619.2000000000102 -2.971484959928246
619.3000000000102 -2.950712358445037
619.4000000000102 -2.930256492820367
619.5000000000102 -2.910110791476926
619.6000000000103 -2.890268932860506
619.7000000000103 -2.870724845439954
619.8000000000103 -2.85147270770723
619.9000000000103 -2.832504125114057
620.0000000000103 -2.81381492882901
620.1000000000104 -2.795399872968993
620.2000000000104 -2.777253784547618
620.3000000000104 -2.759371713690791
620.4000000000104 -2.741748933636837
620.5000000000105 -2.724380940736324
620.6000000000105 -2.70725496089831
620.7000000000105 -2.690369223268853
620.8000000000105 -2.673719965031098
620.9000000000106 -2.657302395004417
621.0000000000106 -2.64111185420514
621.1000000000106 -2.625143815846573
621.2000000000106 -2.609393885339055
621.3000000000106 -2.593861254080549
621.4000000000107 -2.57854144832109
621.5000000000107 -2.563430145810898
621.6000000000107 -2.548524021537156
621.7000000000107 -2.533819924626914
621.8000000000108 -2.519314878347062
621.9000000000108 -2.505006080104344
622.0000000000108 -2.490882124847214
622.1000000000108 -2.476938299495512
622.2000000000108 -2.463173213105834
622.3000000000109 -2.44958240228299
622.4000000000109 -2.436161360567677
622.5000000000109 -2.42290553843655
622.6000000000109 -2.409824880734651
622.700000000011 -2.396911398849042
622.800000000011 -2.384161766657835
622.900000000011 -2.371574095510216
623.000000000011 -2.359146709596544
623.1000000000111 -2.34687691630325
623.2000000000111 -2.334751210946841
623.3000000000111 -2.322773324580285
623.4000000000111 -2.310940247050465
623.5000000000111 -2.299248968609764
623.6000000000112 -2.287696479916111
623.7000000000112 -2.276282326251402
623.8000000000112 -2.265009453546081
623.9000000000112 -2.253872519530292
624.0000000000113 -2.242870018741745
624.1000000000113 -2.232000589106002
624.2000000000113 -2.221263011936521
624.3000000000113 -2.210649155749049
624.4000000000113 -2.200152971650005
624.5000000000114 -2.189775688004342
624.6000000000114 -2.179514259872126
624.7000000000114 -2.169365561930413
624.8000000000114 -2.159326388473364
624.9000000000115 -2.149405928611597
625.0000000000115 -2.13965856341509
626.0000000000115 -1.67195681767051
627.0000000000115 -1.578216509447059
628.0000000000115 -1.524874358878837
629.0000000000115 -1.487856824696028
630.0000000000115 -1.45965576969222
631.0000000000115 -1.436948606734056
632.0000000000115 -1.417993791627305
633.0000000000115 -1.401761978055164
634.0000000000115 -1.387578923983104
635.0000000000115 -1.375002684135306
636.0000000000115 -1.363721601439633
637.0000000000115 -1.353500775727896
638.0000000000115 -1.344158738371629
639.0000000000115 -1.335561271007422
640.0000000000115 -1.327604596293745
641.0000000000115 -1.320203846892362
642.0000000000115 -1.313288953123529
643.0000000000115 -1.306802772068974
644.0000000000115 -1.300695062925001
645.0000000000115 -1.29492448655435
646.0000000000115 -1.289458036754952
647.0000000000115 -1.284265029388616
648.0000000000115 -1.279323064440081
649.0000000000115 -1.274607972545968
650.0000000000115 -1.270103219321375
651.0000000000115 -1.265789532420075
652.0000000000115 -1.26165347930053
653.0000000000115 -1.257680213117319
654.0000000000115 -1.253857914952144
655.0000000000115 -1.250174538241795
656.0000000000115 -1.246622062707117
657.0000000000115 -1.243192267685817
658.0000000000115 -1.239874666559525
659.0000000000115 -1.236664718104775
660.0000000000115 -1.233557176371731
661.0000000000115 -1.230542632894658
662.0000000000115 -1.22761817258326
663.0000000000115 -1.224779897235056
664.0000000000115 -1.222020678081498
665.0000000000115 -1.21933751326196
666.0000000000115 -1.216727061694222
667.0000000000115 -1.214184797071931
668.0000000000115 -1.211707365175539
669.0000000000115 -1.209292027233621
670.0000000000115 -1.206935090876061
671.0000000000115 -1.204633638442962
672.0000000000115 -1.202385728582226
673.0000000000115 -1.200189274117103
674.0000000000115 -1.198042472321404
675.0000000000115 -1.19594190297838
676.0000000000115 -1.193885641261987
677.0000000000115 -1.191872717042006
678.0000000000115 -1.189901775779205
679.0000000000115 -1.187971675514774
680.0000000000115 -1.18607923127287
681.0000000000115 -1.184223298509616
682.0000000000115 -1.18240323038683
683.0000000000115 -1.180617996398388
684.0000000000115 -1.178866702115063
685.0000000000115 -1.177146800763022
686.0000000000115 -1.175457594380404
687.0000000000115 -1.173798403727487
688.0000000000115 -1.172168345646993
689.0000000000115 -1.170566618223191
690.0000000000115 -1.168991526703297
691.0000000000115 -1.1674425137483
692.0000000000115 -1.165918878307101
693.0000000000115 -1.164419877666863
694.0000000000115 -1.162944823191398
695.0000000000115 -1.161492105214773
696.0000000000115 -1.160061588500409
697.0000000000115 -1.15865270158136
698.0000000000115 -1.157264870287871
699.0000000000115 -1.155897567270614
700.0000000000115 -1.15455031200069
701.0000000000115 -1.153222670769579
702.0000000000115 -1.151913954654605
703.0000000000115 -1.150622557583268
704.0000000000115 -1.149348929614857
705.0000000000115 -1.148092666706678
706.0000000000115 -1.146853399790074
707.0000000000115 -1.14563079477042
708.0000000000115 -1.144424552527099
709.0000000000115 -1.143234408913559
710.0000000000115 -1.142059351502793
711.0000000000115 -1.14089853636758
712.0000000000115 -1.13975231350317
713.0000000000115 -1.138620387144641
714.0000000000115 -1.137502483866655
715.0000000000115 -1.136398352583421
716.0000000000115 -1.13530776454868
717.0000000000115 -1.134230513355743
718.0000000000115 -1.133165483120481
719.0000000000115 -1.132112620097379
720.0000000000115 -1.131071914345448
721.0000000000115 -1.130043123443274
722.0000000000115 -1.12902601825368
723.0000000000115 -1.12802038292374
724.0000000000115 -1.127026014884746
725.0000000000115 -1.126042714186077
726.0000000000115 -1.125069673302021
727.0000000000115 -1.124107071335612
728.0000000000115 -1.123154700239503
729.0000000000115 -1.122212360781362
730.0000000000115 -1.121279862543872
731.0000000000115 -1.120357023924722
732.0000000000115 -1.119443672136606
733.0000000000115 -1.118539483248504
734.0000000000115 -1.117643961557006
735.0000000000115 -1.116757273174496
736.0000000000115 -1.115879256977665
737.0000000000115 -1.115009759477545
738.0000000000115 -1.114148634819576
739.0000000000115 -1.113295744783558
740.0000000000115 -1.112450958783646
741.0000000000115 -1.111614153868389
742.0000000000115 -1.11078521472071
743.0000000000115 -1.109964033657873
744.0000000000115 -1.109150510631559
745.0000000000115 -1.10834441122371
746.0000000000115 -1.107544889961546
747.0000000000115 -1.10675246920061
748.0000000000115 -1.105967041024145
749.0000000000115 -1.10518850321554
750.0000000000115 -1.104416759258303
751.0000000000115 -1.103651718336067
752.0000000000115 -1.102893295332596
753.0000000000115 -1.102141410831764
754.0000000000115 -1.101395991117589
755.0000000000115 -1.100656968174218
756.0000000000115 -1.099924279685909
757.0000000000115 -1.099197840762466
758.0000000000115 -1.098476579871697
759.0000000000115 -1.097761181869522
760.0000000000115 -1.097051566467605
761.0000000000115 -1.096347657010737
762.0000000000115 -1.095649380476833
763.0000000000115 -1.094956667476912
764.0000000000115 -1.094269452255117
765.0000000000115 -1.093587672688721
766.0000000000115 -1.092911270288086
767.0000000000115 -1.092240190196719
768.0000000000115 -1.091574381191229
769.0000000000115 -1.090913795681351
770.0000000000115 -1.090257710217122
771.0000000000115 -1.089606474335208
772.0000000000115 -1.088960087149765
773.0000000000115 -1.088318485093168
774.0000000000115 -1.087681606749538
775.0000000000115 -1.087049392854734
776.0000000000115 -1.086421786296336
777.0000000000115 -1.085798732113688
778.0000000000115 -1.085180177497862
779.0000000000115 -1.08456607179167
780.0000000000115 -1.083956366489652
781.0000000000115 -1.083351015238104
782.0000000000115 -1.082749693294251
783.0000000000115 -1.082152458335064
784.0000000000115 -1.081559328364994
785.0000000000115 -1.080970250730137
786.0000000000115 -1.080385174199901
787.0000000000115 -1.079804048967044
788.0000000000115 -1.079226826647649
789.0000000000115 -1.078653460281145
790.0000000000115 -1.078083904330271
791.0000000000115 -1.077518114681129
792.0000000000115 -1.076956048643128
793.0000000000115 -1.076397664949028
794.0000000000115 -1.075842698976129
795.0000000000115 -1.075291155256076
796.0000000000115 -1.074743105922808
797.0000000000115 -1.074198509549897
798.0000000000115 -1.073657325943965
799.0000000000115 -1.073119516144701
800.0000000000115 -1.072585042424888
801.0000000000115 -1.072053868290349
802.0000000000115 -1.071525958479995
803.0000000000115 -1.071001278965793
804.0000000000115 -1.070479796952805
805.0000000000115 -1.069961480879133
806.0000000000115 -1.069446300415956
807.0000000000115 -1.068934226467538
808.0000000000115 -1.068425231171201
809.0000000000115 -1.067919287897319
810.0000000000115 -1.067416371249375
811.0000000000115 -1.066916457063884
812.0000000000115 -1.066419522410449
813.0000000000115 -1.065925224539924
814.0000000000115 -1.065433525719887
815.0000000000115 -1.064944626273613
816.0000000000115 -1.064458498605658
817.0000000000115 -1.063975116040832
818.0000000000115 -1.063494452824181
819.0000000000115 -1.063016484121023
820.0000000000115 -1.06254118601691
821.0000000000115 -1.062068535517659
822.0000000000115 -1.061598510549329
823.0000000000115 -1.061131089958216
824.0000000000115 -1.060666253510905
825.0000000000115 -1.060203981894199
826.0000000000115 -1.059744256715163
827.0000000000115 -1.059287060501107
828.0000000000115 -1.058832376699603
829.0000000000115 -1.058380189678477
830.0000000000115 -1.057930484725782
831.0000000000115 -1.057483248049842
832.0000000000115 -1.057038174196142
833.0000000000115 -1.056595140044364
834.0000000000115 -1.056154411947438
835.0000000000115 -1.055715969544586
836.0000000000115 -1.055279793060297
837.0000000000115 -1.054845863304368
838.0000000000115 -1.05441416167187
839.0000000000115 -1.053984670143148
840.0000000000115 -1.053557371283841
841.0000000000115 -1.053132248244873
842.0000000000115 -1.052709284762449
843.0000000000115 -1.052288465158051
844.0000000000115 -1.051869774338458
845.0000000000115 -1.051453197795718
846.0000000000115 -1.051038721607174
847.0000000000115 -1.050626332435439
848.0000000000115 -1.050216017528431
849.0000000000115 -1.049807764719338
850.0000000000115 -1.049401562426624
851.0000000000115 -1.048997226132673
852.0000000000115 -1.048594600356022
853.0000000000115 -1.048193903875946
854.0000000000115 -1.047795120125384
855.0000000000115 -1.047398232882487
856.0000000000115 -1.047003226270658
857.0000000000115 -1.046610084758492
858.0000000000115 -1.046218793159838
859.0000000000115 -1.045829336633764
860.0000000000115 -1.045441700684539
861.0000000000115 -1.045055871161694
862.0000000000115 -1.044671834259971
863.0000000000115 -1.044289576519327
864.0000000000115 -1.04390908482496
865.0000000000115 -1.043530346407293
866.0000000000115 -1.043153348841966
867.0000000000115 -1.042778080049839
868.0000000000115 -1.042404528297019
869.0000000000115 -1.042032682194828
870.0000000000115 -1.041662463152401
871.0000000000115 -1.041293757864147
872.0000000000115 -1.040926682331538
873.0000000000115 -1.040561222967092
874.0000000000115 -1.040197366410922
875.0000000000115 -1.039835099530808
876.0000000000115 -1.039474409422116
877.0000000000115 -1.039115283407886
878.0000000000115 -1.038757709038753
879.0000000000115 -1.038401674092991
880.0000000000115 -1.038047166576515
881.0000000000115 -1.037694174722851
882.0000000000115 -1.037342686993157
883.0000000000115 -1.036992692076228
884.0000000000115 -1.036644178888492
885.0000000000115 -1.03629713657398
886.0000000000115 -1.035951554504387
887.0000000000115 -1.035607422279006
888.0000000000115 -1.035264729724785
889.0000000000115 -1.034923416365369
890.0000000000115 -1.034583347774634
891.0000000000115 -1.03424466278498
892.0000000000115 -1.033907350710753
893.0000000000115 -1.033571401063537
894.0000000000115 -1.033236803552199
895.0000000000115 -1.032903548082841
896.0000000000115 -1.032571624758867
897.0000000000115 -1.032241023880909
898.0000000000115 -1.031911735946871
899.0000000000115 -1.031583751651931
900.0000000000115 -1.031257061888512
901.0000000000115 -1.030931657746313
902.0000000000115 -1.030607530512285
903.0000000000115 -1.030284671670652
904.0000000000115 -1.02996307290288
905.0000000000115 -1.029642726087729
906.0000000000115 -1.029323623301199
907.0000000000115 -1.029005756816555
908.0000000000115 -1.028689119104316
909.0000000000115 -1.028373702832291
910.0000000000115 -1.028059500865529
911.0000000000115 -1.027746506266332
912.0000000000115 -1.027434712294302
913.0000000000115 -1.027124112406262
914.0000000000115 -1.026814700256316
915.0000000000115 -1.026506469695839
916.0000000000115 -1.026199414773448
917.0000000000115 -1.025893529735039
918.0000000000115 -1.025588809023762
919.0000000000115 -1.025285192712451
920.0000000000115 -1.024982415800619
921.0000000000115 -1.024680743506468
922.0000000000115 -1.024380168718111
923.0000000000115 -1.024080684470813
924.0000000000115 -1.023782283947009
925.0000000000115 -1.023484960476261
926.0000000000115 -1.023188707535332
927.0000000000115 -1.02289351874809
928.0000000000115 -1.022599387885594
929.0000000000115 -1.02230630886606
930.0000000000115 -1.022014275754825
931.0000000000115 -1.021723282764427
932.0000000000115 -1.021433324254525
933.0000000000115 -1.021144394731952
934.0000000000115 -1.02085648885069
935.0000000000115 -1.020569601411885
936.0000000000115 -1.020283727363822
937.0000000000115 -1.019998861801954
938.0000000000115 -1.019714999968895
939.0000000000115 -1.019432137254412
940.0000000000115 -1.019150269195414
941.0000000000115 -1.018869391475972
942.0000000000115 -1.018589499927327
943.0000000000115 -1.018310590527862
944.0000000000115 -1.018032659403124
945.0000000000115 -1.017755702825808
946.0000000000115 -1.017479717215766
947.0000000000115 -1.017204699140005
948.0000000000115 -1.016930645312691
949.0000000000115 -1.01665752465183
950.0000000000115 -1.016384997936876
951.0000000000115 -1.016113379248927
952.0000000000115 -1.015842663379925
953.0000000000115 -1.015572845215213
954.0000000000115 -1.015303919733538
955.0000000000115 -1.015035882007019
956.0000000000115 -1.014768727201163
957.0000000000115 -1.014502450574885
958.0000000000115 -1.014237047480488
959.0000000000115 -1.013972513363636
960.0000000000115 -1.013708843763429
961.0000000000115 -1.013446034312318
962.0000000000115 -1.01318408073617
963.0000000000115 -1.012922978854232
964.0000000000115 -1.01266272457913
965.0000000000115 -1.012403313916908
966.0000000000115 -1.012144742966979
967.0000000000115 -1.011887007922145
968.0000000000115 -1.011630105068615
969.0000000000115 -1.011374030785977
970.0000000000115 -1.011118781547209
971.0000000000115 -1.010864353918677
972.0000000000115 -1.010610744560146
973.0000000000115 -1.010357950224769
974.0000000000115 -1.010105967759085
975.0000000000115 -1.009854794103019
976.0000000000115 -1.009604426289905
977.0000000000115 -1.009354861446453
978.0000000000115 -1.00910609679275
979.0000000000115 -1.008858129642309
980.0000000000115 -1.008610680792599
981.0000000000115 -1.00836398894767
982.0000000000115 -1.008118051597142
983.0000000000115 -1.007872864593291
984.0000000000115 -1.007628423843245
985.0000000000115 -1.007384725309011
986.0000000000115 -1.007141765007437
987.0000000000115 -1.006899539010226
988.0000000000115 -1.006658043443956
989.0000000000115 -1.006417274490049
990.0000000000115 -1.006177228384808
991.0000000000115 -1.005937901419358
992.0000000000115 -1.005699289939712
993.0000000000115 -1.005461390346726
994.0000000000115 -1.005224199096127
995.0000000000115 -1.004987712698501
996.0000000000115 -1.004751927719269
997.0000000000115 -1.004516840778747
998.0000000000115 -1.004282448552069
999.0000000000115 -1.004048747769264
1000.000000000011 -1.003815735215203
1001.000000000011 -1.003583407729611
1002.000000000011 -1.003351762207073
1003.000000000011 -1.003120795597052
1004.000000000011 -1.002890504903844
1005.000000000011 -1.002660887186608
1006.000000000011 -1.00243193955938
1007.000000000011 -1.002203659191039
1008.000000000011 -1.001976043305316
1009.000000000011 -1.001749089180821
1010.000000000011 -1.001522670967814
1011.000000000011 -1.001296881536981
1012.000000000011 -1.001071728775425
1013.000000000011 -1.000847209287285
1014.000000000011 -1.000623319712757
1015.000000000011 -1.000400056728121
1016.000000000011 -1.000177417045675
1017.000000000011 -0.9999553974137949
1018.000000000011 -0.9997339946168915
1019.000000000011 -0.9995132054754428
1020.000000000011 -0.9992930268459734
1021.000000000011 -0.9990734556210735
1022.000000000011 -0.9988544887293629
1023.000000000011 -0.9986361231355441
1024.000000000011 -0.9984183558403581
1025.000000000011 -0.998201183880585
1026.000000000011 -0.9979846043290959
1027.000000000011 -0.997768614294783
1028.000000000011 -0.997553210922604
1029.000000000011 -0.9973383913935725
1030.000000000011 -0.9971241529247495
1031.000000000011 -0.9969104927692614
1032.000000000011 -0.9966974082162815
1033.000000000011 -0.9964848965910225
1034.000000000011 -0.9962729552547706
1035.000000000011 -0.9960615816048679
1036.000000000011 -0.9958507730746958
1037.000000000011 -0.995640527133683
1038.000000000011 -0.995430841287349
1039.000000000011 -0.9952217130772181
1040.000000000011 -0.9950130297907076
1041.000000000011 -0.9948048671475345
1042.000000000011 -0.9945972444027131
1043.000000000011 -0.9943901588885685
1044.000000000011 -0.9941836079686504
1045.000000000011 -0.9939775890377943
1046.000000000011 -0.9937720995220611
1047.000000000011 -0.9935671368787886
1048.000000000011 -0.9933626985965567
1049.000000000011 -0.9931587821952054
1050.000000000011 -0.9929553852258254
1051.000000000011 -0.9927525052707588
1052.000000000011 -0.9925501399436071
1053.000000000011 -0.9923482868892229
1054.000000000011 -0.9921469437837189
1055.000000000011 -0.9919461083344495
1056.000000000011 -0.9917457782800381
1057.000000000011 -0.9915459513903501
1058.000000000011 -0.9913466254665194
1059.000000000011 -0.9911477983409224
1060.000000000011 -0.9909494678771863
1061.000000000011 -0.9907516319701982
1062.000000000011 -0.9905542885461135
1063.000000000011 -0.9903574355623214
1064.000000000011 -0.9901610710074619
1065.000000000011 -0.9899651929014524
1066.000000000011 -0.9897697992954525
1067.000000000011 -0.989574888271864
1068.000000000011 -0.9893804579443662
1069.000000000011 -0.9891865064578804
1070.000000000011 -0.9889930319885702
1071.000000000011 -0.9888000327438768
1072.000000000011 -0.9886075069624831
1073.000000000011 -0.9884154529143235
1074.000000000011 -0.988223868900592
1075.000000000011 -0.9880327532537422
1076.000000000011 -0.9878421043374614
1077.000000000011 -0.987651920546723
1078.000000000011 -0.987462200307725
1079.000000000011 -0.9872729420779252
1080.000000000011 -0.9870841443460586
1081.000000000011 -0.9868958056320851
1082.000000000011 -0.9867079244872419
1083.000000000011 -0.9865204994939993
1084.000000000011 -0.9863335292660882
1085.000000000011 -0.9861470124485159
1086.000000000011 -0.9859609477175149
1087.000000000011 -0.9857752721347414
1088.000000000011 -0.9855898810531144
1089.000000000011 -0.98540492106944
1090.000000000011 -0.9852203904039611
1091.000000000011 -0.9850362873002182
1092.000000000011 -0.9848526100250405
1093.000000000011 -0.984669356868589
1094.000000000011 -0.9844865261443049
1095.000000000011 -0.9843041161889526
1096.000000000011 -0.9841221253626113
1097.000000000011 -0.9839405520486316
1098.000000000011 -0.9837593946537132
1099.000000000011 -0.9835786516078187
1100.000000000011 -0.9833983213642511
1101.000000000011 -0.9832184023995938
1102.000000000011 -0.9830388932137619
1103.000000000011 -0.9828597923299508
1104.000000000011 -0.9826810982946789
1105.000000000011 -0.9825028096777707
1106.000000000011 -0.9823249250723309
1107.000000000011 -0.9821474430948048
1108.000000000011 -0.9819703623849263
1109.000000000011 -0.981793681605744
1110.000000000011 -0.9816173994435864
1111.000000000011 -0.9814415146081144
1112.000000000011 -0.9812660258322944
1113.000000000011 -0.9810909318723905
1114.000000000011 -0.9809162315079639
1115.000000000011 -0.9807419235419081
1116.000000000011 -0.9805680068003877
1117.000000000011 -0.9803944801328908
1118.000000000011 -0.9802213424122287
1119.000000000011 -0.980048592534484
1120.000000000011 -0.9798762294190803
1121.000000000011 -0.9797042520087121
1122.000000000011 -0.9795326592693977
1123.000000000011 -0.9793614501904784
1124.000000000011 -0.9791906237845583
1125.000000000011 -0.9790201790875909
1126.000000000011 -0.9788501151588094
1127.000000000011 -0.9786804310807622
1128.000000000011 -0.9785111259593033
1129.000000000011 -0.978342198923593
1130.000000000011 -0.9781736491260798
1131.000000000011 -0.9780054757425536
1132.000000000011 -0.9778376779720748
1133.000000000011 -0.9776702550370365
1134.000000000011 -0.9775032061831116
1135.000000000011 -0.9773365043067462
1136.000000000011 -0.9771701563884763
1137.000000000011 -0.9770041681594465
1138.000000000011 -0.9768385374400723
1139.000000000011 -0.9766732619984237
1140.000000000011 -0.976508339550217
1141.000000000011 -0.9763437677588055
1142.000000000011 -0.9761795442352235
1143.000000000011 -0.9760156665381252
1144.000000000011 -0.9758521321738372
1145.000000000011 -0.9756889385963141
1146.000000000011 -0.9755260832071746
1147.000000000011 -0.9753635815090266
1148.000000000011 -0.9752014217021682
1149.000000000011 -0.9750395992711401
1150.000000000011 -0.9748781123040343
1151.000000000011 -0.9747169588809543
1152.000000000011 -0.974556137074041
1153.000000000011 -0.974395644947456
1154.000000000011 -0.9742354805574067
1155.000000000011 -0.9740756419521299
1156.000000000011 -0.9739161271718911
1157.000000000011 -0.9737569342489933
1158.000000000011 -0.9735980612077689
1159.000000000011 -0.9734395223568066
1160.000000000011 -0.9732813049259486
1161.000000000011 -0.9731234071625079
1162.000000000011 -0.9729658277605764
1163.000000000011 -0.9728085654408386
1164.000000000011 -0.9726516189505988
1165.000000000011 -0.9724949870637198
1166.000000000011 -0.9723386685806922
1167.000000000011 -0.9721826623285742
1168.000000000011 -0.9720269671610517
1169.000000000011 -0.9718715819583869
1170.000000000011 -0.971716505651591
1171.000000000011 -0.9715617376309
1172.000000000011 -0.9714072769339329
1173.000000000011 -0.971253122771052
1174.000000000011 -0.9710992738964138
1175.000000000011 -0.9709460521915153
1175.100000000011 -0.6820733501153829
1175.200000000011 -0.3932035749133148
1175.300000000011 -0.1043375770965697
1175.400000000011 0.1845284222224894
1175.500000000011 0.4733937573655773
1175.600000000011 0.7622561166630102
1175.700000000011 1.051084651780363
1175.800000000011 1.339652836310741
1175.900000000011 1.626001259059599
1176.00000000001 1.89711292505155
1176.10000000001 2.107761789368135
1176.20000000001 2.214537651746813
1176.30000000001 2.253612603973264
1176.40000000001 2.271504768914731
1176.50000000001 2.284280079073234
1176.60000000001 2.296036446980459
1176.70000000001 2.307657185303714
1176.80000000001 2.31937446784721
1176.90000000001 2.331233757761628
1177.00000000001 2.343236288935291
1177.100000000009 2.355386486233057
1177.200000000009 2.367688052970817
1177.300000000009 2.380139692364572
1177.400000000009 2.392748706810137
1177.500000000009 2.405513369631175
1177.600000000009 2.418445925975506
1177.700000000009 2.431541787873979
1177.800000000009 2.444799331723603
1177.900000000009 2.45822109963276
1178.000000000009 2.471828474385328
1178.100000000009 2.485608154791183
1178.200000000008 2.499560140850317
1178.300000000008 2.513674196721813
1178.400000000008 2.528016243619116
1178.500000000008 2.542534986364406
1178.600000000008 2.557233584621101
1178.700000000008 2.572127242740276
1178.800000000008 2.58722319629816
1178.900000000008 2.602522297958715
1179.000000000008 2.618029970280411
1179.100000000008 2.633751196311858
1179.200000000008 2.649689238917903
1179.300000000007 2.665850406359041
1179.400000000007 2.682239818180433
1179.500000000007 2.698862593927274
1179.600000000007 2.715716768556349
1179.700000000007 2.732807063758891
1179.800000000007 2.750139137510949
1179.900000000007 2.767716990321901
1180.000000000007 2.785545302234739
1180.100000000007 2.803629923491206
1180.200000000007 2.821974075342335
1180.300000000007 2.840582062338323
1180.400000000006 2.859458189029317
1180.500000000006 2.878619967072145
1180.600000000006 2.898067889908736
1180.700000000006 2.917805744620016
1180.800000000006 2.937839028298896
1180.900000000006 2.958173238038209
1181.000000000006 2.978815561724248
1181.100000000006 2.999776591809146
1181.200000000006 3.021058903568087
1181.300000000006 3.042668557671742
1181.400000000006 3.064611614790706
1181.500000000005 3.08689413559566
1181.600000000005 3.10953231481767
1181.700000000005 3.132533282583436
1181.800000000005 3.155900636892164
1181.900000000005 3.179641640972857
1182.000000000005 3.203763558054544
1182.100000000005 3.228274486881825
1182.200000000005 3.253191877018507
1182.300000000005 3.278517654175138
1182.400000000005 3.304259932491493
1182.500000000005 3.330426826107392
1182.600000000004 3.357026449162621
1182.700000000004 3.384075414541591
1182.800000000004 3.411588401033561
1182.900000000004 3.439568547495128
1183.000000000004 3.468025390521252
1183.100000000004 3.496968466706885
1183.200000000004 3.526407312646968
1183.300000000004 3.556371327240685
1183.400000000004 3.586864551506372
1183.500000000004 3.617897561339944
1183.600000000004 3.649482279443096
1183.700000000003 3.681633270362777
1183.800000000003 3.714367433196239
1183.900000000003 3.747694458368966
1184.000000000003 3.781627179059635
1184.100000000003 3.816178428446915
1184.200000000003 3.851376759360786
1184.300000000003 3.887232995241664
1184.400000000003 3.923759794766607
1184.500000000003 3.960972114473013
1184.600000000003 3.99889539135452
1184.700000000003 4.037541484708312
1184.800000000002 4.07693210843333
1184.900000000002 4.117083014896772
1185.000000000002 4.158010400442617
1185.100000000002 4.199745358799437
1185.200000000002 4.242307656730946
1185.300000000002 4.285715673324154
1185.400000000002 4.329992060525421
1185.500000000002 4.375160396497572
1185.600000000002 4.421250578092286
1185.700000000002 4.468288620931051
1185.800000000002 4.516301326878683
1185.900000000001 4.565317642401265
1186.000000000001 4.615367611041097
1186.100000000001 4.666472015622146
1186.200000000001 4.718662707747789
1186.300000000001 4.771971940085457
1186.400000000001 4.826431095330896
1186.500000000001 4.882072341076213
1186.600000000001 4.938921645665866
1186.700000000001 4.997012946973013
1186.800000000001 5.056379895111021
1186.900000000001 5.117055832151553
1187 5.179074684519025
1187.1 5.242488524999145
1187.2 5.307330867799029
1187.3 5.373639919824206
1187.4 5.441456674548013
1187.5 5.510823190915389
1187.6 5.581808911281168
1187.7 5.654459428323459
1187.8 5.728827889167208
1187.9 5.804971603598045
1188 5.882957643242333
1188.099999999999 5.962847240397981
1188.199999999999 6.04470722258485
1188.299999999999 6.128604162496148
1188.399999999999 6.214578535304722
1188.499999999999 6.302707970556633
1188.599999999999 6.393058850273176
1188.699999999999 6.485677631698993
1188.799999999999 6.580422664709761
1188.899999999999 6.677517948876621
1188.999999999999 6.77709320692652
1189.099999999999 6.879227650538728
1189.199999999998 6.983992198448729
1189.299999999998 7.091460037653465
1189.399999999998 7.20171491098947
1189.499999999998 7.31483623380521
1189.599999999998 7.430902162275181
1189.699999999998 7.550011569682491
1189.799999999998 7.672241997506053
1189.899999999998 7.797687370652094
1189.999999999998 7.926444979272787
1190.099999999998 8.058600319767271
1190.199999999998 8.194259259747477
1190.299999999997 8.333510728893177
1190.399999999997 8.476451634074422
1190.499999999997 8.623180254054985
1190.599999999997 8.773793397606248
1190.699999999997 8.928388241510595
1190.799999999997 9.087053354378451
1190.899999999997 9.249890577943511
1190.999999999997 9.416994323672903
1191.099999999997 9.588428184295925
1191.199999999997 9.764287334967014
1191.299999999997 9.944652922854658
1191.399999999996 10.12957551381857
1191.499999999996 10.3191296430885
1191.599999999996 10.51337649299724
1191.699999999996 10.71233535763167
1191.799999999996 10.91605097379685
1191.899999999996 11.12455291289828
1191.999999999996 11.33782982520121
1192.099999999996 11.55587284504333
1192.199999999996 11.77865868941668
1192.299999999996 12.00612419412391
1192.399999999996 12.2382114392557
1192.499999999995 12.47482830139416
1192.599999999995 12.71586310034397
1192.699999999995 12.96119151266306
1192.799999999995 13.2106597333243
1192.899999999995 13.46410038115817
1192.999999999995 13.72132423092724
1193.099999999995 13.9821221029972
1193.199999999995 14.24626470050263
1193.299999999995 14.51354744495413
1193.399999999995 14.78371347141563
1193.499999999995 15.0564954649303
1193.599999999994 15.33166026531323
1193.699999999994 15.60895661729003
1193.799999999994 15.88813997356099
1193.899999999994 16.16899119179632
1193.999999999994 16.45127792587538
1194.099999999994 16.73481162549898
1194.199999999994 17.01938935816085
1194.299999999994 17.3048547298932
1194.399999999994 17.59104670785593
1194.499999999994 17.87783441064917
1194.599999999994 18.16510438019259
1194.699999999993 18.45275637028219
1194.799999999993 18.74070821281478
1194.899999999993 19.02889699061451
1194.999999999993 19.31726029020376
1195.099999999993 19.60575764684976
1195.199999999993 19.89436359768186
1195.299999999993 20.18303360537003
1195.399999999993 20.47176248770161
1195.499999999993 20.76053480716119
1195.599999999993 21.04932851700314
1195.699999999993 21.33814892245431
1195.799999999992 21.62698113784874
1195.899999999992 21.91582224165616
1195.999999999992 22.20467508935712
1196.099999999992 22.49352878636211
1196.199999999992 22.7823872870657
1196.299999999992 23.07124939905512
1196.399999999992 23.36011161593103
1196.499999999992 23.64897584657862
1196.599999999992 23.93784035617525
1196.699999999992 24.22670541855504
1196.799999999992 24.51557087504676
1196.899999999991 24.80443477518478
1196.999999999991 25.09329881426608
1197.099999999991 25.38216331788604
1197.199999999991 25.67102861163997
1197.299999999991 25.95989343247577
1197.399999999991 26.24875824039818
1197.499999999991 26.53762336108391
1197.599999999991 26.82648888329459
1197.699999999991 27.11535454731356
1197.799999999991 27.40422011788559
1197.899999999991 27.69308582207831
1197.99999999999 27.98195165700147
1198.09999999999 28.2708173916468
1198.19999999999 28.55968345322468
1198.29999999999 28.84854949772659
1198.39999999999 29.13741552515252
1198.49999999999 29.42628153550246
1198.59999999999 29.71514762418417
1198.69999999999 30.00401371789767
1198.79999999999 30.2928798059192
1198.89999999999 30.58174588824873
1198.99999999999 30.87061196488627
1199.099999999989 31.15947803583182
1199.199999999989 31.44834410108536
1199.299999999989 31.73721016064694
1199.399999999989 32.02607621451652
1199.499999999989 32.3149422626941
1199.599999999989 32.6038083051797
1199.699999999989 32.89267434197329
1199.799999999989 33.18154037307491
1199.899999999989 33.47040639848453
1199.999999999989 33.75927241820217
