550.0000000000001 -1.424832485090637
551.0000000000001 -1.424835711443291
552.0000000000001 -1.424838930967614
553.0000000000001 -1.424842143679881
554.0000000000001 -1.424845349595995
555.0000000000001 -1.424848548731487
556.0000000000001 -1.424851741101513
557.0000000000001 -1.424854926720858
558.0000000000001 -1.424858105603931
559.0000000000001 -1.424861277764771
560.0000000000001 -1.424864443217044
561.0000000000001 -1.42486760197404
562.0000000000001 -1.424870754048678
563.0000000000001 -1.424873899486112
564.0000000000001 -1.424877038658207
565.0000000000001 -1.424880171400708
566.0000000000001 -1.424883297821958
567.0000000000001 -1.424886417980345
568.0000000000001 -1.424889531834663
569.0000000000001 -1.424892639513189
570.0000000000001 -1.424895740958112
571.0000000000001 -1.424898833657975
572.0000000000001 -1.424901919063205
573.0000000000001 -1.424905002027216
574.0000000000001 -1.424908078894368
575.0000000000001 -1.424911094794776
575.1000000000001 -1.424911259137901
575.2000000000002 -1.424911382755734
575.3000000000002 -1.424911465648273
575.4000000000002 -1.42491150781552
575.5000000000002 -1.424911511879661
575.6000000000003 -1.424911373996712
575.7000000000003 -1.424910726803503
575.8000000000003 -1.424905122606665
575.9000000000003 -1.42485429468972
576.0000000000003 -1.424499235814896
576.1000000000004 -1.422934237194601
576.2000000000004 -1.419292780902906
576.3000000000004 -1.414295892107817
576.4000000000004 -1.408877760983768
576.5000000000005 -1.403355730785486
576.6000000000005 -1.397813812867438
576.7000000000005 -1.392268813984026
576.8000000000005 -1.386725724871449
576.9000000000005 -1.381185565993842
577.0000000000006 -1.375648372565587
577.1000000000006 -1.370114176907469
577.2000000000006 -1.364582946194128
577.3000000000006 -1.359054680425565
577.4000000000007 -1.35352937960178
577.5000000000007 -1.348007566400886
577.6000000000007 -1.342488926274191
577.7000000000007 -1.336973448710396
577.8000000000008 -1.331461133709501
577.9000000000008 -1.325952218416343
578.0000000000008 -1.32044684004373
578.1000000000008 -1.314944840264461
578.2000000000008 -1.309446219078537
578.3000000000009 -1.303951593695248
578.4000000000009 -1.298460672836788
578.5000000000009 -1.292973422326259
578.6000000000009 -1.287489589069008
578.700000000001 -1.28201066878288
578.800000000001 -1.276535517949664
578.900000000001 -1.271064210767448
579.000000000001 -1.265597113074648
579.100000000001 -1.260134293828015
579.2000000000011 -1.254675782171655
579.3000000000011 -1.249221686344094
579.4000000000011 -1.243772114583858
579.5000000000011 -1.238327143516585
579.6000000000012 -1.232886830755995
579.7000000000012 -1.227451314672138
579.8000000000012 -1.222020695770016
579.9000000000012 -1.216595074554631
580.0000000000013 -1.211174547671986
580.1000000000013 -1.205759071563835
580.2000000000013 -1.200348817655007
580.3000000000013 -1.194943874391465
580.4000000000013 -1.189544330219171
580.5000000000014 -1.184150273584087
580.6000000000014 -1.17876190452359
580.7000000000014 -1.173379326039145
580.8000000000014 -1.168002601104204
580.9000000000015 -1.162631832478892
581.0000000000015 -1.157267122923332
581.1000000000015 -1.151908677841702
581.2000000000015 -1.146556824234806
581.3000000000015 -1.141211537685396
581.4000000000016 -1.135872950845639
581.5000000000016 -1.1305411963677
581.6000000000016 -1.125216406903746
581.7000000000016 -1.11989897222794
581.8000000000017 -1.114588907900449
581.9000000000017 -1.109286363172298
582.0000000000017 -1.103991492067621
582.1000000000017 -1.098704448610552
582.2000000000018 -1.093425462584772
582.3000000000018 -1.088154711161158
582.4000000000018 -1.082892324493731
582.5000000000018 -1.077638467362254
582.6000000000018 -1.072393304546492
582.7000000000019 -1.067157067914929
582.8000000000019 -1.061930112249969
582.9000000000019 -1.056712480898948
583.0000000000019 -1.051504356878828
583.100000000002 -1.046305923206574
583.200000000002 -1.041117362899148
583.300000000002 -1.035938894794979
583.400000000002 -1.030771100040016
583.500000000002 -1.025613995466746
583.6000000000021 -1.020467811255339
583.7000000000021 -1.015332777585961
583.8000000000021 -1.010209380866889
583.9000000000021 -1.005098054693151
584.0000000000022 -0.999998925878425
584.1000000000022 -0.9949122829578432
584.2000000000022 -0.989838414466537
584.3000000000022 -0.9847779811930907
584.4000000000023 -0.9797311404948815
584.5000000000023 -0.9746982113540809
584.6000000000023 -0.96967952386607
584.7000000000023 -0.9646754635138439
584.8000000000023 -0.9596864567794359
584.9000000000024 -0.9547127896526384
585.0000000000024 -0.9497548102906209
585.1000000000024 -0.9448128668505531
585.2000000000024 -0.9398875054319791
585.3000000000025 -0.9349790394139248
585.4000000000025 -0.9300878047487653
585.5000000000025 -0.9252141710882646
585.6000000000025 -0.9203585080841861
585.7000000000025 -0.9155214988578214
585.8000000000026 -0.9107037078068605
585.9000000000026 -0.9059054521757655
586.0000000000026 -0.9011271853457743
586.1000000000026 -0.8963723799342969
586.2000000000027 -0.8916412187260321
586.3000000000027 -0.8869314252035523
586.4000000000027 -0.8822437200115489
586.5000000000027 -0.8775791031100953
586.6000000000028 -0.8729384727060415
586.7000000000028 -0.8683223953045722
586.8000000000028 -0.8637318138826495
586.9000000000028 -0.8591675836427118
587.0000000000028 -0.8546305670054531
587.1000000000029 -0.8501216770706974
587.2000000000029 -0.8456415904919122
587.3000000000029 -0.8411912117329609
587.4000000000029 -0.8367713321340717
587.500000000003 -0.8323828872462186
587.600000000003 -0.8280270039335097
587.700000000003 -0.823704399164934
587.800000000003 -0.8194159513084591
587.900000000003 -0.8151626738882712
588.0000000000031 -0.8109459439949306
588.1000000000031 -0.8067665692510714
588.2000000000031 -0.8026256592033758
588.3000000000031 -0.798524876153063
588.4000000000032 -0.7944651258234613
588.5000000000032 -0.7904476070525037
588.6000000000032 -0.7864740415478544
588.7000000000032 -0.7825454985265199
588.8000000000033 -0.7786632596224747
588.9000000000033 -0.7748291267100929
589.0000000000033 -0.7710442235359507
589.1000000000033 -0.7673100049463701
589.2000000000033 -0.7636282202227294
589.3000000000034 -0.7600003146344678
589.4000000000034 -0.7564278501781121
589.5000000000034 -0.7529125139813759
589.6000000000034 -0.7494562018210961
589.7000000000035 -0.7460606722522088
589.8000000000035 -0.7427278245092928
589.9000000000035 -0.7394594609765595
590.0000000000035 -0.736257457107543
590.1000000000035 -0.7331238701802167
590.2000000000036 -0.730060745919069
590.3000000000036 -0.727069517483807
590.4000000000036 -0.7241523327039464
590.5000000000036 -0.7213111531592494
590.6000000000037 -0.7185478084603169
590.7000000000037 -0.7158638396224785
590.8000000000037 -0.7132612229698634
590.9000000000037 -0.7107417569431307
591.0000000000038 -0.7083070869744644
591.1000000000038 -0.7059588855158043
591.2000000000038 -0.703698868198113
591.3000000000038 -0.7015286744288665
591.4000000000038 -0.6994495195944086
591.5000000000039 -0.6974630185265557
591.6000000000039 -0.6955705907141677
591.7000000000039 -0.6937731593282411
591.8000000000039 -0.6920698122258742
591.900000000004 -0.6904618597751784
592.000000000004 -0.6889495301997662
592.100000000004 -0.6875325126253859
592.200000000004 -0.686210018011951
592.300000000004 -0.6849807625015573
592.4000000000041 -0.6838441141597291
592.5000000000041 -0.6827980875300996
592.6000000000041 -0.6818405082850596
592.7000000000041 -0.6809686889802105
592.8000000000042 -0.6801800015698717
592.9000000000042 -0.6794698443507029
593.0000000000042 -0.6788363287297743
593.1000000000042 -0.6782747750350495
593.2000000000043 -0.6777802596401274
593.3000000000043 -0.6773480594343745
593.4000000000043 -0.6769733124052513
593.5000000000043 -0.6766511392340037
593.6000000000043 -0.676376581576941
593.7000000000044 -0.6761448289825964
593.8000000000044 -0.6759510158989875
593.9000000000044 -0.6757908381654367
594.0000000000044 -0.6756597485782762
594.1000000000045 -0.675553217754146
594.2000000000045 -0.6754680365799176
594.3000000000045 -0.6754002885094988
594.4000000000045 -0.675347408253792
594.5000000000045 -0.6753063061199991
594.6000000000046 -0.6752750239874464
594.7000000000046 -0.6752513573325858
594.8000000000046 -0.6752337173522579
594.9000000000046 -0.6752207239541805
595.0000000000047 -0.6752112420258568
595.1000000000047 -0.6752042119809107
595.2000000000047 -0.6751986566394759
595.3000000000047 -0.6751944157297929
595.4000000000048 -0.6751915649411816
595.5000000000048 -0.67518934695192
595.6000000000048 -0.6751879799968107
595.7000000000048 -0.6751870228340572
595.8000000000048 -0.6751864544955714
595.9000000000049 -0.6751861243802996
596.0000000000049 -0.6751859302722415
596.1000000000049 -0.6751858136146806
596.2000000000049 -0.6751857396637191
596.300000000005 -0.67518568261018
596.400000000005 -0.6751856332832363
596.500000000005 -0.6751855632785798
596.600000000005 -0.6751854177474153
596.700000000005 -0.6751852657393925
596.8000000000051 -0.675185148427246
596.9000000000051 -0.6751850643641023
597.0000000000051 -0.6751848874204824
597.1000000000051 -0.6751847266714541
597.2000000000052 -0.6751846112162431
597.3000000000052 -0.6751845565476353
597.4000000000052 -0.6751844552665599
597.5000000000052 -0.6751843758336925
597.6000000000053 -0.6751843241170382
597.7000000000053 -0.6751843053912816
597.8000000000053 -0.6751842858190794
597.9000000000053 -0.6751842784799612
598.0000000000053 -0.6751842787039741
598.1000000000054 -0.6751842806412747
598.2000000000054 -0.6751842958014094
598.3000000000054 -0.675184310308379
598.4000000000054 -0.6751843239773726
598.5000000000055 -0.6751843315469461
598.6000000000055 -0.6751843724437966
598.7000000000055 -0.6751844283040495
598.8000000000055 -0.675184484904367
598.9000000000055 -0.6751845392565408
599.0000000000056 -0.6751845883723623
599.1000000000056 -0.675184629263623
599.2000000000056 -0.6751846589421147
599.3000000000056 -0.6751846744196286
599.4000000000057 -0.6751847023491482
599.5000000000057 -0.6751847455102261
599.6000000000057 -0.6751847854659702
599.7000000000057 -0.675184821271419
599.8000000000058 -0.6751848519816114
599.9000000000058 -0.6751848766515866
600.0000000000058 -0.6751848943363831
600.1000000000058 -0.6751849040910399
600.2000000000058 -0.6751849135297062
600.3000000000059 -0.6751849313337044
600.4000000000059 -0.6751849468744063
600.5000000000059 -0.6751849600937839
600.6000000000059 -0.6751849709338088
600.700000000006 -0.6751849793364527
600.800000000006 -0.6751849852436874
600.900000000006 -0.6751849885974847
601.000000000006 -0.6751850016779455
601.100000000006 -0.6751850014862655
601.2000000000061 -0.6751850013202599
601.3000000000061 -0.675185001179929
601.4000000000061 -0.6751850010652722
601.5000000000061 -0.6751850009762902
601.6000000000062 -0.6751850009129825
601.7000000000062 -0.6751850008753493
601.8000000000062 -0.6751850008632719
601.9000000000062 -0.675185000860352
602.0000000000063 -0.6751850008574323
602.1000000000063 -0.6751850008545124
602.2000000000063 -0.6751850008515926
602.3000000000063 -0.6751850008379102
602.4000000000063 -0.6751850007047483
602.5000000000064 -0.6751850005715864
602.6000000000064 -0.6751850004384244
602.7000000000064 -0.6751850003052624
602.8000000000064 -0.675184993316975
602.9000000000065 -0.6751849403746567
603.0000000000065 -0.6751848874323383
603.1000000000065 -0.67518483449002
603.2000000000065 -0.6751847815477016
603.3000000000065 -0.6751847286053833
603.4000000000066 -0.6751846756630648
603.5000000000066 -0.6751846227207465
603.6000000000066 -0.6751845697784281
603.7000000000066 -0.6751845168361098
603.8000000000067 -0.6751844381085068
603.9000000000067 -0.6751842701353929
604.0000000000067 -0.675184102162279
604.1000000000067 -0.6751836583083458
604.2000000000068 -0.6751831715215335
604.3000000000068 -0.6751823436944803
604.4000000000068 -0.6751811835953443
604.5000000000068 -0.6751794161600693
604.6000000000068 -0.6751768217199252
604.7000000000069 -0.6751737299517935
604.8000000000069 -0.6751683382667928
604.9000000000069 -0.6751632154839381
605.0000000000069 -0.6751557125856071
605.100000000007 -0.6751454465099234
605.200000000007 -0.6751313913070475
605.300000000007 -0.6751122845303527
605.400000000007 -0.6750874203462073
605.500000000007 -0.675054933672693
605.6000000000071 -0.6750126945562318
605.7000000000071 -0.6749586320894307
605.8000000000071 -0.6748910500040453
605.9000000000071 -0.6748070814933197
606.0000000000072 -0.6747035922258656
606.1000000000072 -0.674577315293277
606.2000000000072 -0.6744251545191169
606.3000000000072 -0.6742442453557699
606.4000000000073 -0.6740318285656931
606.5000000000073 -0.6737859144946525
606.6000000000073 -0.6735044520206305
606.7000000000073 -0.673187192523147
606.8000000000073 -0.6728336778916074
606.9000000000074 -0.6724458332878838
607.0000000000074 -0.6720255250675381
607.1000000000074 -0.6715766854094265
607.2000000000074 -0.6711039023598906
607.3000000000075 -0.6706126903743009
607.4000000000075 -0.6701096859828584
607.5000000000075 -0.6696018015057832
607.6000000000075 -0.6690962404195322
607.7000000000075 -0.6685999185282759
607.8000000000076 -0.6681196703595097
607.9000000000076 -0.6676611290588621
608.0000000000076 -0.6672298089193245
608.1000000000076 -0.6668293633439394
608.2000000000077 -0.6664632581164019
608.3000000000077 -0.6661331528488341
608.4000000000077 -0.6658400704736387
608.5000000000077 -0.6655838329747641
608.6000000000078 -0.6653633353083385
608.7000000000078 -0.6651768856225392
608.8000000000078 -0.6650218604893601
608.9000000000078 -0.6648955351625793
609.0000000000078 -0.6647944997113988
609.1000000000079 -0.6647155408045115
609.2000000000079 -0.664655161653023
609.3000000000079 -0.6646101801172306
609.4000000000079 -0.6645775526192411
609.500000000008 -0.6645545512716806
609.600000000008 -0.6645388126104335
609.700000000008 -0.6645283624589364
609.800000000008 -0.6645215191071524
609.900000000008 -0.6645172031596058
610.0000000000081 -0.6645145920559867
610.1000000000081 -0.6645130156185431
610.2000000000081 -0.6645122890961611
610.3000000000081 -0.6645119444945581
610.4000000000082 -0.6645119184211135
610.5000000000082 -0.6645120313877039
610.6000000000082 -0.6645121182655956
610.7000000000082 -0.6645122400038841
610.8000000000083 -0.6645122686205213
610.9000000000083 -0.6645123341580313
611.0000000000083 -0.664512353362095
611.1000000000083 -0.6645123665507769
611.2000000000083 -0.6645123744080461
611.3000000000084 -0.6645123686975889
611.4000000000084 -0.6645123651836368
611.5000000000084 -0.6645123604477626
611.6000000000084 -0.6645123562123338
611.7000000000085 -0.6645123539666036
611.8000000000085 -0.6645123535505956
611.9000000000085 -0.6645123540188658
612.0000000000085 -0.6645123547153843
612.1000000000085 -0.6645123560801107
612.2000000000086 -0.6645123693661855
612.3000000000086 -0.6645123782231828
612.4000000000086 -0.6645126809026233
612.5000000000086 -0.6645138664043109
612.6000000000087 -0.6645181031159204
612.7000000000087 -0.664531120354952
612.8000000000087 -0.6645682718281061
612.9000000000087 -0.6646756026717011
613.0000000000088 -0.6649675133366485
613.1000000000088 -0.6656899425974273
613.2000000000088 -0.6672761241411526
613.3000000000088 -0.6701962708642255
613.4000000000088 -0.6746163385532825
613.5000000000089 -0.6802314682008205
613.6000000000089 -0.686558738259729
613.7000000000089 -0.6932311111722469
613.8000000000089 -0.7000454406829942
613.900000000009 -0.7069097329955383
614.000000000009 -0.7137802550549773
614.100000000009 -0.7206382191779154
614.200000000009 -0.727477738635669
614.300000000009 -0.7342964046401276
614.4000000000091 -0.7410932958503694
614.5000000000091 -0.7478684063357862
614.6000000000091 -0.7546221597531342
614.7000000000091 -0.7613551566301535
614.8000000000092 -0.7680680212449023
614.9000000000092 -0.7747613316476646
615.0000000000092 -0.7814356415802849
615.1000000000092 -0.7880915116067876
615.2000000000093 -0.7947294389071438
615.3000000000093 -0.8013499399780259
615.4000000000093 -0.8079534925420764
615.5000000000093 -0.814540537770279
615.6000000000093 -0.821111540488342
615.7000000000094 -0.8276669734997001
615.8000000000094 -0.8342072653419944
615.9000000000094 -0.8407328222387817
616.0000000000094 -0.8472440318603556
616.1000000000095 -0.8537412522744826
616.2000000000095 -0.8602248210711837
616.3000000000095 -0.8666950528940824
616.4000000000095 -0.873152390390327
616.5000000000095 -0.8795971744328394
616.6000000000096 -0.8860296627355932
616.7000000000096 -0.8924501450192819
616.8000000000096 -0.8988589213781099
616.9000000000096 -0.9052564120039961
617.0000000000097 -0.9116428287444517
617.1000000000097 -0.9180184475576829
617.2000000000097 -0.9243835346477283
617.3000000000097 -0.9307383309238501
617.4000000000098 -0.9370830760193843
617.5000000000098 -0.9434180055638027
617.6000000000098 -0.9497433399474432
617.7000000000098 -0.9560593202526116
617.8000000000098 -0.9623662984221969
617.9000000000099 -0.9686643827624953
618.0000000000099 -0.9749537729881639
618.1000000000099 -0.9812346600344897
618.2000000000099 -0.9875072260573902
618.30000000001 -0.9937716444334124
618.40000000001 -1.000028098699177
618.50000000001 -1.006276937783041
618.60000000001 -1.012518209880104
618.70000000001 -1.01875207693392
618.8000000000101 -1.024978694044446
618.9000000000101 -1.031198209468036
619.0000000000101 -1.037410764617448
619.1000000000101 -1.043616497623178
619.2000000000102 -1.049815740802022
619.3000000000102 -1.056008512831688
619.4000000000102 -1.062194950144183
619.5000000000102 -1.068375184171053
619.6000000000103 -1.074549341343382
619.7000000000103 -1.080717543091795
619.8000000000103 -1.08687990584645
619.9000000000103 -1.093036597498315
620.0000000000103 -1.099187701424018
620.1000000000104 -1.105333322541219
620.2000000000104 -1.111473564309648
620.3000000000104 -1.117608525726786
620.4000000000104 -1.123738301327867
620.5000000000105 -1.129862981185878
620.6000000000105 -1.135982820782639
620.7000000000105 -1.14209785553523
620.8000000000105 -1.148208160699986
620.9000000000106 -1.154313832100521
621.0000000000106 -1.160414962916508
621.1000000000106 -1.166511643683681
621.2000000000106 -1.172603962293832
621.3000000000106 -1.178691934919004
621.4000000000107 -1.184775651034194
621.5000000000107 -1.190855197084399
621.6000000000107 -1.196930639569876
621.7000000000107 -1.203002041508082
621.8000000000108 -1.20906946243368
621.9000000000108 -1.215132958398536
622.0000000000108 -1.22119275750368
622.1000000000108 -1.227248954010715
622.2000000000108 -1.23330157573851
622.3000000000109 -1.239350711954968
622.4000000000109 -1.245396452789276
622.5000000000109 -1.2514388892319
622.6000000000109 -1.257477822385939
622.700000000011 -1.263513412023652
622.800000000011 -1.269545724667478
622.900000000011 -1.275574798090432
623.000000000011 -1.281600665808706
623.1000000000111 -1.287623381674574
623.2000000000111 -1.293643215781703
623.3000000000111 -1.299660093509035
623.4000000000111 -1.305674075059633
623.5000000000111 -1.311685220628448
623.6000000000112 -1.317693590402323
623.7000000000112 -1.323699193475618
623.8000000000112 -1.329701970929726
623.9000000000112 -1.335702029610043
624.0000000000113 -1.341699399625816
624.1000000000113 -1.347694108218532
624.2000000000113 -1.353686179761922
624.3000000000113 -1.359675776885673
624.4000000000113 -1.365663020567655
624.5000000000114 -1.37164788624057
624.6000000000114 -1.377630434803216
624.7000000000114 -1.383610728762051
624.8000000000114 -1.389588832231193
624.9000000000115 -1.39556456142843
625.0000000000115 -1.401536828731698
626.0000000000115 -1.41089086364659
627.0000000000115 -1.412765669811059
628.0000000000115 -1.413832512822423
629.0000000000115 -1.414572863506079
630.0000000000115 -1.415136884606156
631.0000000000115 -1.415591027865319
632.0000000000115 -1.415970124167454
633.0000000000115 -1.416294760438897
634.0000000000115 -1.416578421520338
635.0000000000115 -1.416829946317294
636.0000000000115 -1.417055567971207
637.0000000000115 -1.417259984485442
638.0000000000115 -1.417446825232568
639.0000000000115 -1.417618774579852
640.0000000000115 -1.417777908074125
641.0000000000115 -1.417925923062153
642.0000000000115 -1.41806422093753
643.0000000000115 -1.418193944558621
644.0000000000115 -1.4183160987415
645.0000000000115 -1.418431510268913
646.0000000000115 -1.418540839264901
647.0000000000115 -1.418644699412228
648.0000000000115 -1.418743538711198
649.0000000000115 -1.418837840549081
