0 -0
0.1 -2.888660000000009e-10
0.2 -5.777319999999989e-10
0.3 -8.665979999999998e-10
0.4 -1.155464000000001e-09
0.5 -1.444329999999999e-09
0.6 -1.733196e-09
0.7 -2.022062000000001e-09
0.7999999999999999 -2.310928000000001e-09
0.8999999999999999 -2.599793999999999e-09
0.9999999999999999 -2.88866e-09
1.1 -3.177525999999999e-09
1.2 -3.466391999999999e-09
1.3 -3.755258e-09
1.4 -4.044124000000001e-09
1.5 -4.332990000000002e-09
1.6 -4.621856000000001e-09
1.7 -4.910721999999998e-09
1.8 -5.199587999999998e-09
1.900000000000001 -5.488453999999999e-09
2 -5.777319999999996e-09
2.100000000000001 -6.066185999999997e-09
2.200000000000001 -6.355051999999996e-09
2.300000000000001 -6.643917999999996e-09
2.400000000000001 -6.932783999999995e-09
2.500000000000001 -7.221649999999996e-09
2.600000000000001 -7.510515999999993e-09
2.700000000000001 -7.799381999999994e-09
2.800000000000001 -8.088247999999987e-09
2.900000000000001 -8.377113999999966e-09
3.000000000000001 -8.665979999999671e-09
3.100000000000001 -8.954845999999208e-09
3.200000000000002 -9.243711999997992e-09
3.300000000000002 -9.532577999990161e-09
3.400000000000002 -9.82144399998233e-09
3.500000000000002 -1.011030999997053e-08
3.600000000000002 -1.039917599991692e-08
3.700000000000002 -1.068804199977393e-08
3.800000000000002 -1.097690719330018e-08
3.900000000000002 -1.12657659699867e-08
4.000000000000002 -1.155462474667321e-08
4.100000000000001 -1.184348352335972e-08
4.200000000000001 -1.213234230004624e-08
4.300000000000001 -1.242120107673275e-08
4.4 -1.271005985341926e-08
4.5 -1.299891863010577e-08
4.6 -1.328777740679229e-08
4.699999999999999 -1.35766361834788e-08
4.799999999999999 -1.386549496016531e-08
4.899999999999999 -1.415435373685183e-08
4.999999999999998 -1.444321091438536e-08
5.099999999999998 -1.473205645242147e-08
5.199999999999998 -1.502085721807216e-08
5.299999999999997 -1.530960791049862e-08
5.399999999999997 -1.559827218566127e-08
5.499999999999996 -1.588677283726969e-08
5.599999999999996 -1.617491582564373e-08
5.699999999999996 -1.646254185410436e-08
5.799999999999995 -1.674902792897951e-08
5.899999999999995 -1.703336334371832e-08
5.999999999999995 -1.731373367579636e-08
6.099999999999994 -1.758699067770539e-08
6.199999999999994 -1.784724662256872e-08
6.299999999999994 -1.808495301627913e-08
6.399999999999993 -1.828504188158147e-08
6.499999999999993 -1.842620377415199e-08
6.599999999999993 -1.848262053741345e-08
6.699999999999992 -1.843117604684881e-08
6.799999999999992 -1.826186775850835e-08
6.899999999999991 -1.79840244207536e-08
6.999999999999991 -1.762312635344414e-08
7.099999999999991 -1.720910612597079e-08
7.19999999999999 -1.67680810778472e-08
7.29999999999999 -1.631883725825034e-08
7.39999999999999 -1.587308330581143e-08
7.499999999999989 -1.54376275661783e-08
7.599999999999989 -1.501606045096609e-08
7.699999999999989 -1.460994973438755e-08
7.799999999999988 -1.42197409636321e-08
7.899999999999988 -1.384530200733443e-08
7.999999999999988 -1.348621126472782e-08
8.099999999999987 -1.314187620578084e-08
8.199999999999987 -1.281161994172122e-08
8.299999999999986 -1.249474909548488e-08
8.399999999999986 -1.219058214688114e-08
8.499999999999986 -1.189850055749415e-08
8.599999999999985 -1.16178947713896e-08
8.699999999999985 -1.134819531690936e-08
8.799999999999985 -1.108885664504137e-08
8.899999999999984 -1.083935362589739e-08
8.999999999999984 -1.059919193546072e-08
9.099999999999984 -1.036791283757847e-08
9.199999999999983 -1.01450860052726e-08
9.299999999999983 -9.9303079101773e-09
9.399999999999983 -9.72319344897373e-09
9.499999999999982 -9.523405145214379e-09
9.599999999999982 -9.330590927175088e-09
9.699999999999982 -9.14443368917788e-09
9.799999999999981 -8.964636120761794e-09
9.899999999999981 -8.790905315689269e-09
9.99999999999998 -8.622964160355452e-09
10.09999999999998 -8.46055662252565e-09
10.19999999999998 -8.30344496042773e-09
10.29999999999998 -8.151393118040256e-09
10.39999999999998 -8.004188223775026e-09
10.49999999999998 -7.861625213252567e-09
10.59999999999998 -7.723511160135903e-09
10.69999999999998 -7.589660138124714e-09
10.79999999999998 -7.459899676088913e-09
10.89999999999998 -7.334062517026793e-09
10.99999999999998 -7.211989756975602e-09
11.09999999999998 -7.093529478461226e-09
11.19999999999998 -6.978540278492237e-09
11.29999999999998 -6.866888765198549e-09
11.39999999999998 -6.758442462015224e-09
11.49999999999998 -6.653076454076471e-09
11.59999999999997 -6.550671176447724e-09
11.69999999999997 -6.451110652738851e-09
11.79999999999997 -6.354285400199575e-09
11.89999999999997 -6.260107877424201e-09
11.99999999999997 -6.168479460786245e-09
12.09999999999997 -6.079313545136987e-09
12.19999999999997 -5.992497940346089e-09
12.29999999999997 -5.907948422683683e-09
12.39999999999997 -5.825573250571583e-09
12.49999999999997 -5.745337497414112e-09
12.59999999999997 -5.66718154323949e-09
12.69999999999997 -5.590996468873431e-09
12.79999999999997 -5.516712032599121e-09
12.89999999999997 -5.444267063460712e-09
12.99999999999997 -5.373602561117375e-09
13.09999999999997 -5.304661753844898e-09
13.19999999999997 -5.237388041909462e-09
13.29999999999997 -5.171722694734997e-09
13.39999999999997 -5.107616164155364e-09
13.49999999999997 -5.045021114009674e-09
13.59999999999997 -4.983879303128757e-09
13.69999999999997 -4.924148774898075e-09
13.79999999999997 -4.865792127385616e-09
13.89999999999997 -4.808754689689344e-09
13.99999999999997 -4.75300349966296e-09
14.09999999999997 -4.698498101537471e-09
14.19999999999997 -4.645198588611168e-09
14.29999999999997 -4.593069347586465e-09
14.39999999999996 -4.542079178219251e-09
14.49999999999996 -4.492185765703929e-09
14.59999999999996 -4.443355662143134e-09
14.69999999999996 -4.39555787443262e-09
14.79999999999996 -4.34876313921135e-09
14.89999999999996 -4.302943806789635e-09
14.99999999999996 -4.258076676465451e-09
15.09999999999996 -4.214140072432158e-09
15.19999999999996 -4.17111472096731e-09
15.29999999999996 -4.128980964940567e-09
15.39999999999996 -4.087684505116456e-09
15.49999999999996 -4.047198323867598e-09
15.59999999999996 -4.00751206239727e-09
15.69999999999996 -3.96860766905956e-09
15.79999999999996 -3.930461246439828e-09
15.89999999999996 -3.893052847102471e-09
15.99999999999996 -3.856361829053939e-09
16.09999999999996 -3.820370067121369e-09
16.19999999999996 -3.785059674271778e-09
16.29999999999996 -3.750414073785115e-09
16.39999999999996 -3.716415330519652e-09
16.49999999999996 -3.683045186377237e-09
16.59999999999997 -3.650286983077249e-09
16.69999999999997 -3.618130320613439e-09
16.79999999999997 -3.58655538773886e-09
16.89999999999997 -3.555545732473169e-09
16.99999999999997 -3.525091073586072e-09
17.09999999999997 -3.495179429097812e-09
17.19999999999997 -3.465793527583664e-09
17.29999999999998 -3.436921739610301e-09
17.39999999999998 -3.408551039081582e-09
17.49999999999998 -3.380670706067592e-09
17.59999999999998 -3.353266816819101e-09
17.69999999999998 -3.326329202940339e-09
17.79999999999998 -3.299850288330242e-09
17.89999999999998 -3.273816494814719e-09
17.99999999999999 -3.248217842353081e-09
18.09999999999999 -3.223045022200935e-09
18.19999999999999 -3.198282566993765e-09
18.29999999999999 -3.173920833531955e-09
18.39999999999999 -3.149951876779107e-09
18.49999999999999 -3.126366576620149e-09
18.59999999999999 -3.10315666921271e-09
18.7 -3.080323631203547e-09
18.8 -3.057857153121101e-09
18.9 -3.035752111759166e-09
19 -3.01400406408042e-09
19.1 -2.992600881139432e-09
19.2 -2.971518237296902e-09
19.3 -2.950753228209303e-09
19.40000000000001 -2.930293813446158e-09
19.50000000000001 -2.910140878284711e-09
19.60000000000001 -2.890295812983815e-09
19.70000000000001 -2.870747283059347e-09
19.80000000000001 -2.851490809658791e-09
19.90000000000001 -2.832518856437831e-09
20.00000000000001 -2.813826830681777e-09
20.10000000000002 -2.795411141622494e-09
20.20000000000002 -2.777267921276315e-09
20.30000000000002 -2.75938457061543e-09
20.40000000000002 -2.741758431502603e-09
20.50000000000002 -2.724383790596689e-09
20.60000000000002 -2.707253933268332e-09
20.70000000000002 -2.690371728750925e-09
20.80000000000003 -2.673727673664873e-09
20.90000000000003 -2.657318022593275e-09
21.00000000000003 -2.641136408256971e-09
21.10000000000003 -2.625174347046875e-09
21.20000000000003 -2.609430412322715e-09
21.30000000000003 -2.593900037123846e-09
21.40000000000003 -2.578578654489575e-09
21.50000000000004 -2.56346502918981e-09
21.60000000000004 -2.548555975252827e-09
21.70000000000004 -2.533846003272338e-09
21.80000000000004 -2.519331140680157e-09
21.90000000000004 -2.505007414908122e-09
22.00000000000004 -2.49087308519377e-09
22.10000000000004 -2.476923727710613e-09
22.20000000000005 -2.46315536225894e-09
22.30000000000005 -2.449564284200366e-09
22.40000000000005 -2.436148687042774e-09
22.50000000000005 -2.422904193175052e-09
22.60000000000005 -2.409828696421177e-09
22.70000000000005 -2.396918622286628e-09
22.80000000000005 -2.384170477727002e-09
22.90000000000006 -2.371582022456736e-09
23.00000000000006 -2.359152373428292e-09
23.10000000000006 -2.346877010817395e-09
23.20000000000006 -2.334753271017141e-09
23.30000000000006 -2.322778614360461e-09
23.40000000000006 -2.31095062512017e-09
23.50000000000006 -2.299267011508944e-09
23.60000000000007 -2.287721980589593e-09
23.70000000000007 -2.276312744656419e-09
23.80000000000007 -2.265038108545809e-09
23.90000000000007 -2.253895523736107e-09
24.00000000000007 -2.242882503846761e-09
24.10000000000007 -2.231996624638298e-09
24.20000000000007 -2.221235524012405e-09
24.30000000000008 -2.210606364338305e-09
24.40000000000008 -2.200102679943911e-09
24.50000000000008 -2.189723332327465e-09
24.60000000000008 -2.179467456378623e-09
24.70000000000008 -2.169334349002936e-09
24.80000000000008 -2.159323469121781e-09
24.90000000000008 -2.149431154761308e-09
25.00000000000009 -2.13964017902633e-09
26.00000000000009 -1.671935373830412e-09
27.00000000000009 -1.578203011417551e-09
28.00000000000009 -1.524865453479936e-09
29.00000000000009 -1.487852320282163e-09
30.00000000000009 -1.459648923959065e-09
31.00000000000009 -1.436947097489139e-09
32.00000000000009 -1.417990813790725e-09
33.00000000000009 -1.401758389612869e-09
34.00000000000009 -1.387579579819765e-09
35.00000000000009 -1.375002901799422e-09
36.00000000000009 -1.36371876280076e-09
37.00000000000009 -1.353496690580519e-09
38.00000000000009 -1.344157246507792e-09
39.00000000000009 -1.335562792384977e-09
40.00000000000009 -1.327604675493959e-09
41.00000000000009 -1.320202427714861e-09
42.00000000000009 -1.313286908074685e-09
43.00000000000009 -1.306799681622551e-09
44.00000000000009 -1.300692572047063e-09
45.00000000000009 -1.294923707596159e-09
46.00000000000009 -1.28945764336137e-09
47.00000000000009 -1.284266730911948e-09
48.00000000000009 -1.279323265569125e-09
49.00000000000009 -1.274609343981208e-09
50.00000000000009 -1.270102106419512e-09
51.00000000000009 -1.265788717441782e-09
52.00000000000009 -1.261650840696671e-09
53.00000000000009 -1.25767759705301e-09
54.00000000000009 -1.253855097946097e-09
55.00000000000009 -1.250173617547944e-09
56.00000000000009 -1.246621643412934e-09
57.00000000000009 -1.243191224239628e-09
58.00000000000009 -1.239875608479105e-09
59.00000000000009 -1.236666877561599e-09
60.00000000000009 -1.233557421120995e-09
61.00000000000009 -1.23054342741344e-09
62.00000000000009 -1.227620189484784e-09
63.00000000000009 -1.22477974109466e-09
64.00000000000009 -1.222019801489097e-09
65.00000000000009 -1.219337068693966e-09
66.00000000000009 -1.216725578367453e-09
67.00000000000009 -1.214182398304444e-09
68.00000000000009 -1.211704814460197e-09
69.00000000000009 -1.209289348482103e-09
70.00000000000009 -1.206932491318547e-09
71.00000000000009 -1.204632060872709e-09
72.00000000000009 -1.202385435027722e-09
73.00000000000009 -1.200189110039385e-09
74.00000000000009 -1.198041706653502e-09
75.00000000000009 -1.19594132959389e-09
76.00000000000009 -1.193886312544348e-09
77.00000000000009 -1.191875218148662e-09
78.00000000000009 -1.189904028359298e-09
79.00000000000009 -1.187972632914263e-09
80.00000000000009 -1.186079761973718e-09
81.00000000000009 -1.184224297668939e-09
82.00000000000009 -1.182405293231551e-09
83.00000000000009 -1.180619768600677e-09
84.00000000000009 -1.178866947401181e-09
85.00000000000009 -1.177146279346068e-09
86.00000000000009 -1.175456880112072e-09
87.00000000000009 -1.173797974872264e-09
88.00000000000009 -1.172167821000382e-09
89.00000000000009 -1.170565058054409e-09
90.00000000000009 -1.16898942305271e-09
91.00000000000009 -1.167440142669108e-09
92.00000000000009 -1.165916508918414e-09
93.00000000000009 -1.164417565975148e-09
94.00000000000009 -1.162942049393782e-09
95.00000000000009 -1.161489649247468e-09
96.00000000000009 -1.160059707391607e-09
97.00000000000009 -1.158651609158264e-09
98.00000000000009 -1.157264662756067e-09
99.00000000000009 -1.15589754048657e-09
100.0000000000001 -1.154550236426126e-09
101.0000000000001 -1.153222228811287e-09
102.0000000000001 -1.151913033522701e-09
103.0000000000001 -1.150622204085065e-09
104.0000000000001 -1.149349331667198e-09
105.0000000000001 -1.148094045081956e-09
106.0000000000001 -1.146856010786311e-09
107.0000000000001 -1.145633353416457e-09
108.0000000000001 -1.144426675276306e-09
109.0000000000001 -1.143235641877525e-09
110.0000000000001 -1.142059929956796e-09
111.0000000000001 -1.140899244368703e-09
112.0000000000001 -1.139753318085707e-09
113.0000000000001 -1.138621912198188e-09
114.0000000000001 -1.137504815914387e-09
115.0000000000001 -1.136400481656372e-09
116.0000000000001 -1.135309162052078e-09
117.0000000000001 -1.134230823044572e-09
118.0000000000001 -1.133165218278045e-09
119.0000000000001 -1.132112119352282e-09
120.0000000000001 -1.13107131582261e-09
121.0000000000001 -1.130042615199922e-09
122.0000000000001 -1.129025842950661e-09
123.0000000000001 -1.128020080235995e-09
124.0000000000001 -1.127025138387876e-09
125.0000000000001 -1.126041105187405e-09
126.0000000000001 -1.125067772992944e-09
127.0000000000001 -1.12410494483497e-09
128.0000000000001 -1.123152434416123e-09
129.0000000000001 -1.122210066111144e-09
130.0000000000001 -1.121277674966939e-09
131.0000000000001 -1.12035483079146e-09
132.0000000000001 -1.119441208221241e-09
133.0000000000001 -1.118536842053255e-09
134.0000000000001 -1.11764155883428e-09
135.0000000000001 -1.116755192190092e-09
136.0000000000001 -1.11587758282552e-09
137.0000000000001 -1.115008578524389e-09
138.0000000000001 -1.114148034149567e-09
139.0000000000001 -1.113295630969019e-09
140.0000000000001 -1.112450973363294e-09
141.0000000000001 -1.111614214735343e-09
142.0000000000001 -1.110785218301734e-09
143.0000000000001 -1.109963853410155e-09
144.0000000000001 -1.109149995539432e-09
145.0000000000001 -1.108343526299467e-09
146.0000000000001 -1.107544333431307e-09
147.0000000000001 -1.106752310807094e-09
148.0000000000001 -1.105967358430091e-09
149.0000000000001 -1.105189382434686e-09
150.0000000000001 -1.104418295086373e-09
151.0000000000001 -1.103654014781748e-09
152.0000000000001 -1.102895994013094e-09
153.0000000000001 -1.102144031445819e-09
154.0000000000001 -1.101398386407605e-09
155.0000000000001 -1.100658968804825e-09
156.0000000000001 -1.09992569312131e-09
157.0000000000001 -1.099198478418419e-09
158.0000000000001 -1.098477248334959e-09
159.0000000000001 -1.09776193108725e-09
160.0000000000001 -1.097052459469085e-09
161.0000000000001 -1.096348770851735e-09
162.0000000000001 -1.09565080718398e-09
163.0000000000001 -1.094958514992065e-09
164.0000000000001 -1.094271845379731e-09
165.0000000000001 -1.093590051723155e-09
166.0000000000001 -1.092913293947546e-09
167.0000000000001 -1.092241732040125e-09
168.0000000000001 -1.091575299808564e-09
169.0000000000001 -1.090913933977323e-09
170.0000000000001 -1.09025757418767e-09
171.0000000000001 -1.089606162997733e-09
172.0000000000001 -1.088959645882404e-09
173.0000000000001 -1.088317971233441e-09
174.0000000000001 -1.087681090359396e-09
175.0000000000001 -1.087048957485633e-09
176.0000000000001 -1.086421529754361e-09
177.0000000000001 -1.085798767224569e-09
178.0000000000001 -1.085179980698757e-09
179.0000000000001 -1.084565536746511e-09
180.0000000000001 -1.083955430530017e-09
181.0000000000001 -1.08334960803062e-09
182.0000000000001 -1.08274801695632e-09
183.0000000000001 -1.082150606741793e-09
184.0000000000001 -1.081557328548354e-09
185.0000000000001 -1.080968135264001e-09
186.0000000000001 -1.080382981503382e-09
187.0000000000001 -1.079801823607798e-09
188.0000000000001 -1.079224619645212e-09
189.0000000000001 -1.078651329410258e-09
190.0000000000001 -1.07808188060195e-09
191.0000000000001 -1.077515940658778e-09
192.0000000000001 -1.07695370334374e-09
193.0000000000001 -1.076395123178198e-09
194.0000000000001 -1.07584015582524e-09
195.0000000000001 -1.075288758089652e-09
196.0000000000001 -1.07474088791794e-09
197.0000000000001 -1.074196504398332e-09
198.0000000000001 -1.073655567760765e-09
199.0000000000001 -1.073118039376878e-09
200.0000000000001 -1.072583881760051e-09
201.0000000000001 -1.072053058565345e-09
202.0000000000001 -1.071525534589559e-09
203.0000000000001 -1.071001179814897e-09
204.0000000000001 -1.070479793891963e-09
205.0000000000001 -1.069961545483887e-09
206.0000000000001 -1.069446399067147e-09
207.0000000000001 -1.068934320107321e-09
208.0000000000001 -1.068425275059142e-09
209.0000000000001 -1.067919231366454e-09
210.0000000000001 -1.067416157462244e-09
211.0000000000001 -1.066916022768637e-09
212.0000000000001 -1.066418797696887e-09
213.0000000000001 -1.065924453647364e-09
214.0000000000001 -1.065432963009583e-09
215.0000000000001 -1.064944299162202e-09
216.0000000000001 -1.06445843647298e-09
217.0000000000001 -1.063975350298844e-09
218.0000000000001 -1.063495016985824e-09
219.0000000000001 -1.063017413869098e-09
220.0000000000001 -1.062542519272968e-09
221.0000000000001 -1.062070312510873e-09
222.0000000000001 -1.061600773885375e-09
223.0000000000001 -1.061133809117602e-09
224.0000000000001 -1.060668975804832e-09
225.0000000000001 -1.06020665515215e-09
226.0000000000001 -1.059746823418653e-09
227.0000000000001 -1.059289457601593e-09
228.0000000000001 -1.058834535436377e-09
229.0000000000001 -1.058382035396595e-09
230.0000000000001 -1.057931936693963e-09
231.0000000000001 -1.057484219278374e-09
232.0000000000001 -1.057038863837879e-09
233.0000000000001 -1.0565958517987e-09
234.0000000000001 -1.056155165325197e-09
235.0000000000001 -1.055716787319895e-09
236.0000000000001 -1.055280701423491e-09
237.0000000000001 -1.054846892014835e-09
238.0000000000001 -1.054415344210928e-09
239.0000000000001 -1.053986043866948e-09
240.0000000000001 -1.053558977576205e-09
241.0000000000001 -1.053134132670205e-09
242.0000000000001 -1.052711497218579e-09
243.0000000000001 -1.05229106002914e-09
244.0000000000001 -1.051872214789026e-09
245.0000000000001 -1.051455434576383e-09
246.0000000000001 -1.051040706655064e-09
247.0000000000001 -1.050628013989502e-09
248.0000000000001 -1.050217340013496e-09
249.0000000000001 -1.049808668630199e-09
250.0000000000001 -1.049401984212096e-09
251.0000000000001 -1.048997271601041e-09
252.0000000000001 -1.048594516108222e-09
253.0000000000001 -1.048193703514205e-09
254.0000000000001 -1.047794820068877e-09
255.0000000000001 -1.047397852491499e-09
256.0000000000001 -1.047002787970654e-09
257.0000000000001 -1.046609614164312e-09
258.0000000000001 -1.046218319199765e-09
259.0000000000001 -1.04582889167368e-09
260.0000000000001 -1.045441320652041e-09
261.0000000000001 -1.045055595670216e-09
262.0000000000001 -1.044671706732911e-09
263.0000000000001 -1.044289644314186e-09
264.0000000000001 -1.04390904346989e-09
265.0000000000001 -1.043530111667019e-09
266.0000000000001 -1.043152897851436e-09
267.0000000000001 -1.042777388100494e-09
268.0000000000001 -1.042403568768278e-09
269.0000000000001 -1.042031426485559e-09
270.0000000000001 -1.041660948159833e-09
271.0000000000001 -1.041292120975276e-09
272.0000000000001 -1.040924932392802e-09
273.0000000000001 -1.040559370150008e-09
274.0000000000001 -1.040195422261211e-09
275.0000000000001 -1.039833077017419e-09
276.0000000000001 -1.03947232298637e-09
277.0000000000001 -1.039113149012482e-09
278.0000000000001 -1.038755544216898e-09
279.0000000000001 -1.038399497997463e-09
280.0000000000001 -1.038045000028732e-09
281.0000000000001 -1.037692040261944e-09
282.0000000000001 -1.037340608925083e-09
283.0000000000001 -1.036990696522801e-09
284.0000000000001 -1.036642153521639e-09
285.0000000000001 -1.03629501485048e-09
286.0000000000001 -1.035949328224576e-09
287.0000000000001 -1.03560508219783e-09
288.0000000000001 -1.035262265506546e-09
289.0000000000001 -1.034920867069387e-09
290.0000000000001 -1.034580875987397e-09
291.0000000000001 -1.034242281544012e-09
292.0000000000001 -1.033905073205043e-09
293.0000000000001 -1.03356924061865e-09
294.0000000000001 -1.033234773615424e-09
295.0000000000001 -1.032901662208294e-09
296.0000000000001 -1.032569896592577e-09
297.0000000000001 -1.032239467145968e-09
298.0000000000001 -1.031910364428555e-09
299.0000000000001 -1.031582579182786e-09
300.0000000000001 -1.031256102333499e-09
301.0000000000001 -1.03093092498791e-09
302.0000000000001 -1.030607038435592e-09
303.0000000000001 -1.030284434148532e-09
304.0000000000001 -1.029962997162181e-09
305.0000000000001 -1.029642713417126e-09
306.0000000000001 -1.029323663116902e-09
307.0000000000001 -1.029005837253913e-09
308.0000000000001 -1.028689226978625e-09
309.0000000000001 -1.028373823599577e-09
310.0000000000001 -1.028059618583326e-09
311.0000000000001 -1.027746603554525e-09
312.0000000000001 -1.027434770295849e-09
313.0000000000001 -1.02712411074804e-09
314.0000000000001 -1.026814617009894e-09
315.0000000000001 -1.026506281338272e-09
316.0000000000001 -1.026199096148062e-09
317.0000000000001 -1.025893054012244e-09
318.0000000000001 -1.025588147661816e-09
319.0000000000001 -1.025284369985859e-09
320.0000000000001 -1.02498171403149e-09
321.0000000000001 -1.024680173003882e-09
322.0000000000001 -1.024379740266288e-09
323.0000000000001 -1.024080409339975e-09
324.0000000000001 -1.023782173904296e-09
325.0000000000001 -1.023485027796646e-09
326.0000000000001 -1.023188965012471e-09
327.0000000000001 -1.022893979705291e-09
328.0000000000001 -1.022600066186647e-09
329.0000000000001 -1.022307218926178e-09
330.0000000000001 -1.022015432551532e-09
331.0000000000001 -1.021724701848452e-09
332.0000000000001 -1.021435021760697e-09
333.0000000000001 -1.021146387390126e-09
334.0000000000001 -1.020858793996608e-09
335.0000000000001 -1.020572236998087e-09
336.0000000000001 -1.020286461463332e-09
337.0000000000001 -1.020001593928952e-09
338.0000000000001 -1.019717709401548e-09
339.0000000000001 -1.019434801926723e-09
340.0000000000001 -1.019152865668026e-09
341.0000000000001 -1.018871894906863e-09
342.0000000000001 -1.018591884042585e-09
343.0000000000001 -1.018312827592406e-09
344.0000000000001 -1.01803472019147e-09
345.0000000000001 -1.017757556592809e-09
346.0000000000001 -1.01748133166735e-09
347.0000000000001 -1.017206040403946e-09
348.0000000000001 -1.016931677909313e-09
349.0000000000001 -1.016658239408096e-09
350.0000000000001 -1.01638572024285e-09
351.0000000000001 -1.016114115874002e-09
352.0000000000001 -1.015843421879907e-09
353.0000000000001 -1.015573633956794e-09
354.0000000000001 -1.015304747918827e-09
355.0000000000001 -1.015036759698038e-09
356.0000000000001 -1.014769665344389e-09
357.0000000000001 -1.014503461025714e-09
358.0000000000001 -1.014238143027786e-09
359.0000000000001 -1.013973707754238e-09
360.0000000000001 -1.013710151726629e-09
361.0000000000001 -1.013447471584425e-09
362.0000000000001 -1.013185664084969e-09
363.0000000000001 -1.01292472610353e-09
364.0000000000001 -1.012664654633259e-09
365.0000000000001 -1.012405446785226e-09
366.0000000000001 -1.012147099788392e-09
367.0000000000001 -1.011889610989612e-09
368.0000000000001 -1.011632627102889e-09
369.0000000000001 -1.011376440674845e-09
370.0000000000001 -1.011121061168414e-09
371.0000000000001 -1.010866484241315e-09
372.0000000000001 -1.0106127056261e-09
373.0000000000001 -1.010359721130109e-09
374.0000000000001 -1.01010752663549e-09
375.0000000000001 -1.009856118099209e-09
376.0000000000001 -1.009605491553009e-09
377.0000000000001 -1.009355643103466e-09
378.0000000000001 -1.009106568931953e-09
379.0000000000001 -1.008858265294631e-09
380.0000000000001 -1.008610728522492e-09
381.0000000000001 -1.00836395502131e-09
382.0000000000001 -1.008117941271687e-09
383.0000000000001 -1.007872683829007e-09
384.0000000000001 -1.007628179323476e-09
385.0000000000001 -1.00738442446009e-09
386.0000000000001 -1.007141416018665e-09
387.0000000000001 -1.006899150853818e-09
388.0000000000001 -1.006657625894957e-09
389.0000000000001 -1.00641683814631e-09
390.0000000000001 -1.006176784686917e-09
391.0000000000001 -1.005937462670598e-09
392.0000000000001 -1.005698869325994e-09
393.0000000000001 -1.005461001956556e-09
394.0000000000001 -1.005223857940534e-09
395.0000000000001 -1.004987434730965e-09
396.0000000000001 -1.004751729855729e-09
397.0000000000001 -1.004516740917473e-09
398.0000000000001 -1.00428246559368e-09
399.0000000000001 -1.004048857845578e-09
400.0000000000001 -1.003815735431991e-09
401.0000000000001 -1.003583289757174e-09
402.0000000000001 -1.003351517273538e-09
403.0000000000001 -1.003120414477428e-09
404.0000000000001 -1.002889977909077e-09
405.0000000000001 -1.002660204152657e-09
406.0000000000001 -1.002431089836249e-09
407.0000000000001 -1.002202631631872e-09
408.0000000000001 -1.001974826255444e-09
409.0000000000001 -1.001747670466803e-09
410.0000000000001 -1.001521161069713e-09
411.0000000000001 -1.00129529491187e-09
412.0000000000001 -1.001070068884866e-09
413.0000000000001 -1.000845479924217e-09
414.0000000000001 -1.000621525009378e-09
415.0000000000001 -1.000398201163703e-09
416.0000000000001 -1.00017550545446e-09
417.0000000000001 -9.999534349928661e-10
418.0000000000001 -9.997319869340174e-10
419.0000000000001 -9.995111584769692e-10
420.0000000000001 -9.992909468646733e-10
421.0000000000001 -9.990713493840052e-10
422.0000000000001 -9.988523633657453e-10
423.0000000000001 -9.986339861846241e-10
424.0000000000001 -9.98416215259269e-10
425.0000000000001 -9.981990480522393e-10
426.0000000000001 -9.979824820699913e-10
427.0000000000001 -9.977665148629219e-10
428.0000000000001 -9.975511440253517e-10
429.0000000000001 -9.973363671954976e-10
430.0000000000001 -9.971221820555092e-10
431.0000000000001 -9.969085381043071e-10
432.0000000000001 -9.966953958803933e-10
433.0000000000001 -9.964828236891984e-10
434.0000000000001 -9.962708186417399e-10
435.0000000000001 -9.960593778779013e-10
436.0000000000001 -9.958484985664058e-10
437.0000000000001 -9.956381779048419e-10
438.0000000000001 -9.954284131196388e-10
439.0000000000001 -9.952192014660821e-10
440.0000000000001 -9.950105402283144e-10
441.0000000000001 -9.948024267193365e-10
442.0000000000001 -9.94594858280979e-10
443.0000000000001 -9.943878322839563e-10
444.0000000000001 -9.941813461278141e-10
445.0000000000001 -9.939753972409547e-10
446.0000000000001 -9.93769983080638e-10
447.0000000000001 -9.935651011329632e-10
448.0000000000001 -9.93360748912913e-10
449.0000000000001 -9.931569239642925e-10
450.0000000000001 -9.929536238597724e-10
451.0000000000001 -9.927508462008721e-10
452.0000000000001 -9.925485886179592e-10
453.0000000000001 -9.923468487702761e-10
454.0000000000001 -9.92145624345896e-10
455.0000000000001 -9.919449130617492e-10
456.0000000000001 -9.917447126636235e-10
457.0000000000001 -9.915450209261547e-10
458.0000000000001 -9.913458356528362e-10
459.0000000000001 -9.911471546760094e-10
460.0000000000001 -9.909489758568816e-10
461.0000000000001 -9.907512970854913e-10
462.0000000000001 -9.905541162807431e-10
463.0000000000001 -9.90357356073588e-10
464.0000000000001 -9.901610332708511e-10
465.0000000000001 -9.899651930074092e-10
466.0000000000001 -9.897698330200642e-10
467.0000000000001 -9.895749510706493e-10
468.0000000000001 -9.893805449459787e-10
469.0000000000001 -9.891866124579155e-10
470.0000000000001 -9.889931514433116e-10
471.0000000000001 -9.88800159764042e-10
472.0000000000001 -9.88607635306997e-10
473.0000000000001 -9.884155759840637e-10
474.0000000000001 -9.88223979732153e-10
475.0000000000001 -9.880328445131987e-10
476.0000000000001 -9.878421683141326e-10
477.0000000000001 -9.876519491469007e-10
478.0000000000001 -9.874621850484642e-10
479.0000000000001 -9.872728740808155e-10
480.0000000000001 -9.870840143309193e-10
481.0000000000001 -9.868956039107979e-10
482.0000000000001 -9.86707640957445e-10
483.0000000000001 -9.865201236329036e-10
484.0000000000001 -9.863330501242144e-10
485.0000000000001 -9.861464186434154e-10
486.0000000000001 -9.859602274275847e-10
487.0000000000001 -9.857744747387987e-10
488.0000000000001 -9.855891588641477e-10
489.0000000000001 -9.854042781157375e-10
490.0000000000001 -9.85219830830688e-10
491.0000000000001 -9.850358153711251e-10
492.0000000000001 -9.848522301241902e-10
493.0000000000001 -9.84669073502047e-10
494.0000000000001 -9.844863439418573e-10
495.0000000000001 -9.843040399058063e-10
496.0000000000001 -9.841221598810932e-10
497.0000000000001 -9.839407023799155e-10
498.0000000000001 -9.837596659395109e-10
499.0000000000001 -9.83579049122097e-10
500.0000000000001 -9.83398850514924e-10
501.0000000000001 -9.832190687302476e-10
502.0000000000001 -9.830397024053559e-10
503.0000000000001 -9.828607502025253e-10
504.0000000000001 -9.826822108090477e-10
505.0000000000001 -9.825040829372373e-10
506.0000000000001 -9.823263653244239e-10
507.0000000000001 -9.821490567329428e-10
508.0000000000001 -9.819721559501446e-10
509.0000000000001 -9.817956617883851e-10
510.0000000000001 -9.816195730850442e-10
511.0000000000001 -9.814438887025164e-10
512.0000000000001 -9.812686075281931e-10
513.0000000000001 -9.810936555483713e-10
514.0000000000001 -9.809189629509959e-10
515.0000000000001 -9.807446549923385e-10
516.0000000000001 -9.805707301685246e-10
517.0000000000001 -9.80397186994301e-10
518.0000000000001 -9.802240240031154e-10
519.0000000000001 -9.800512397470199e-10
520.0000000000001 -9.798788327967412e-10
521.0000000000001 -9.79706801741663e-10
522.0000000000001 -9.795351451897909e-10
523.0000000000001 -9.793638617678052e-10
524.0000000000001 -9.791929501210429e-10
525.0000000000001 -9.790224089134633e-10
526.0000000000001 -9.78852236827709e-10
527.0000000000001 -9.786824325650443e-10
528.0000000000001 -9.785129948454084e-10
529.0000000000001 -9.783439224073705e-10
530.0000000000001 -9.781752140081754e-10
531.0000000000001 -9.780068684236975e-10
532.0000000000001 -9.778388844484607e-10
533.0000000000001 -9.776712608956621e-10
534.0000000000001 -9.775039965971306e-10
535.0000000000001 -9.773370904033429e-10
536.0000000000001 -9.7717054118345e-10
537.0000000000001 -9.770043478252253e-10
538.0000000000001 -9.768385092351165e-10
539.0000000000001 -9.766730243382024e-10
540.0000000000001 -9.765078920782271e-10
541.0000000000001 -9.763431114175828e-10
542.0000000000001 -9.761786813373107e-10
543.0000000000001 -9.760146008370996e-10
544.0000000000001 -9.758508689352869e-10
545.0000000000001 -9.756874846688755e-10
546.0000000000001 -9.755244470935083e-10
547.0000000000001 -9.753617552834844e-10
548.0000000000001 -9.751994083317342e-10
549.0000000000001 -9.750374053498714e-10
550.0000000000001 -9.748757454681404e-10
551.0000000000001 -9.747144278354335e-10
552.0000000000001 -9.745534516193005e-10
553.0000000000001 -9.743928160059565e-10
554.0000000000001 -9.742325202002304e-10
555.0000000000001 -9.740725634256423e-10
556.0000000000001 -9.73912944924344e-10
557.0000000000001 -9.737536639571262e-10
558.0000000000001 -9.73594719803463e-10
559.0000000000001 -9.734361117614416e-10
560.0000000000001 -9.732778391478239e-10
561.0000000000001 -9.73119901298029e-10
562.0000000000001 -9.729622975660976e-10
563.0000000000001 -9.728050256944001e-10
564.0000000000001 -9.726480670896494e-10
565.0000000000001 -9.724914299645993e-10
566.0000000000001 -9.72335108902116e-10
567.0000000000001 -9.721791009827726e-10
568.0000000000001 -9.720234082668482e-10
569.0000000000001 -9.718680243405667e-10
570.0000000000001 -9.717129520943943e-10
571.0000000000001 -9.715583171012765e-10
572.0000000000001 -9.714040468397546e-10
573.0000000000001 -9.712498986392224e-10
574.0000000000001 -9.710960552816033e-10
575.0000000000001 -9.709452602608624e-10
575.1000000000001 -6.820710431045331e-10
575.2000000000002 -3.931988622128506e-10
575.3000000000002 -1.043287175858231e-10
575.4000000000002 1.845393907765839e-10
575.5000000000002 4.734055939837039e-10
575.6000000000003 7.622646998363143e-10
575.7000000000003 1.051098340175945e-09
575.8000000000003 1.339684130334112e-09
575.9000000000003 1.626008734486907e-09
576.0000000000003 1.897121790745762e-09
576.1000000000004 2.107737859731096e-09
576.2000000000004 2.214531045146425e-09
576.3000000000004 2.253552605392014e-09
576.4000000000004 2.27151204918963e-09
576.5000000000005 2.284276539275621e-09
576.6000000000005 2.296046643373278e-09
576.7000000000005 2.307662699202766e-09
576.8000000000005 2.319374243573971e-09
576.9000000000005 2.331232299693665e-09
577.0000000000006 2.343238628280987e-09
577.1000000000006 2.355394845375142e-09
577.2000000000006 2.367699309708173e-09
577.3000000000006 2.380152021280099e-09
577.4000000000007 2.392752980090911e-09
577.5000000000007 2.405528320046273e-09
577.6000000000007 2.418462313711588e-09
577.7000000000007 2.431554435521899e-09
577.8000000000008 2.444804685477198e-09
577.9000000000008 2.458224920819391e-09
578.0000000000008 2.4718220021888e-09
578.1000000000008 2.485588013225433e-09
578.2000000000008 2.499522953929266e-09
578.3000000000009 2.513657684764881e-09
578.4000000000009 2.527977641841976e-09
578.5000000000009 2.542481116315585e-09
578.6000000000009 2.557155453453115e-09
578.700000000001 2.572075439146735e-09
578.800000000001 2.587183897486013e-09
578.900000000001 2.602484538375303e-09
579.000000000001 2.617995653735371e-09
579.100000000001 2.633720691403744e-09
579.2000000000011 2.64966110858582e-09
579.3000000000011 2.665822317207845e-09
579.4000000000011 2.682209729196116e-09
579.5000000000011 2.698827175832523e-09
579.6000000000012 2.715677537803084e-09
579.7000000000012 2.7327677336103e-09
579.8000000000012 2.750102788504271e-09
579.9000000000012 2.767687727735103e-09
580.0000000000013 2.785527383602918e-09
580.1000000000013 2.80361957819544e-09
580.2000000000013 2.821972882754119e-09
580.3000000000013 2.840591719577064e-09
580.4000000000013 2.859480510962421e-09
580.5000000000014 2.878643679208315e-09
580.6000000000014 2.89809122618348e-09
580.7000000000014 2.917828301961306e-09
580.8000000000014 2.937858055214347e-09
580.9000000000015 2.958185623948796e-09
581.0000000000015 2.978816146170879e-09
581.1000000000015 2.999759892089431e-09
581.2000000000015 3.021033211744687e-09
581.3000000000015 3.042634884274269e-09
581.4000000000016 3.064571542286477e-09
581.5000000000016 3.086849818389626e-09
581.6000000000016 3.109476345191991e-09
581.7000000000016 3.132470611401711e-09
581.8000000000017 3.155833395027267e-09
581.9000000000017 3.179572158619765e-09
582.0000000000017 3.203694603385972e-09
582.1000000000017 3.228208430532606e-09
582.2000000000018 3.253125129243665e-09
582.3000000000018 3.278453558063013e-09
582.4000000000018 3.30420022469172e-09
582.5000000000018 3.330373368117959e-09
582.6000000000018 3.35698122732991e-09
582.7000000000019 3.384035395751816e-09
582.8000000000019 3.4115536125039e-09
582.9000000000019 3.4395380449529e-09
583.0000000000019 3.467997843947003e-09
583.100000000002 3.496942160334362e-09
583.200000000002 3.526380144963093e-09
583.300000000002 3.556322739754749e-09
583.400000000002 3.586799002006629e-09
583.500000000002 3.617809773343237e-09
583.6000000000021 3.649366562772935e-09
583.7000000000021 3.681480879304091e-09
583.8000000000021 3.71417704335057e-09
583.9000000000021 3.747476734663712e-09
584.0000000000022 3.781386293927489e-09
584.1000000000022 3.815920147898465e-09
584.2000000000022 3.851092723333224e-09
584.3000000000022 3.886937059660971e-09
584.4000000000023 3.92346102475058e-09
584.5000000000023 3.960680567710612e-09
584.6000000000023 3.99861219331013e-09
584.7000000000023 4.037275175698893e-09
584.8000000000023 4.076690838978559e-09
584.9000000000024 4.116873482638743e-09
585.0000000000024 4.157840514537941e-09
585.1000000000024 4.199609342534624e-09
585.2000000000024 4.242207271605977e-09
585.3000000000025 4.285649970703328e-09
585.4000000000025 4.329954237445432e-09
585.5000000000025 4.375138554420458e-09
585.6000000000025 4.421221404216592e-09
585.7000000000025 4.468236942898433e-09
585.8000000000026 4.516213390350449e-09
585.9000000000026 4.565166608795756e-09
586.0000000000026 4.615119267296275e-09
586.1000000000026 4.66624499672246e-09
586.2000000000027 4.718552936309279e-09
586.3000000000027 4.771929260185365e-09
586.4000000000027 4.826410000585259e-09
586.5000000000027 4.882045155512643e-09
586.6000000000028 4.938879635310025e-09
586.7000000000028 4.996941765236634e-09
586.8000000000028 5.056278694140545e-09
586.9000000000028 5.116933182143735e-09
587.0000000000028 5.178948350280871e-09
587.1000000000029 5.24236985354315e-09
587.2000000000029 5.307231524603948e-09
587.3000000000029 5.373578586656451e-09
587.4000000000029 5.441450606712057e-09
587.500000000003 5.510894362319462e-09
587.600000000003 5.58196619668409e-09
587.700000000003 5.654701958255369e-09
587.800000000003 5.729145565431695e-09
587.900000000003 5.805347694422362e-09
588.0000000000031 5.883377199755397e-09
588.1000000000031 5.9632744625625e-09
588.2000000000031 6.045094960177785e-09
588.3000000000031 6.128921807662218e-09
588.4000000000032 6.214800291182198e-09
588.5000000000032 6.302790352634381e-09
588.6000000000032 6.392978077401981e-09
588.7000000000032 6.48541692633532e-09
588.8000000000033 6.580170981133133e-09
588.9000000000033 6.677330335514102e-09
589.0000000000033 6.776951176807062e-09
589.1000000000033 6.879106247328096e-09
589.2000000000033 6.983883011146123e-09
589.3000000000034 7.091353731733117e-09
589.4000000000034 7.201596508915388e-09
589.5000000000034 7.314695699078646e-09
589.6000000000034 7.430746091064721e-09
589.7000000000035 7.549835612620432e-09
589.8000000000035 7.672059225474684e-09
589.9000000000035 7.79750704883809e-09
590.0000000000035 7.926272855387334e-09
590.1000000000035 8.058459509021082e-09
590.2000000000036 8.194169295963759e-09
590.3000000000036 8.333473874200729e-09
590.4000000000036 8.476480635207762e-09
590.5000000000036 8.623287657972983e-09
590.6000000000037 8.773986423026419e-09
590.7000000000037 8.928653981134562e-09
590.8000000000037 9.087389148503875e-09
590.9000000000037 9.250281847167307e-09
591.0000000000038 9.417414348734054e-09
591.1000000000038 9.588870275801121e-09
591.2000000000038 9.764735409916623e-09
591.3000000000038 9.945091721454357e-09
591.4000000000038 1.012999997973153e-08
591.5000000000039 1.031954092633895e-08
591.6000000000039 1.051378553571962e-08
591.7000000000039 1.071277996642335e-08
591.8000000000039 1.091647861130507e-08
591.900000000004 1.112494698877035e-08
592.000000000004 1.13381965099998e-08
592.100000000004 1.155621163128086e-08
592.200000000004 1.177895290060917e-08
592.300000000004 1.200635612508956e-08
592.4000000000041 1.223838970799821e-08
592.5000000000041 1.24749543765168e-08
592.6000000000041 1.271594141426487e-08
592.7000000000041 1.296121644902247e-08
592.8000000000042 1.321064807850561e-08
592.9000000000042 1.346400621754723e-08
593.0000000000042 1.372119643650087e-08
593.1000000000042 1.39819847517647e-08
593.2000000000043 1.424612498201866e-08
593.3000000000043 1.451338097173108e-08
593.4000000000043 1.478350962027498e-08
593.5000000000043 1.505626696171266e-08
593.6000000000043 1.53314050788596e-08
593.7000000000044 1.560868344914243e-08
593.8000000000044 1.588785879496205e-08
593.9000000000044 1.616871590828458e-08
594.0000000000044 1.645102742892661e-08
594.1000000000045 1.673456688772018e-08
594.2000000000045 1.701917382900882e-08
594.3000000000045 1.730465242548795e-08
594.4000000000045 1.759087441270268e-08
594.5000000000045 1.787768530601309e-08
594.6000000000046 1.816498719938552e-08
594.7000000000046 1.845266986664256e-08
594.8000000000046 1.874065386762622e-08
594.9000000000046 1.902887019772243e-08
595.0000000000047 1.931726210130631e-08
595.1000000000047 1.960577659905907e-08
595.2000000000047 1.98943648319874e-08
595.3000000000047 2.01830187865033e-08
595.4000000000048 2.047174224707281e-08
595.5000000000048 2.07604973476098e-08
595.6000000000048 2.10492949998544e-08
595.7000000000048 2.133811314171679e-08
595.8000000000048 2.162695072479256e-08
595.9000000000049 2.191580021902903e-08
596.0000000000049 2.22046565136262e-08
596.1000000000049 2.249351668074821e-08
596.2000000000049 2.278237898320021e-08
596.300000000005 2.307124213052332e-08
596.400000000005 2.33601056641762e-08
596.500000000005 2.364896816394344e-08
596.600000000005 2.393782688738528e-08
596.700000000005 2.42266852869842e-08
596.8000000000051 2.451554542137695e-08
596.9000000000051 2.480440721821983e-08
597.0000000000051 2.50932643710389e-08
597.1000000000051 2.538212233358755e-08
597.2000000000052 2.567098256082706e-08
597.3000000000052 2.595984582739674e-08
597.4000000000052 2.624870676334304e-08
597.5000000000052 2.653756879169974e-08
597.6000000000053 2.682643220586708e-08
597.7000000000053 2.711529726957932e-08
597.8000000000053 2.740416229096928e-08
597.9000000000053 2.769302792401343e-08
598.0000000000053 2.798189393521414e-08
598.1000000000054 2.827076003207924e-08
598.2000000000054 2.855962679008603e-08
598.3000000000054 2.884849351543459e-08
598.4000000000054 2.913736019888434e-08
598.5000000000055 2.942622657736307e-08
598.6000000000055 2.971509462220566e-08
598.7000000000055 3.000396341521837e-08
598.8000000000055 3.029283224523431e-08
598.9000000000055 3.058170096284307e-08
599.0000000000056 3.087056941863421e-08
599.1000000000056 3.115943746319732e-08
599.2000000000056 3.144830494712196e-08
599.3000000000056 3.173717172099772e-08
599.4000000000057 3.202603911747377e-08
599.5000000000057 3.231490727552773e-08
599.6000000000057 3.2603775273315e-08
599.7000000000057 3.289264306358751e-08
599.8000000000058 3.318151059909719e-08
599.9000000000058 3.347037783259602e-08
600.0000000000058 3.37592447168024e-08
600.1000000000058 3.347037920453518e-08
600.2000000000058 3.318151367646844e-08
600.3000000000059 3.289264856666827e-08
600.4000000000059 3.26037833437033e-08
600.5000000000059 3.231491800467212e-08
600.6000000000059 3.20260525466733e-08
600.700000000006 3.173718696680543e-08
600.800000000006 3.14483212621671e-08
600.900000000006 3.115945542985689e-08
601.000000000006 3.087059008387987e-08
601.100000000006 3.05817240742958e-08
601.2000000000061 3.029285806599546e-08
601.3000000000061 3.000399205897884e-08
601.4000000000061 2.971512605324595e-08
601.5000000000061 2.942626004879677e-08
601.6000000000062 2.913739404563132e-08
601.7000000000062 2.88485280437496e-08
601.8000000000062 2.855966204314567e-08
601.9000000000062 2.827079604299961e-08
602.0000000000063 2.798193004285355e-08
602.1000000000063 2.769306404270749e-08
602.2000000000063 2.740419804256144e-08
602.3000000000063 2.711533204187725e-08
602.4000000000063 2.682646603521909e-08
602.5000000000064 2.653760002856093e-08
602.6000000000064 2.624873402190277e-08
602.7000000000064 2.59598680152446e-08
602.8000000000064 2.567100166583017e-08
602.9000000000065 2.538213301871418e-08
603.0000000000065 2.50932643715982e-08
603.1000000000065 2.480439572448222e-08
603.2000000000065 2.451552707736623e-08
603.3000000000065 2.422665843025024e-08
603.4000000000066 2.393778978313426e-08
603.5000000000066 2.364892113601828e-08
603.6000000000066 2.336005248890229e-08
603.7000000000066 2.307118384178631e-08
603.8000000000067 2.27823139054061e-08
603.9000000000067 2.249343950675033e-08
604.0000000000067 2.220456510809457e-08
604.1000000000067 2.191567691539785e-08
604.2000000000068 2.162678657605717e-08
604.3000000000068 2.133787918470444e-08
604.4000000000068 2.104895517974758e-08
604.5000000000068 2.076000080798375e-08
604.6000000000068 2.047100508597649e-08
604.7000000000069 2.018198449756983e-08
604.8000000000069 1.989284891331974e-08
604.9000000000069 1.960372677417693e-08
605.0000000000069 1.931448562926032e-08
605.100000000007 1.902510632547607e-08
605.200000000007 1.873553756533221e-08
605.300000000007 1.84457162264974e-08
605.400000000007 1.815560701729007e-08
605.500000000007 1.786511668361429e-08
605.6000000000071 1.757413872779116e-08
605.7000000000071 1.728256960445104e-08
605.8000000000071 1.69903245001817e-08
605.9000000000071 1.669726007464536e-08
606.0000000000072 1.640321961127258e-08
606.1000000000072 1.610803976464309e-08
606.2000000000072 1.581156572593502e-08
606.3000000000072 1.55136542677676e-08
606.4000000000073 1.52141674282637e-08
606.5000000000073 1.491300572471161e-08
606.6000000000073 1.461006660101044e-08
606.7000000000073 1.43053376261362e-08
606.8000000000073 1.399879589455915e-08
606.9000000000074 1.369053766437291e-08
607.0000000000074 1.338065625335556e-08
607.1000000000074 1.306934827044991e-08
607.2000000000074 1.275684311797306e-08
607.3000000000075 1.24434165186935e-08
607.4000000000075 1.212940029912131e-08
607.5000000000075 1.181514007526749e-08
607.6000000000075 1.150099602095487e-08
607.7000000000075 1.118731392639199e-08
607.8000000000076 1.087443551795362e-08
607.9000000000076 1.056264245292116e-08
608.0000000000076 1.025221044594422e-08
608.1000000000076 9.943322167174891e-09
608.2000000000077 9.63615090579796e-09
608.3000000000077 9.330779642419503e-09
608.4000000000077 9.027259523659665e-09
608.5000000000077 8.725581648715873e-09
608.6000000000078 8.425690765394525e-09
608.7000000000078 8.12750228110449e-09
608.8000000000078 7.830885024445472e-09
608.9000000000078 7.535702758106368e-09
609.0000000000078 7.241784985547281e-09
609.1000000000079 6.948971040202844e-09
609.2000000000079 6.657086082628352e-09
609.3000000000079 6.365971005838676e-09
609.4000000000079 6.075473630939133e-09
609.500000000008 5.785457563561038e-09
609.600000000008 5.495804630498615e-09
609.700000000008 5.206416122923701e-09
609.800000000008 4.917207955334431e-09
609.900000000008 4.628126157957034e-09
610.0000000000081 4.339129602776016e-09
610.1000000000081 4.050184780903773e-09
610.2000000000081 3.761282454784603e-09
610.3000000000081 3.47239922470439e-09
610.4000000000082 3.183531921032092e-09
610.5000000000082 2.894671569361545e-09
610.6000000000082 2.605809913256074e-09
610.7000000000082 2.316950000170429e-09
610.8000000000083 2.02808543100222e-09
610.9000000000083 1.739222707877654e-09
611.0000000000083 1.450357668080779e-09
611.1000000000083 1.161492327514807e-09
611.2000000000083 8.726267203781977e-10
611.3000000000084 5.837604348552699e-10
611.4000000000084 2.948942591575986e-10
611.5000000000084 6.028022363829474e-12
611.6000000000084 -2.828381894076767e-10
611.7000000000085 -5.717043016942573e-10
611.8000000000085 -8.605703224947182e-10
611.9000000000085 -1.149436299081276e-09
612.0000000000085 -1.438302264255417e-09
612.1000000000085 -1.727168196019166e-09
612.2000000000086 -2.016033531715487e-09
612.3000000000086 -2.304899088865684e-09
612.4000000000086 -2.593749954893734e-09
612.5000000000086 -2.882556679809425e-09
612.6000000000087 -3.171210844229006e-09
612.7000000000087 -3.459425982277491e-09
612.8000000000087 -3.746434408619863e-09
612.9000000000087 -4.029933866440167e-09
613.0000000000088 -4.304204333192862e-09
613.1000000000088 -4.556948870153994e-09
613.2000000000088 -4.766505792967793e-09
613.3000000000088 -4.909364456814206e-09
613.4000000000088 -4.977227072361428e-09
613.5000000000089 -4.985336589984593e-09
613.6000000000089 -4.957839087039226e-09
613.7000000000089 -4.913086441413407e-09
613.8000000000089 -4.861235965876111e-09
613.900000000009 -4.806887350248959e-09
614.000000000009 -4.752227247277083e-09
614.100000000009 -4.698195041130249e-09
614.200000000009 -4.645085068242625e-09
614.300000000009 -4.593017768019766e-09
614.4000000000091 -4.542039207507741e-09
614.5000000000091 -4.492149683236958e-09
614.6000000000091 -4.44332801236963e-09
614.7000000000091 -4.395544168518733e-09
614.8000000000092 -4.348766937781355e-09
614.9000000000092 -4.302967417643307e-09
615.0000000000092 -4.258117921012361e-09
615.1000000000092 -4.214190419687299e-09
615.2000000000093 -4.171160054669545e-09
615.3000000000093 -4.129001001125501e-09
615.4000000000093 -4.087689372923057e-09
615.5000000000093 -4.047203111512983e-09
615.6000000000093 -4.007518975609895e-09
615.7000000000094 -3.968613325042066e-09
615.8000000000094 -3.930464732927411e-09
615.9000000000094 -3.893052888088105e-09
616.0000000000094 -3.856358407009486e-09
616.1000000000095 -3.820363386303196e-09
616.2000000000095 -3.785050946468203e-09
616.3000000000095 -3.750405355323339e-09
616.4000000000095 -3.716404480511183e-09
616.5000000000095 -3.683031278385613e-09
616.6000000000096 -3.650272863247993e-09
616.7000000000096 -3.618114749063634e-09
616.8000000000096 -3.586541931122293e-09
616.9000000000096 -3.555533399828047e-09
617.0000000000097 -3.525078562805336e-09
617.1000000000097 -3.495163622143837e-09
617.2000000000097 -3.465775267641633e-09
617.3000000000097 -3.436901453835618e-09
617.4000000000098 -3.408530199058958e-09
617.5000000000098 -3.380649721838108e-09
617.6000000000098 -3.353249002656152e-09
617.7000000000098 -3.32631598739779e-09
617.8000000000098 -3.299833078918603e-09
617.9000000000099 -3.273794861903744e-09
618.0000000000099 -3.248191350620376e-09
618.1000000000099 -3.223012998304162e-09
618.2000000000099 -3.198250697159198e-09
618.30000000001 -3.173895778358152e-09
618.40000000001 -3.149939065069966e-09
618.50000000001 -3.126363110876867e-09
618.60000000001 -3.103165506023777e-09
618.70000000001 -3.08033815333301e-09
618.8000000000101 -3.057873297806785e-09
618.9000000000101 -3.035763526627348e-09
619.0000000000101 -3.014001769156829e-09
619.1000000000101 -2.992581118870423e-09
619.2000000000102 -2.971484959928246e-09
619.3000000000102 -2.950712358445037e-09
619.4000000000102 -2.930256492820367e-09
619.5000000000102 -2.910110791476926e-09
619.6000000000103 -2.890268932860506e-09
619.7000000000103 -2.870724845439954e-09
619.8000000000103 -2.85147270770723e-09
619.9000000000103 -2.832504125114057e-09
620.0000000000103 -2.81381492882901e-09
620.1000000000104 -2.795399872968993e-09
620.2000000000104 -2.777253784547619e-09
620.3000000000104 -2.759371713690791e-09
620.4000000000104 -2.741748933636836e-09
620.5000000000105 -2.724380940736324e-09
620.6000000000105 -2.70725496089831e-09
620.7000000000105 -2.690369223268853e-09
620.8000000000105 -2.673719965031098e-09
620.9000000000106 -2.657302395004417e-09
621.0000000000106 -2.641111854205141e-09
621.1000000000106 -2.625143815846573e-09
621.2000000000106 -2.609393885339055e-09
621.3000000000106 -2.593861254080549e-09
621.4000000000107 -2.57854144832109e-09
621.5000000000107 -2.563430145810898e-09
621.6000000000107 -2.548524021537155e-09
621.7000000000107 -2.533819924626914e-09
621.8000000000108 -2.519314878347062e-09
621.9000000000108 -2.505006080104344e-09
622.0000000000108 -2.490882124847214e-09
622.1000000000108 -2.476938299495511e-09
622.2000000000108 -2.463173213105834e-09
622.3000000000109 -2.44958240228299e-09
622.4000000000109 -2.436161360567677e-09
622.5000000000109 -2.42290553843655e-09
622.6000000000109 -2.409824880734651e-09
622.700000000011 -2.396911398849042e-09
622.800000000011 -2.384161766657835e-09
622.900000000011 -2.371574095510215e-09
623.000000000011 -2.359146709596544e-09
623.1000000000111 -2.34687691630325e-09
623.2000000000111 -2.334751210946841e-09
623.3000000000111 -2.322773324580284e-09
623.4000000000111 -2.310940247050465e-09
623.5000000000111 -2.299248968609764e-09
623.6000000000112 -2.287696479916111e-09
623.7000000000112 -2.276282326251402e-09
623.8000000000112 -2.265009453546081e-09
623.9000000000112 -2.253872519530292e-09
624.0000000000113 -2.242870018741746e-09
624.1000000000113 -2.232000589106001e-09
624.2000000000113 -2.221263011936521e-09
624.3000000000113 -2.210649155749049e-09
624.4000000000113 -2.200152971650006e-09
624.5000000000114 -2.189775688004342e-09
624.6000000000114 -2.179514259872126e-09
624.7000000000114 -2.169365561930413e-09
624.8000000000114 -2.159326388473364e-09
624.9000000000115 -2.149405928611597e-09
625.0000000000115 -2.13965856341509e-09
626.0000000000115 -1.67195681767051e-09
627.0000000000115 -1.578216509447059e-09
628.0000000000115 -1.524874358878837e-09
629.0000000000115 -1.487856824696028e-09
630.0000000000115 -1.45965576969222e-09
631.0000000000115 -1.436948606734056e-09
632.0000000000115 -1.417993791627305e-09
633.0000000000115 -1.401761978055164e-09
634.0000000000115 -1.387578923983104e-09
635.0000000000115 -1.375002684135306e-09
636.0000000000115 -1.363721601439633e-09
637.0000000000115 -1.353500775727896e-09
638.0000000000115 -1.344158738371629e-09
639.0000000000115 -1.335561271007422e-09
640.0000000000115 -1.327604596293745e-09
641.0000000000115 -1.320203846892363e-09
642.0000000000115 -1.313288953123529e-09
643.0000000000115 -1.306802772068974e-09
644.0000000000115 -1.300695062925001e-09
645.0000000000115 -1.29492448655435e-09
646.0000000000115 -1.289458036754952e-09
647.0000000000115 -1.284265029388616e-09
648.0000000000115 -1.279323064440081e-09
649.0000000000115 -1.274607972545968e-09
650.0000000000115 -1.270103219321375e-09
651.0000000000115 -1.265789532420075e-09
652.0000000000115 -1.26165347930053e-09
653.0000000000115 -1.25768021311732e-09
654.0000000000115 -1.253857914952144e-09
655.0000000000115 -1.250174538241795e-09
656.0000000000115 -1.246622062707117e-09
657.0000000000115 -1.243192267685817e-09
658.0000000000115 -1.239874666559525e-09
659.0000000000115 -1.236664718104775e-09
660.0000000000115 -1.233557176371731e-09
661.0000000000115 -1.230542632894658e-09
662.0000000000115 -1.22761817258326e-09
663.0000000000115 -1.224779897235056e-09
664.0000000000115 -1.222020678081498e-09
665.0000000000115 -1.21933751326196e-09
666.0000000000115 -1.216727061694222e-09
667.0000000000115 -1.214184797071931e-09
668.0000000000115 -1.211707365175539e-09
669.0000000000115 -1.209292027233621e-09
670.0000000000115 -1.206935090876061e-09
671.0000000000115 -1.204633638442962e-09
672.0000000000115 -1.202385728582226e-09
673.0000000000115 -1.200189274117103e-09
674.0000000000115 -1.198042472321404e-09
675.0000000000115 -1.19594190297838e-09
676.0000000000115 -1.193885641261987e-09
677.0000000000115 -1.191872717042006e-09
678.0000000000115 -1.189901775779205e-09
679.0000000000115 -1.187971675514774e-09
680.0000000000115 -1.18607923127287e-09
681.0000000000115 -1.184223298509616e-09
682.0000000000115 -1.18240323038683e-09
683.0000000000115 -1.180617996398388e-09
684.0000000000115 -1.178866702115063e-09
685.0000000000115 -1.177146800763022e-09
686.0000000000115 -1.175457594380404e-09
687.0000000000115 -1.173798403727487e-09
688.0000000000115 -1.172168345646993e-09
689.0000000000115 -1.170566618223191e-09
690.0000000000115 -1.168991526703297e-09
691.0000000000115 -1.1674425137483e-09
692.0000000000115 -1.165918878307101e-09
693.0000000000115 -1.164419877666863e-09
694.0000000000115 -1.162944823191398e-09
695.0000000000115 -1.161492105214773e-09
696.0000000000115 -1.160061588500409e-09
697.0000000000115 -1.15865270158136e-09
698.0000000000115 -1.157264870287871e-09
699.0000000000115 -1.155897567270614e-09
700.0000000000115 -1.15455031200069e-09
701.0000000000115 -1.153222670769579e-09
702.0000000000115 -1.151913954654605e-09
703.0000000000115 -1.150622557583268e-09
704.0000000000115 -1.149348929614857e-09
705.0000000000115 -1.148092666706678e-09
706.0000000000115 -1.146853399790074e-09
707.0000000000115 -1.14563079477042e-09
708.0000000000115 -1.144424552527099e-09
709.0000000000115 -1.143234408913559e-09
710.0000000000115 -1.142059351502793e-09
711.0000000000115 -1.14089853636758e-09
712.0000000000115 -1.13975231350317e-09
713.0000000000115 -1.138620387144641e-09
714.0000000000115 -1.137502483866655e-09
715.0000000000115 -1.136398352583421e-09
716.0000000000115 -1.13530776454868e-09
717.0000000000115 -1.134230513355743e-09
718.0000000000115 -1.133165483120481e-09
719.0000000000115 -1.132112620097379e-09
720.0000000000115 -1.131071914345447e-09
721.0000000000115 -1.130043123443274e-09
722.0000000000115 -1.12902601825368e-09
723.0000000000115 -1.12802038292374e-09
724.0000000000115 -1.127026014884746e-09
725.0000000000115 -1.126042714186077e-09
726.0000000000115 -1.125069673302021e-09
727.0000000000115 -1.124107071335612e-09
728.0000000000115 -1.123154700239503e-09
729.0000000000115 -1.122212360781362e-09
730.0000000000115 -1.121279862543872e-09
731.0000000000115 -1.120357023924722e-09
732.0000000000115 -1.119443672136606e-09
733.0000000000115 -1.118539483248504e-09
734.0000000000115 -1.117643961557006e-09
735.0000000000115 -1.116757273174496e-09
736.0000000000115 -1.115879256977665e-09
737.0000000000115 -1.115009759477545e-09
738.0000000000115 -1.114148634819576e-09
739.0000000000115 -1.113295744783558e-09
740.0000000000115 -1.112450958783646e-09
741.0000000000115 -1.111614153868389e-09
742.0000000000115 -1.11078521472071e-09
743.0000000000115 -1.109964033657873e-09
744.0000000000115 -1.109150510631559e-09
745.0000000000115 -1.10834441122371e-09
746.0000000000115 -1.107544889961546e-09
747.0000000000115 -1.10675246920061e-09
748.0000000000115 -1.105967041024145e-09
749.0000000000115 -1.10518850321554e-09
750.0000000000115 -1.104416759258303e-09
751.0000000000115 -1.103651718336067e-09
752.0000000000115 -1.102893295332596e-09
753.0000000000115 -1.102141410831764e-09
754.0000000000115 -1.101395991117589e-09
755.0000000000115 -1.100656968174218e-09
756.0000000000115 -1.099924279685908e-09
757.0000000000115 -1.099197840762466e-09
758.0000000000115 -1.098476579871697e-09
759.0000000000115 -1.097761181869522e-09
760.0000000000115 -1.097051566467605e-09
761.0000000000115 -1.096347657010737e-09
762.0000000000115 -1.095649380476833e-09
763.0000000000115 -1.094956667476912e-09
764.0000000000115 -1.094269452255117e-09
765.0000000000115 -1.093587672688721e-09
766.0000000000115 -1.092911270288086e-09
767.0000000000115 -1.092240190196719e-09
768.0000000000115 -1.091574381191229e-09
769.0000000000115 -1.090913795681351e-09
770.0000000000115 -1.090257710217122e-09
771.0000000000115 -1.089606474335208e-09
772.0000000000115 -1.088960087149765e-09
773.0000000000115 -1.088318485093168e-09
774.0000000000115 -1.087681606749538e-09
775.0000000000115 -1.087049392854734e-09
776.0000000000115 -1.086421786296336e-09
777.0000000000115 -1.085798732113688e-09
778.0000000000115 -1.085180177497862e-09
779.0000000000115 -1.08456607179167e-09
780.0000000000115 -1.083956366489652e-09
781.0000000000115 -1.083351015238104e-09
782.0000000000115 -1.082749693294251e-09
783.0000000000115 -1.082152458335064e-09
784.0000000000115 -1.081559328364994e-09
785.0000000000115 -1.080970250730137e-09
786.0000000000115 -1.080385174199901e-09
787.0000000000115 -1.079804048967044e-09
788.0000000000115 -1.079226826647649e-09
789.0000000000115 -1.078653460281145e-09
790.0000000000115 -1.078083904330271e-09
791.0000000000115 -1.077518114681129e-09
792.0000000000115 -1.076956048643128e-09
793.0000000000115 -1.076397664949028e-09
794.0000000000115 -1.075842698976129e-09
795.0000000000115 -1.075291155256076e-09
796.0000000000115 -1.074743105922808e-09
797.0000000000115 -1.074198509549897e-09
798.0000000000115 -1.073657325943965e-09
799.0000000000115 -1.073119516144701e-09
800.0000000000115 -1.072585042424888e-09
801.0000000000115 -1.072053868290349e-09
802.0000000000115 -1.071525958479995e-09
803.0000000000115 -1.071001278965793e-09
804.0000000000115 -1.070479796952805e-09
805.0000000000115 -1.069961480879133e-09
806.0000000000115 -1.069446300415956e-09
807.0000000000115 -1.068934226467538e-09
808.0000000000115 -1.068425231171202e-09
809.0000000000115 -1.067919287897319e-09
810.0000000000115 -1.067416371249375e-09
811.0000000000115 -1.066916457063884e-09
812.0000000000115 -1.066419522410449e-09
813.0000000000115 -1.065925224539924e-09
814.0000000000115 -1.065433525719887e-09
815.0000000000115 -1.064944626273613e-09
816.0000000000115 -1.064458498605658e-09
817.0000000000115 -1.063975116040832e-09
818.0000000000115 -1.063494452824181e-09
819.0000000000115 -1.063016484121023e-09
820.0000000000115 -1.06254118601691e-09
821.0000000000115 -1.062068535517659e-09
822.0000000000115 -1.061598510549329e-09
823.0000000000115 -1.061131089958216e-09
824.0000000000115 -1.060666253510905e-09
825.0000000000115 -1.060203981894199e-09
826.0000000000115 -1.059744256715163e-09
827.0000000000115 -1.059287060501107e-09
828.0000000000115 -1.058832376699603e-09
829.0000000000115 -1.058380189678477e-09
830.0000000000115 -1.057930484725782e-09
831.0000000000115 -1.057483248049842e-09
832.0000000000115 -1.057038174196142e-09
833.0000000000115 -1.056595140044364e-09
834.0000000000115 -1.056154411947438e-09
835.0000000000115 -1.055715969544586e-09
836.0000000000115 -1.055279793060297e-09
837.0000000000115 -1.054845863304368e-09
838.0000000000115 -1.05441416167187e-09
839.0000000000115 -1.053984670143148e-09
840.0000000000115 -1.053557371283841e-09
841.0000000000115 -1.053132248244873e-09
842.0000000000115 -1.052709284762449e-09
843.0000000000115 -1.052288465158051e-09
844.0000000000115 -1.051869774338458e-09
845.0000000000115 -1.051453197795718e-09
846.0000000000115 -1.051038721607174e-09
847.0000000000115 -1.050626332435439e-09
848.0000000000115 -1.050216017528431e-09
849.0000000000115 -1.049807764719338e-09
850.0000000000115 -1.049401562426624e-09
851.0000000000115 -1.048997226132673e-09
852.0000000000115 -1.048594600356022e-09
853.0000000000115 -1.048193903875946e-09
854.0000000000115 -1.047795120125384e-09
855.0000000000115 -1.047398232882487e-09
856.0000000000115 -1.047003226270658e-09
857.0000000000115 -1.046610084758492e-09
858.0000000000115 -1.046218793159838e-09
859.0000000000115 -1.045829336633764e-09
860.0000000000115 -1.045441700684539e-09
861.0000000000115 -1.045055871161694e-09
862.0000000000115 -1.044671834259971e-09
863.0000000000115 -1.044289576519327e-09
864.0000000000115 -1.04390908482496e-09
865.0000000000115 -1.043530346407293e-09
866.0000000000115 -1.043153348841965e-09
867.0000000000115 -1.042778080049839e-09
868.0000000000115 -1.042404528297019e-09
869.0000000000115 -1.042032682194829e-09
870.0000000000115 -1.041662463152401e-09
871.0000000000115 -1.041293757864147e-09
872.0000000000115 -1.040926682331538e-09
873.0000000000115 -1.040561222967092e-09
874.0000000000115 -1.040197366410922e-09
875.0000000000115 -1.039835099530808e-09
876.0000000000115 -1.039474409422116e-09
877.0000000000115 -1.039115283407886e-09
878.0000000000115 -1.038757709038753e-09
879.0000000000115 -1.038401674092991e-09
880.0000000000115 -1.038047166576515e-09
881.0000000000115 -1.037694174722851e-09
882.0000000000115 -1.037342686993157e-09
883.0000000000115 -1.036992692076228e-09
884.0000000000115 -1.036644178888492e-09
885.0000000000115 -1.03629713657398e-09
886.0000000000115 -1.035951554504387e-09
887.0000000000115 -1.035607422279006e-09
888.0000000000115 -1.035264729724785e-09
889.0000000000115 -1.034923416365369e-09
890.0000000000115 -1.034583347774634e-09
891.0000000000115 -1.03424466278498e-09
892.0000000000115 -1.033907350710753e-09
893.0000000000115 -1.033571401063537e-09
894.0000000000115 -1.033236803552199e-09
895.0000000000115 -1.032903548082841e-09
896.0000000000115 -1.032571624758868e-09
897.0000000000115 -1.032241023880909e-09
898.0000000000115 -1.031911735946871e-09
899.0000000000115 -1.031583751651931e-09
900.0000000000115 -1.031257061888512e-09
901.0000000000115 -1.030931657746313e-09
902.0000000000115 -1.030607530512285e-09
903.0000000000115 -1.030284671670652e-09
904.0000000000115 -1.02996307290288e-09
905.0000000000115 -1.029642726087729e-09
906.0000000000115 -1.029323623301199e-09
907.0000000000115 -1.029005756816555e-09
908.0000000000115 -1.028689119104316e-09
909.0000000000115 -1.028373702832291e-09
910.0000000000115 -1.028059500865529e-09
911.0000000000115 -1.027746506266332e-09
912.0000000000115 -1.027434712294302e-09
913.0000000000115 -1.027124112406262e-09
914.0000000000115 -1.026814700256316e-09
915.0000000000115 -1.026506469695839e-09
916.0000000000115 -1.026199414773448e-09
917.0000000000115 -1.025893529735039e-09
918.0000000000115 -1.025588809023762e-09
919.0000000000115 -1.025285192712451e-09
920.0000000000115 -1.024982415800619e-09
921.0000000000115 -1.024680743506468e-09
922.0000000000115 -1.024380168718111e-09
923.0000000000115 -1.024080684470813e-09
924.0000000000115 -1.023782283947009e-09
925.0000000000115 -1.023484960476261e-09
926.0000000000115 -1.023188707535332e-09
927.0000000000115 -1.02289351874809e-09
928.0000000000115 -1.022599387885594e-09
929.0000000000115 -1.02230630886606e-09
930.0000000000115 -1.022014275754825e-09
931.0000000000115 -1.021723282764427e-09
932.0000000000115 -1.021433324254525e-09
933.0000000000115 -1.021144394731952e-09
934.0000000000115 -1.02085648885069e-09
935.0000000000115 -1.020569601411885e-09
936.0000000000115 -1.020283727363822e-09
937.0000000000115 -1.019998861801954e-09
938.0000000000115 -1.019714999968895e-09
939.0000000000115 -1.019432137254412e-09
940.0000000000115 -1.019150269195414e-09
941.0000000000115 -1.018869391475972e-09
942.0000000000115 -1.018589499927327e-09
943.0000000000115 -1.018310590527863e-09
944.0000000000115 -1.018032659403124e-09
945.0000000000115 -1.017755702825808e-09
946.0000000000115 -1.017479717215766e-09
947.0000000000115 -1.017204699140005e-09
948.0000000000115 -1.016930645312691e-09
949.0000000000115 -1.01665752465183e-09
950.0000000000115 -1.016384997936876e-09
951.0000000000115 -1.016113379248926e-09
952.0000000000115 -1.015842663379925e-09
953.0000000000115 -1.015572845215213e-09
954.0000000000115 -1.015303919733538e-09
955.0000000000115 -1.015035882007019e-09
956.0000000000115 -1.014768727201163e-09
957.0000000000115 -1.014502450574885e-09
958.0000000000115 -1.014237047480488e-09
959.0000000000115 -1.013972513363636e-09
960.0000000000115 -1.013708843763429e-09
961.0000000000115 -1.013446034312318e-09
962.0000000000115 -1.01318408073617e-09
963.0000000000115 -1.012922978854231e-09
964.0000000000115 -1.01266272457913e-09
965.0000000000115 -1.012403313916908e-09
966.0000000000115 -1.012144742966979e-09
967.0000000000115 -1.011887007922145e-09
968.0000000000115 -1.011630105068615e-09
969.0000000000115 -1.011374030785977e-09
970.0000000000115 -1.011118781547209e-09
971.0000000000115 -1.010864353918677e-09
972.0000000000115 -1.010610744560146e-09
973.0000000000115 -1.010357950224769e-09
974.0000000000115 -1.010105967759085e-09
975.0000000000115 -1.009854794103019e-09
976.0000000000115 -1.009604426289905e-09
977.0000000000115 -1.009354861446453e-09
978.0000000000115 -1.00910609679275e-09
979.0000000000115 -1.008858129642309e-09
980.0000000000115 -1.008610680792599e-09
981.0000000000115 -1.00836398894767e-09
982.0000000000115 -1.008118051597142e-09
983.0000000000115 -1.007872864593291e-09
984.0000000000115 -1.007628423843245e-09
985.0000000000115 -1.007384725309011e-09
986.0000000000115 -1.007141765007437e-09
987.0000000000115 -1.006899539010226e-09
988.0000000000115 -1.006658043443956e-09
989.0000000000115 -1.006417274490049e-09
990.0000000000115 -1.006177228384808e-09
991.0000000000115 -1.005937901419358e-09
992.0000000000115 -1.005699289939712e-09
993.0000000000115 -1.005461390346726e-09
994.0000000000115 -1.005224199096127e-09
995.0000000000115 -1.004987712698501e-09
996.0000000000115 -1.004751927719269e-09
997.0000000000115 -1.004516840778747e-09
998.0000000000115 -1.004282448552069e-09
999.0000000000115 -1.004048747769264e-09
1000.000000000011 -1.003815735215203e-09
1001.000000000011 -1.003583407729611e-09
1002.000000000011 -1.003351762207073e-09
1003.000000000011 -1.003120795597052e-09
1004.000000000011 -1.002890504903844e-09
1005.000000000011 -1.002660887186608e-09
1006.000000000011 -1.00243193955938e-09
1007.000000000011 -1.002203659191039e-09
1008.000000000011 -1.001976043305316e-09
1009.000000000011 -1.001749089180821e-09
1010.000000000011 -1.001522670967814e-09
1011.000000000011 -1.001296881536981e-09
1012.000000000011 -1.001071728775425e-09
1013.000000000011 -1.000847209287285e-09
1014.000000000011 -1.000623319712757e-09
1015.000000000011 -1.000400056728121e-09
1016.000000000011 -1.000177417045675e-09
1017.000000000011 -9.999553974137949e-10
1018.000000000011 -9.997339946168914e-10
1019.000000000011 -9.995132054754428e-10
1020.000000000011 -9.992930268459734e-10
1021.000000000011 -9.990734556210736e-10
1022.000000000011 -9.98854488729363e-10
1023.000000000011 -9.98636123135544e-10
1024.000000000011 -9.984183558403582e-10
1025.000000000011 -9.982011838805849e-10
1026.000000000011 -9.979846043290958e-10
1027.000000000011 -9.977686142947831e-10
1028.000000000011 -9.975532109226039e-10
1029.000000000011 -9.973383913935725e-10
1030.000000000011 -9.971241529247496e-10
1031.000000000011 -9.969104927692615e-10
1032.000000000011 -9.966974082162815e-10
1033.000000000011 -9.964848965910224e-10
1034.000000000011 -9.962729552547705e-10
1035.000000000011 -9.960615816048679e-10
1036.000000000011 -9.958507730746958e-10
1037.000000000011 -9.956405271336831e-10
1038.000000000011 -9.95430841287349e-10
1039.000000000011 -9.952217130772181e-10
1040.000000000011 -9.950130297907077e-10
1041.000000000011 -9.948048671475346e-10
1042.000000000011 -9.94597244402713e-10
1043.000000000011 -9.943901588885685e-10
1044.000000000011 -9.941836079686503e-10
1045.000000000011 -9.939775890377943e-10
1046.000000000011 -9.937720995220611e-10
1047.000000000011 -9.935671368787886e-10
1048.000000000011 -9.933626985965568e-10
1049.000000000011 -9.931587821952055e-10
1050.000000000011 -9.929553852258253e-10
1051.000000000011 -9.927525052707588e-10
1052.000000000011 -9.92550139943607e-10
1053.000000000011 -9.923482868892229e-10
1054.000000000011 -9.921469437837189e-10
1055.000000000011 -9.919461083344496e-10
1056.000000000011 -9.91745778280038e-10
1057.000000000011 -9.915459513903501e-10
1058.000000000011 -9.913466254665194e-10
1059.000000000011 -9.911477983409224e-10
1060.000000000011 -9.909494678771862e-10
1061.000000000011 -9.907516319701982e-10
1062.000000000011 -9.905542885461136e-10
1063.000000000011 -9.903574355623214e-10
1064.000000000011 -9.90161071007462e-10
1065.000000000011 -9.899651929014523e-10
1066.000000000011 -9.897697992954526e-10
1067.000000000011 -9.89574888271864e-10
1068.000000000011 -9.893804579443662e-10
1069.000000000011 -9.891865064578804e-10
1070.000000000011 -9.889930319885703e-10
1071.000000000011 -9.888000327438769e-10
1072.000000000011 -9.88607506962483e-10
1073.000000000011 -9.884154529143235e-10
1074.000000000011 -9.88223868900592e-10
1075.000000000011 -9.880327532537422e-10
1076.000000000011 -9.878421043374614e-10
1077.000000000011 -9.87651920546723e-10
1078.000000000011 -9.874622003077249e-10
1079.000000000011 -9.872729420779252e-10
1080.000000000011 -9.870841443460585e-10
1081.000000000011 -9.868958056320851e-10
1082.000000000011 -9.867079244872419e-10
1083.000000000011 -9.865204994939993e-10
1084.000000000011 -9.863335292660882e-10
1085.000000000011 -9.861470124485159e-10
1086.000000000011 -9.859609477175149e-10
1087.000000000011 -9.857752721347413e-10
1088.000000000011 -9.855898810531144e-10
1089.000000000011 -9.8540492106944e-10
1090.000000000011 -9.852203904039612e-10
1091.000000000011 -9.850362873002181e-10
1092.000000000011 -9.848526100250406e-10
1093.000000000011 -9.84669356868589e-10
1094.000000000011 -9.844865261443048e-10
1095.000000000011 -9.843041161889526e-10
1096.000000000011 -9.841221253626113e-10
1097.000000000011 -9.839405520486317e-10
1098.000000000011 -9.837593946537133e-10
1099.000000000011 -9.835786516078187e-10
1100.000000000011 -9.833983213642511e-10
1101.000000000011 -9.832184023995938e-10
1102.000000000011 -9.830388932137619e-10
1103.000000000011 -9.828597923299508e-10
1104.000000000011 -9.82681098294679e-10
1105.000000000011 -9.825028096777707e-10
1106.000000000011 -9.823249250723308e-10
1107.000000000011 -9.821474430948048e-10
1108.000000000011 -9.819703623849263e-10
1109.000000000011 -9.817936816057439e-10
1110.000000000011 -9.816173994435864e-10
1111.000000000011 -9.814415146081144e-10
1112.000000000011 -9.812660258322945e-10
1113.000000000011 -9.810909318723905e-10
1114.000000000011 -9.809162315079638e-10
1115.000000000011 -9.807419235419081e-10
1116.000000000011 -9.805680068003877e-10
1117.000000000011 -9.803944801328908e-10
1118.000000000011 -9.802213424122288e-10
1119.000000000011 -9.800485925344839e-10
1120.000000000011 -9.798762294190802e-10
1121.000000000011 -9.797042520087121e-10
1122.000000000011 -9.795326592693978e-10
1123.000000000011 -9.793614501904785e-10
1124.000000000011 -9.791906237845584e-10
1125.000000000011 -9.790201790875908e-10
1126.000000000011 -9.788501151588094e-10
1127.000000000011 -9.786804310807622e-10
1128.000000000011 -9.785111259593034e-10
1129.000000000011 -9.78342198923593e-10
1130.000000000011 -9.781736491260798e-10
1131.000000000011 -9.780054757425536e-10
1132.000000000011 -9.778376779720747e-10
1133.000000000011 -9.776702550370366e-10
1134.000000000011 -9.775032061831116e-10
1135.000000000011 -9.773365043067462e-10
1136.000000000011 -9.771701563884762e-10
1137.000000000011 -9.770041681594464e-10
1138.000000000011 -9.768385374400723e-10
1139.000000000011 -9.766732619984238e-10
1140.000000000011 -9.76508339550217e-10
1141.000000000011 -9.763437677588054e-10
1142.000000000011 -9.761795442352235e-10
1143.000000000011 -9.760156665381251e-10
1144.000000000011 -9.758521321738371e-10
1145.000000000011 -9.756889385963142e-10
1146.000000000011 -9.755260832071746e-10
1147.000000000011 -9.753635815090267e-10
1148.000000000011 -9.752014217021682e-10
1149.000000000011 -9.750395992711402e-10
1150.000000000011 -9.748781123040344e-10
1151.000000000011 -9.747169588809543e-10
1152.000000000011 -9.745561370740411e-10
1153.000000000011 -9.74395644947456e-10
1154.000000000011 -9.742354805574067e-10
1155.000000000011 -9.740756419521299e-10
1156.000000000011 -9.739161271718912e-10
1157.000000000011 -9.737569342489933e-10
1158.000000000011 -9.73598061207769e-10
1159.000000000011 -9.734395223568066e-10
1160.000000000011 -9.732813049259486e-10
1161.000000000011 -9.731234071625078e-10
1162.000000000011 -9.729658277605764e-10
1163.000000000011 -9.728085654408387e-10
1164.000000000011 -9.726516189505989e-10
1165.000000000011 -9.724949870637199e-10
1166.000000000011 -9.723386685806921e-10
1167.000000000011 -9.721826623285741e-10
1168.000000000011 -9.720269671610518e-10
1169.000000000011 -9.718715819583868e-10
1170.000000000011 -9.717165056515909e-10
1171.000000000011 -9.715617376309001e-10
1172.000000000011 -9.71407276933933e-10
1173.000000000011 -9.712531227710519e-10
1174.000000000011 -9.710992738964137e-10
1175.000000000011 -9.709460521915154e-10
1175.100000000011 -6.820733501153829e-10
1175.200000000011 -3.932035749133148e-10
1175.300000000011 -1.043375770965697e-10
1175.400000000011 1.845284222224894e-10
1175.500000000011 4.733937573655773e-10
1175.600000000011 7.622561166630102e-10
1175.700000000011 1.051084651780363e-09
1175.800000000011 1.339652836310741e-09
1175.900000000011 1.626001259059599e-09
1176.00000000001 1.89711292505155e-09
1176.10000000001 2.107761789368135e-09
1176.20000000001 2.214537651746813e-09
1176.30000000001 2.253612603973264e-09
1176.40000000001 2.271504768914731e-09
1176.50000000001 2.284280079073234e-09
1176.60000000001 2.296036446980459e-09
1176.70000000001 2.307657185303714e-09
1176.80000000001 2.31937446784721e-09
1176.90000000001 2.331233757761628e-09
1177.00000000001 2.343236288935291e-09
1177.100000000009 2.355386486233057e-09
1177.200000000009 2.367688052970817e-09
1177.300000000009 2.380139692364572e-09
1177.400000000009 2.392748706810137e-09
1177.500000000009 2.405513369631174e-09
1177.600000000009 2.418445925975506e-09
1177.700000000009 2.431541787873979e-09
1177.800000000009 2.444799331723603e-09
1177.900000000009 2.45822109963276e-09
1178.000000000009 2.471828474385328e-09
1178.100000000009 2.485608154791183e-09
1178.200000000008 2.499560140850317e-09
1178.300000000008 2.513674196721813e-09
1178.400000000008 2.528016243619116e-09
1178.500000000008 2.542534986364406e-09
1178.600000000008 2.5572335846211e-09
1178.700000000008 2.572127242740276e-09
1178.800000000008 2.58722319629816e-09
1178.900000000008 2.602522297958714e-09
1179.000000000008 2.61802997028041e-09
1179.100000000008 2.633751196311858e-09
1179.200000000008 2.649689238917903e-09
1179.300000000007 2.665850406359041e-09
1179.400000000007 2.682239818180433e-09
1179.500000000007 2.698862593927274e-09
1179.600000000007 2.715716768556349e-09
1179.700000000007 2.732807063758891e-09
1179.800000000007 2.750139137510949e-09
1179.900000000007 2.767716990321901e-09
1180.000000000007 2.78554530223474e-09
1180.100000000007 2.803629923491206e-09
1180.200000000007 2.821974075342334e-09
1180.300000000007 2.840582062338323e-09
1180.400000000006 2.859458189029317e-09
1180.500000000006 2.878619967072145e-09
1180.600000000006 2.898067889908736e-09
1180.700000000006 2.917805744620016e-09
1180.800000000006 2.937839028298896e-09
1180.900000000006 2.958173238038209e-09
1181.000000000006 2.978815561724248e-09
1181.100000000006 2.999776591809146e-09
1181.200000000006 3.021058903568087e-09
1181.300000000006 3.042668557671742e-09
1181.400000000006 3.064611614790706e-09
1181.500000000005 3.08689413559566e-09
1181.600000000005 3.10953231481767e-09
1181.700000000005 3.132533282583436e-09
1181.800000000005 3.155900636892164e-09
1181.900000000005 3.179641640972857e-09
1182.000000000005 3.203763558054544e-09
1182.100000000005 3.228274486881824e-09
1182.200000000005 3.253191877018507e-09
1182.300000000005 3.278517654175138e-09
1182.400000000005 3.304259932491493e-09
1182.500000000005 3.330426826107392e-09
1182.600000000004 3.357026449162621e-09
1182.700000000004 3.384075414541591e-09
1182.800000000004 3.411588401033561e-09
1182.900000000004 3.439568547495128e-09
1183.000000000004 3.468025390521252e-09
1183.100000000004 3.496968466706885e-09
1183.200000000004 3.526407312646968e-09
1183.300000000004 3.556371327240685e-09
1183.400000000004 3.586864551506372e-09
1183.500000000004 3.617897561339944e-09
1183.600000000004 3.649482279443096e-09
1183.700000000003 3.681633270362777e-09
1183.800000000003 3.714367433196239e-09
1183.900000000003 3.747694458368965e-09
1184.000000000003 3.781627179059635e-09
1184.100000000003 3.816178428446915e-09
1184.200000000003 3.851376759360786e-09
1184.300000000003 3.887232995241664e-09
1184.400000000003 3.923759794766607e-09
1184.500000000003 3.960972114473013e-09
1184.600000000003 3.998895391354521e-09
1184.700000000003 4.037541484708312e-09
1184.800000000002 4.07693210843333e-09
1184.900000000002 4.117083014896771e-09
1185.000000000002 4.158010400442617e-09
1185.100000000002 4.199745358799438e-09
1185.200000000002 4.242307656730946e-09
1185.300000000002 4.285715673324155e-09
1185.400000000002 4.329992060525421e-09
1185.500000000002 4.375160396497572e-09
1185.600000000002 4.421250578092286e-09
1185.700000000002 4.468288620931051e-09
1185.800000000002 4.516301326878683e-09
1185.900000000001 4.565317642401265e-09
1186.000000000001 4.615367611041097e-09
1186.100000000001 4.666472015622146e-09
1186.200000000001 4.71866270774779e-09
1186.300000000001 4.771971940085457e-09
1186.400000000001 4.826431095330896e-09
1186.500000000001 4.882072341076214e-09
1186.600000000001 4.938921645665866e-09
1186.700000000001 4.997012946973013e-09
1186.800000000001 5.056379895111021e-09
1186.900000000001 5.117055832151553e-09
1187 5.179074684519025e-09
1187.1 5.242488524999145e-09
1187.2 5.30733086779903e-09
1187.3 5.373639919824206e-09
1187.4 5.441456674548013e-09
1187.5 5.510823190915388e-09
1187.6 5.581808911281167e-09
1187.7 5.65445942832346e-09
1187.8 5.728827889167208e-09
1187.9 5.804971603598045e-09
1188 5.882957643242332e-09
1188.099999999999 5.962847240397981e-09
1188.199999999999 6.04470722258485e-09
1188.299999999999 6.128604162496148e-09
1188.399999999999 6.214578535304722e-09
1188.499999999999 6.302707970556633e-09
1188.599999999999 6.393058850273176e-09
1188.699999999999 6.485677631698994e-09
1188.799999999999 6.580422664709762e-09
1188.899999999999 6.677517948876621e-09
1188.999999999999 6.77709320692652e-09
1189.099999999999 6.879227650538728e-09
1189.199999999998 6.983992198448729e-09
1189.299999999998 7.091460037653465e-09
1189.399999999998 7.201714910989471e-09
1189.499999999998 7.31483623380521e-09
1189.599999999998 7.430902162275182e-09
1189.699999999998 7.550011569682491e-09
1189.799999999998 7.672241997506054e-09
1189.899999999998 7.797687370652094e-09
1189.999999999998 7.926444979272787e-09
1190.099999999998 8.05860031976727e-09
1190.199999999998 8.194259259747478e-09
1190.299999999997 8.333510728893177e-09
1190.399999999997 8.476451634074422e-09
1190.499999999997 8.623180254054984e-09
1190.599999999997 8.773793397606248e-09
1190.699999999997 8.928388241510595e-09
1190.799999999997 9.087053354378451e-09
1190.899999999997 9.24989057794351e-09
1190.999999999997 9.416994323672902e-09
1191.099999999997 9.588428184295925e-09
1191.199999999997 9.764287334967014e-09
1191.299999999997 9.944652922854659e-09
1191.399999999996 1.012957551381857e-08
1191.499999999996 1.03191296430885e-08
1191.599999999996 1.051337649299724e-08
1191.699999999996 1.071233535763167e-08
1191.799999999996 1.091605097379685e-08
1191.899999999996 1.112455291289828e-08
1191.999999999996 1.133782982520121e-08
1192.099999999996 1.155587284504332e-08
1192.199999999996 1.177865868941668e-08
1192.299999999996 1.200612419412391e-08
1192.399999999996 1.22382114392557e-08
1192.499999999995 1.247482830139416e-08
1192.599999999995 1.271586310034397e-08
1192.699999999995 1.296119151266306e-08
1192.799999999995 1.32106597333243e-08
1192.899999999995 1.346410038115817e-08
1192.999999999995 1.372132423092724e-08
1193.099999999995 1.39821221029972e-08
1193.199999999995 1.424626470050263e-08
1193.299999999995 1.451354744495413e-08
1193.399999999995 1.478371347141563e-08
1193.499999999995 1.50564954649303e-08
1193.599999999994 1.533166026531323e-08
1193.699999999994 1.560895661729003e-08
1193.799999999994 1.588813997356099e-08
1193.899999999994 1.616899119179632e-08
1193.999999999994 1.645127792587538e-08
1194.099999999994 1.673481162549898e-08
1194.199999999994 1.701938935816085e-08
1194.299999999994 1.730485472989321e-08
1194.399999999994 1.759104670785593e-08
1194.499999999994 1.787783441064917e-08
1194.599999999994 1.816510438019259e-08
1194.699999999993 1.845275637028219e-08
1194.799999999993 1.874070821281478e-08
1194.899999999993 1.902889699061451e-08
1194.999999999993 1.931726029020376e-08
1195.099999999993 1.960575764684976e-08
1195.199999999993 1.989436359768186e-08
1195.299999999993 2.018303360537003e-08
1195.399999999993 2.047176248770161e-08
1195.499999999993 2.076053480716119e-08
1195.599999999993 2.104932851700314e-08
1195.699999999993 2.133814892245431e-08
1195.799999999992 2.162698113784875e-08
1195.899999999992 2.191582224165616e-08
1195.999999999992 2.220467508935712e-08
1196.099999999992 2.249352878636211e-08
1196.199999999992 2.27823872870657e-08
1196.299999999992 2.307124939905512e-08
1196.399999999992 2.336011161593103e-08
1196.499999999992 2.364897584657862e-08
1196.599999999992 2.393784035617525e-08
1196.699999999992 2.422670541855504e-08
1196.799999999992 2.451557087504676e-08
1196.899999999991 2.480443477518478e-08
1196.999999999991 2.509329881426608e-08
1197.099999999991 2.538216331788604e-08
1197.199999999991 2.567102861163997e-08
1197.299999999991 2.595989343247577e-08
1197.399999999991 2.624875824039818e-08
1197.499999999991 2.653762336108391e-08
1197.599999999991 2.682648888329459e-08
1197.699999999991 2.711535454731356e-08
1197.799999999991 2.740422011788559e-08
1197.899999999991 2.769308582207831e-08
1197.99999999999 2.798195165700148e-08
1198.09999999999 2.82708173916468e-08
1198.19999999999 2.855968345322468e-08
1198.29999999999 2.884854949772659e-08
1198.39999999999 2.913741552515252e-08
1198.49999999999 2.942628153550246e-08
1198.59999999999 2.971514762418417e-08
1198.69999999999 3.000401371789768e-08
1198.79999999999 3.02928798059192e-08
1198.89999999999 3.058174588824873e-08
1198.99999999999 3.087061196488626e-08
1199.099999999989 3.115947803583182e-08
1199.199999999989 3.144834410108536e-08
1199.299999999989 3.173721016064694e-08
1199.399999999989 3.202607621451652e-08
1199.499999999989 3.23149422626941e-08
1199.599999999989 3.260380830517969e-08
1199.699999999989 3.289267434197329e-08
1199.799999999989 3.318154037307491e-08
1199.899999999989 3.347040639848454e-08
1199.999999999989 3.375927241820217e-08
