0 294
0.1 299.956
0.2 305.912
0.3 311.868
0.4 317.824
0.5 323.78
0.6 329.736
0.7 335.692
0.7999999999999999 341.648
0.8999999999999999 347.604
0.9999999999999999 353.56
1.1 359.516
1.2 365.472
1.3 371.428
1.4 377.384
1.5 383.34
1.6 389.296
1.7 395.252
1.8 401.208
1.900000000000001 407.164
2 413.12
2.100000000000001 419.076
2.200000000000001 425.032
2.300000000000001 430.9880000000001
2.400000000000001 436.9440000000001
2.500000000000001 442.9000000000001
2.600000000000001 448.8560000000001
2.700000000000001 454.8120000000001
2.800000000000001 460.7680000000001
2.900000000000001 466.724
3.000000000000001 472.6800000000001
3.100000000000001 478.6360000000001
3.200000000000002 484.5920000000001
3.300000000000002 490.5480000000001
3.400000000000002 496.5040000000001
3.500000000000002 502.4600000000002
3.600000000000002 508.4160000000001
3.700000000000002 514.3720000000001
3.800000000000002 520.3280000000001
3.900000000000002 526.2840000000001
4.000000000000002 532.2400000000001
4.100000000000001 538.1960000000001
4.200000000000001 544.152
4.300000000000001 550.1080000000001
4.4 556.0640000000001
4.5 562.02
4.6 567.976
4.699999999999999 573.932
4.799999999999999 579.8879999999999
4.899999999999999 585.8439999999999
4.999999999999998 591.8
5.099999999999998 597.7559999999999
5.199999999999998 603.7119999999999
5.299999999999997 609.6679999999999
5.399999999999997 615.6239999999998
5.499999999999996 621.5799999999998
5.599999999999996 627.5359999999998
5.699999999999996 633.4919999999997
5.799999999999995 639.4479999999998
5.899999999999995 645.4039999999998
5.999999999999995 651.3599999999997
6.099999999999994 657.3159999999997
6.199999999999994 663.2719999999997
6.299999999999994 669.2279999999996
6.399999999999993 675.1839999999996
6.499999999999993 681.1399999999996
6.599999999999993 687.0959999999995
6.699999999999992 693.0519999999996
6.799999999999992 699.0079999999996
6.899999999999991 704.9639999999995
6.999999999999991 710.9199999999995
7.099999999999991 716.8759999999995
7.19999999999999 722.8319999999994
7.29999999999999 728.7879999999994
7.39999999999999 734.7439999999995
7.499999999999989 740.6999999999994
7.599999999999989 746.6559999999994
7.699999999999989 752.6119999999994
7.799999999999988 758.5679999999993
7.899999999999988 764.5239999999993
7.999999999999988 770.4799999999993
8.099999999999987 776.4359999999992
8.199999999999987 782.3919999999993
8.299999999999986 788.3479999999993
8.399999999999986 794.3039999999992
8.499999999999986 800.2599999999992
8.599999999999985 806.2159999999991
8.699999999999985 812.1719999999991
8.799999999999985 818.1279999999991
8.899999999999984 824.083999999999
8.999999999999984 830.0399999999991
9.099999999999984 835.9959999999991
9.199999999999983 841.951999999999
9.299999999999983 847.907999999999
9.399999999999983 853.863999999999
9.499999999999982 859.8199999999989
9.599999999999982 865.7759999999989
9.699999999999982 871.7319999999989
9.799999999999981 877.6879999999989
9.899999999999981 883.6439999999989
9.99999999999998 889.5999999999989
10.09999999999998 895.5559999999988
10.19999999999998 901.5119999999988
10.29999999999998 907.4679999999988
10.39999999999998 913.4239999999987
10.49999999999998 919.3799999999987
10.59999999999998 925.3359999999988
10.69999999999998 931.2919999999987
10.79999999999998 937.2479999999987
10.89999999999998 943.2039999999987
10.99999999999998 949.1599999999986
11.09999999999998 955.1159999999986
11.19999999999998 961.0719999999986
11.29999999999998 967.0279999999985
11.39999999999998 972.9839999999986
11.49999999999998 978.9399999999986
11.59999999999997 984.8959999999985
11.69999999999997 990.8519999999985
11.79999999999997 996.8079999999985
11.89999999999997 1002.763999999998
11.99999999999997 1008.719999999998
12.09999999999997 1014.675999999998
12.19999999999997 1020.631999999998
12.29999999999997 1026.587999999998
12.39999999999997 1032.543999999999
12.49999999999997 1038.499999999998
12.59999999999997 1044.455999999998
12.69999999999997 1050.411999999998
12.79999999999997 1056.367999999998
12.89999999999997 1062.323999999998
12.99999999999997 1068.279999999998
13.09999999999997 1074.235999999998
13.19999999999997 1080.191999999998
13.29999999999997 1086.147999999998
13.39999999999997 1092.103999999998
13.49999999999997 1098.059999999998
13.59999999999997 1104.015999999998
13.69999999999997 1109.971999999998
13.79999999999997 1115.927999999998
13.89999999999997 1121.883999999998
13.99999999999997 1127.839999999998
14.09999999999997 1133.795999999998
14.19999999999997 1139.751999999998
14.29999999999997 1145.707999999998
14.39999999999996 1151.663999999998
14.49999999999996 1157.619999999998
14.59999999999996 1163.575999999998
14.69999999999996 1169.531999999998
14.79999999999996 1175.487999999998
14.89999999999996 1181.443999999998
14.99999999999996 1187.399999999998
15.09999999999996 1193.355999999998
15.19999999999996 1199.311999999998
15.29999999999996 1205.267999999998
15.39999999999996 1211.223999999998
15.49999999999996 1217.179999999998
15.59999999999996 1223.135999999998
15.69999999999996 1229.091999999998
15.79999999999996 1235.047999999998
15.89999999999996 1241.003999999998
15.99999999999996 1246.959999999998
16.09999999999996 1252.915999999997
16.19999999999996 1258.871999999998
16.29999999999996 1264.827999999998
16.39999999999996 1270.783999999998
16.49999999999996 1276.739999999998
16.59999999999997 1282.695999999998
16.69999999999997 1288.651999999998
16.79999999999997 1294.607999999998
16.89999999999997 1300.563999999998
16.99999999999997 1306.519999999998
17.09999999999997 1312.475999999998
17.19999999999997 1318.431999999998
17.29999999999998 1324.387999999999
17.39999999999998 1330.343999999999
17.49999999999998 1336.299999999999
17.59999999999998 1342.255999999999
17.69999999999998 1348.211999999999
17.79999999999998 1354.167999999999
17.89999999999998 1360.123999999999
17.99999999999999 1366.079999999999
18.09999999999999 1372.035999999999
18.19999999999999 1377.991999999999
18.29999999999999 1383.947999999999
18.39999999999999 1389.904
18.49999999999999 1395.86
18.59999999999999 1401.816
18.7 1407.772
18.8 1413.728
18.9 1419.684
19 1425.64
19.1 1431.596
19.2 1437.552
19.3 1443.508
19.40000000000001 1449.464
19.50000000000001 1455.420000000001
19.60000000000001 1461.376000000001
19.70000000000001 1467.332000000001
19.80000000000001 1473.288000000001
19.90000000000001 1479.244000000001
20.00000000000001 1485.200000000001
20.10000000000002 1491.156000000001
20.20000000000002 1497.112000000001
20.30000000000002 1503.068000000001
20.40000000000002 1509.024000000001
20.50000000000002 1514.980000000001
20.60000000000002 1520.936000000002
20.70000000000002 1526.892000000001
20.80000000000003 1532.848000000002
20.90000000000003 1538.804000000002
21.00000000000003 1544.760000000002
21.10000000000003 1550.716000000002
21.20000000000003 1556.672000000002
21.30000000000003 1562.628000000002
21.40000000000003 1568.584000000002
21.50000000000004 1574.540000000002
21.60000000000004 1580.496000000002
21.70000000000004 1586.452000000002
21.80000000000004 1592.408000000002
21.90000000000004 1598.364000000003
22.00000000000004 1604.320000000003
22.10000000000004 1610.276000000003
22.20000000000005 1616.232000000003
22.30000000000005 1622.188000000003
22.40000000000005 1628.144000000003
22.50000000000005 1634.100000000003
22.60000000000005 1640.056000000003
22.70000000000005 1646.012000000003
22.80000000000005 1651.968000000003
22.90000000000006 1657.924000000003
23.00000000000006 1663.880000000004
23.10000000000006 1669.836000000003
23.20000000000006 1675.792000000004
23.30000000000006 1681.748000000004
23.40000000000006 1687.704000000004
23.50000000000006 1693.660000000004
23.60000000000007 1699.616000000004
23.70000000000007 1705.572000000004
23.80000000000007 1711.528000000004
23.90000000000007 1717.484000000004
24.00000000000007 1723.440000000004
24.10000000000007 1729.396000000004
24.20000000000007 1735.352000000004
24.30000000000008 1741.308000000005
24.40000000000008 1747.264000000005
24.50000000000008 1753.220000000005
24.60000000000008 1759.176000000005
24.70000000000008 1765.132000000005
24.80000000000008 1771.088000000005
24.90000000000008 1777.044000000005
25.00000000000009 1783
26.00000000000009 1783
27.00000000000009 1783
28.00000000000009 1783
29.00000000000009 1783
30.00000000000009 1783
31.00000000000009 1783
32.00000000000009 1783
33.00000000000009 1783
34.00000000000009 1783
35.00000000000009 1783
36.00000000000009 1783
37.00000000000009 1783
38.00000000000009 1783
39.00000000000009 1783
40.00000000000009 1783
41.00000000000009 1783
42.00000000000009 1783
43.00000000000009 1783
44.00000000000009 1783
45.00000000000009 1783
46.00000000000009 1783
47.00000000000009 1783
48.00000000000009 1783
49.00000000000009 1783
50.00000000000009 1783
51.00000000000009 1783
52.00000000000009 1783
53.00000000000009 1783
54.00000000000009 1783
55.00000000000009 1783
56.00000000000009 1783
57.00000000000009 1783
58.00000000000009 1783
59.00000000000009 1783
60.00000000000009 1783
61.00000000000009 1783
62.00000000000009 1783
63.00000000000009 1783
64.00000000000009 1783
65.00000000000009 1783
66.00000000000009 1783
67.00000000000009 1783
68.00000000000009 1783
69.00000000000009 1783
70.00000000000009 1783
71.00000000000009 1783
72.00000000000009 1783
73.00000000000009 1783
74.00000000000009 1783
75.00000000000009 1783
76.00000000000009 1783
77.00000000000009 1783
78.00000000000009 1783
79.00000000000009 1783
80.00000000000009 1783
81.00000000000009 1783
82.00000000000009 1783
83.00000000000009 1783
84.00000000000009 1783
85.00000000000009 1783
86.00000000000009 1783
87.00000000000009 1783
88.00000000000009 1783
89.00000000000009 1783
90.00000000000009 1783
91.00000000000009 1783
92.00000000000009 1783
93.00000000000009 1783
94.00000000000009 1783
95.00000000000009 1783
96.00000000000009 1783
97.00000000000009 1783
98.00000000000009 1783
99.00000000000009 1783
100.0000000000001 1783
101.0000000000001 1783
102.0000000000001 1783
103.0000000000001 1783
104.0000000000001 1783
105.0000000000001 1783
106.0000000000001 1783
107.0000000000001 1783
108.0000000000001 1783
109.0000000000001 1783
110.0000000000001 1783
111.0000000000001 1783
112.0000000000001 1783
113.0000000000001 1783
114.0000000000001 1783
115.0000000000001 1783
116.0000000000001 1783
117.0000000000001 1783
118.0000000000001 1783
119.0000000000001 1783
120.0000000000001 1783
121.0000000000001 1783
122.0000000000001 1783
123.0000000000001 1783
124.0000000000001 1783
125.0000000000001 1783
126.0000000000001 1783
127.0000000000001 1783
128.0000000000001 1783
129.0000000000001 1783
130.0000000000001 1783
131.0000000000001 1783
132.0000000000001 1783
133.0000000000001 1783
134.0000000000001 1783
135.0000000000001 1783
136.0000000000001 1783
137.0000000000001 1783
138.0000000000001 1783
139.0000000000001 1783
140.0000000000001 1783
141.0000000000001 1783
142.0000000000001 1783
143.0000000000001 1783
144.0000000000001 1783
145.0000000000001 1783
146.0000000000001 1783
147.0000000000001 1783
148.0000000000001 1783
149.0000000000001 1783
150.0000000000001 1783
151.0000000000001 1783
152.0000000000001 1783
153.0000000000001 1783
154.0000000000001 1783
155.0000000000001 1783
156.0000000000001 1783
157.0000000000001 1783
158.0000000000001 1783
159.0000000000001 1783
160.0000000000001 1783
161.0000000000001 1783
162.0000000000001 1783
163.0000000000001 1783
164.0000000000001 1783
165.0000000000001 1783
166.0000000000001 1783
167.0000000000001 1783
168.0000000000001 1783
169.0000000000001 1783
170.0000000000001 1783
171.0000000000001 1783
172.0000000000001 1783
173.0000000000001 1783
174.0000000000001 1783
175.0000000000001 1783
176.0000000000001 1783
177.0000000000001 1783
178.0000000000001 1783
179.0000000000001 1783
180.0000000000001 1783
181.0000000000001 1783
182.0000000000001 1783
183.0000000000001 1783
184.0000000000001 1783
185.0000000000001 1783
186.0000000000001 1783
187.0000000000001 1783
188.0000000000001 1783
189.0000000000001 1783
190.0000000000001 1783
191.0000000000001 1783
192.0000000000001 1783
193.0000000000001 1783
194.0000000000001 1783
195.0000000000001 1783
196.0000000000001 1783
197.0000000000001 1783
198.0000000000001 1783
199.0000000000001 1783
200.0000000000001 1783
201.0000000000001 1783
202.0000000000001 1783
203.0000000000001 1783
204.0000000000001 1783
205.0000000000001 1783
206.0000000000001 1783
207.0000000000001 1783
208.0000000000001 1783
209.0000000000001 1783
210.0000000000001 1783
211.0000000000001 1783
212.0000000000001 1783
213.0000000000001 1783
214.0000000000001 1783
215.0000000000001 1783
216.0000000000001 1783
217.0000000000001 1783
218.0000000000001 1783
219.0000000000001 1783
220.0000000000001 1783
221.0000000000001 1783
222.0000000000001 1783
223.0000000000001 1783
224.0000000000001 1783
225.0000000000001 1783
226.0000000000001 1783
227.0000000000001 1783
228.0000000000001 1783
229.0000000000001 1783
230.0000000000001 1783
231.0000000000001 1783
232.0000000000001 1783
233.0000000000001 1783
234.0000000000001 1783
235.0000000000001 1783
236.0000000000001 1783
237.0000000000001 1783
238.0000000000001 1783
239.0000000000001 1783
240.0000000000001 1783
241.0000000000001 1783
242.0000000000001 1783
243.0000000000001 1783
244.0000000000001 1783
245.0000000000001 1783
246.0000000000001 1783
247.0000000000001 1783
248.0000000000001 1783
249.0000000000001 1783
250.0000000000001 1783
251.0000000000001 1783
252.0000000000001 1783
253.0000000000001 1783
254.0000000000001 1783
255.0000000000001 1783
256.0000000000001 1783
257.0000000000001 1783
258.0000000000001 1783
259.0000000000001 1783
260.0000000000001 1783
261.0000000000001 1783
262.0000000000001 1783
263.0000000000001 1783
264.0000000000001 1783
265.0000000000001 1783
266.0000000000001 1783
267.0000000000001 1783
268.0000000000001 1783
269.0000000000001 1783
270.0000000000001 1783
271.0000000000001 1783
272.0000000000001 1783
273.0000000000001 1783
274.0000000000001 1783
275.0000000000001 1783
276.0000000000001 1783
277.0000000000001 1783
278.0000000000001 1783
279.0000000000001 1783
280.0000000000001 1783
281.0000000000001 1783
282.0000000000001 1783
283.0000000000001 1783
284.0000000000001 1783
285.0000000000001 1783
286.0000000000001 1783
287.0000000000001 1783
288.0000000000001 1783
289.0000000000001 1783
290.0000000000001 1783
291.0000000000001 1783
292.0000000000001 1783
293.0000000000001 1783
294.0000000000001 1783
295.0000000000001 1783
296.0000000000001 1783
297.0000000000001 1783
298.0000000000001 1783
299.0000000000001 1783
300.0000000000001 1783
301.0000000000001 1783
302.0000000000001 1783
303.0000000000001 1783
304.0000000000001 1783
305.0000000000001 1783
306.0000000000001 1783
307.0000000000001 1783
308.0000000000001 1783
309.0000000000001 1783
310.0000000000001 1783
311.0000000000001 1783
312.0000000000001 1783
313.0000000000001 1783
314.0000000000001 1783
315.0000000000001 1783
316.0000000000001 1783
317.0000000000001 1783
318.0000000000001 1783
319.0000000000001 1783
320.0000000000001 1783
321.0000000000001 1783
322.0000000000001 1783
323.0000000000001 1783
324.0000000000001 1783
325.0000000000001 1783
326.0000000000001 1783
327.0000000000001 1783
328.0000000000001 1783
329.0000000000001 1783
330.0000000000001 1783
331.0000000000001 1783
332.0000000000001 1783
333.0000000000001 1783
334.0000000000001 1783
335.0000000000001 1783
336.0000000000001 1783
337.0000000000001 1783
338.0000000000001 1783
339.0000000000001 1783
340.0000000000001 1783
341.0000000000001 1783
342.0000000000001 1783
343.0000000000001 1783
344.0000000000001 1783
345.0000000000001 1783
346.0000000000001 1783
347.0000000000001 1783
348.0000000000001 1783
349.0000000000001 1783
350.0000000000001 1783
351.0000000000001 1783
352.0000000000001 1783
353.0000000000001 1783
354.0000000000001 1783
355.0000000000001 1783
356.0000000000001 1783
357.0000000000001 1783
358.0000000000001 1783
359.0000000000001 1783
360.0000000000001 1783
361.0000000000001 1783
362.0000000000001 1783
363.0000000000001 1783
364.0000000000001 1783
365.0000000000001 1783
366.0000000000001 1783
367.0000000000001 1783
368.0000000000001 1783
369.0000000000001 1783
370.0000000000001 1783
371.0000000000001 1783
372.0000000000001 1783
373.0000000000001 1783
374.0000000000001 1783
375.0000000000001 1783
376.0000000000001 1783
377.0000000000001 1783
378.0000000000001 1783
379.0000000000001 1783
380.0000000000001 1783
381.0000000000001 1783
382.0000000000001 1783
383.0000000000001 1783
384.0000000000001 1783
385.0000000000001 1783
386.0000000000001 1783
387.0000000000001 1783
388.0000000000001 1783
389.0000000000001 1783
390.0000000000001 1783
391.0000000000001 1783
392.0000000000001 1783
393.0000000000001 1783
394.0000000000001 1783
395.0000000000001 1783
396.0000000000001 1783
397.0000000000001 1783
398.0000000000001 1783
399.0000000000001 1783
400.0000000000001 1783
401.0000000000001 1783
402.0000000000001 1783
403.0000000000001 1783
404.0000000000001 1783
405.0000000000001 1783
406.0000000000001 1783
407.0000000000001 1783
408.0000000000001 1783
409.0000000000001 1783
410.0000000000001 1783
411.0000000000001 1783
412.0000000000001 1783
413.0000000000001 1783
414.0000000000001 1783
415.0000000000001 1783
416.0000000000001 1783
417.0000000000001 1783
418.0000000000001 1783
419.0000000000001 1783
420.0000000000001 1783
421.0000000000001 1783
422.0000000000001 1783
423.0000000000001 1783
424.0000000000001 1783
425.0000000000001 1783
426.0000000000001 1783
427.0000000000001 1783
428.0000000000001 1783
429.0000000000001 1783
430.0000000000001 1783
431.0000000000001 1783
432.0000000000001 1783
433.0000000000001 1783
434.0000000000001 1783
435.0000000000001 1783
436.0000000000001 1783
437.0000000000001 1783
438.0000000000001 1783
439.0000000000001 1783
440.0000000000001 1783
441.0000000000001 1783
442.0000000000001 1783
443.0000000000001 1783
444.0000000000001 1783
445.0000000000001 1783
446.0000000000001 1783
447.0000000000001 1783
448.0000000000001 1783
449.0000000000001 1783
450.0000000000001 1783
451.0000000000001 1783
452.0000000000001 1783
453.0000000000001 1783
454.0000000000001 1783
455.0000000000001 1783
456.0000000000001 1783
457.0000000000001 1783
458.0000000000001 1783
459.0000000000001 1783
460.0000000000001 1783
461.0000000000001 1783
462.0000000000001 1783
463.0000000000001 1783
464.0000000000001 1783
465.0000000000001 1783
466.0000000000001 1783
467.0000000000001 1783
468.0000000000001 1783
469.0000000000001 1783
470.0000000000001 1783
471.0000000000001 1783
472.0000000000001 1783
473.0000000000001 1783
474.0000000000001 1783
475.0000000000001 1783
476.0000000000001 1783
477.0000000000001 1783
478.0000000000001 1783
479.0000000000001 1783
480.0000000000001 1783
481.0000000000001 1783
482.0000000000001 1783
483.0000000000001 1783
484.0000000000001 1783
485.0000000000001 1783
486.0000000000001 1783
487.0000000000001 1783
488.0000000000001 1783
489.0000000000001 1783
490.0000000000001 1783
491.0000000000001 1783
492.0000000000001 1783
493.0000000000001 1783
494.0000000000001 1783
495.0000000000001 1783
496.0000000000001 1783
497.0000000000001 1783
498.0000000000001 1783
499.0000000000001 1783
500.0000000000001 1783
501.0000000000001 1783
502.0000000000001 1783
503.0000000000001 1783
504.0000000000001 1783
505.0000000000001 1783
506.0000000000001 1783
507.0000000000001 1783
508.0000000000001 1783
509.0000000000001 1783
510.0000000000001 1783
511.0000000000001 1783
512.0000000000001 1783
513.0000000000001 1783
514.0000000000001 1783
515.0000000000001 1783
516.0000000000001 1783
517.0000000000001 1783
518.0000000000001 1783
519.0000000000001 1783
520.0000000000001 1783
521.0000000000001 1783
522.0000000000001 1783
523.0000000000001 1783
524.0000000000001 1783
525.0000000000001 1783
526.0000000000001 1783
527.0000000000001 1783
528.0000000000001 1783
529.0000000000001 1783
530.0000000000001 1783
531.0000000000001 1783
532.0000000000001 1783
533.0000000000001 1783
534.0000000000001 1783
535.0000000000001 1783
536.0000000000001 1783
537.0000000000001 1783
538.0000000000001 1783
539.0000000000001 1783
540.0000000000001 1783
541.0000000000001 1783
542.0000000000001 1783
543.0000000000001 1783
544.0000000000001 1783
545.0000000000001 1783
546.0000000000001 1783
547.0000000000001 1783
548.0000000000001 1783
549.0000000000001 1783
550.0000000000001 1783
551.0000000000001 1783
552.0000000000001 1783
553.0000000000001 1783
554.0000000000001 1783
555.0000000000001 1783
556.0000000000001 1783
557.0000000000001 1783
558.0000000000001 1783
559.0000000000001 1783
560.0000000000001 1783
561.0000000000001 1783
562.0000000000001 1783
563.0000000000001 1783
564.0000000000001 1783
565.0000000000001 1783
566.0000000000001 1783
567.0000000000001 1783
568.0000000000001 1783
569.0000000000001 1783
570.0000000000001 1783
571.0000000000001 1783
572.0000000000001 1783
573.0000000000001 1783
574.0000000000001 1783
575.0000000000001 1782.999999999993
575.1000000000001 1777.043999999992
575.2000000000002 1771.08799999999
575.3000000000002 1765.131999999989
575.4000000000002 1759.175999999988
575.5000000000002 1753.219999999986
575.6000000000003 1747.263999999985
575.7000000000003 1741.307999999984
575.8000000000003 1735.351999999982
575.9000000000003 1729.395999999981
576.0000000000003 1723.43999999998
576.1000000000004 1717.483999999978
576.2000000000004 1711.527999999977
576.3000000000004 1705.571999999976
576.4000000000004 1699.615999999974
576.5000000000005 1693.659999999973
576.6000000000005 1687.703999999972
576.7000000000005 1681.74799999997
576.8000000000005 1675.791999999969
576.9000000000005 1669.835999999967
577.0000000000006 1663.879999999966
577.1000000000006 1657.923999999965
577.2000000000006 1651.967999999963
577.3000000000006 1646.011999999962
577.4000000000007 1640.055999999961
577.5000000000007 1634.099999999959
577.6000000000007 1628.143999999958
577.7000000000007 1622.187999999957
577.8000000000008 1616.231999999955
577.9000000000008 1610.275999999954
578.0000000000008 1604.319999999953
578.1000000000008 1598.363999999951
578.2000000000008 1592.40799999995
578.3000000000009 1586.451999999949
578.4000000000009 1580.495999999947
578.5000000000009 1574.539999999946
578.6000000000009 1568.583999999944
578.700000000001 1562.627999999943
578.800000000001 1556.671999999942
578.900000000001 1550.71599999994
579.000000000001 1544.759999999939
579.100000000001 1538.803999999938
579.2000000000011 1532.847999999936
579.3000000000011 1526.891999999935
579.4000000000011 1520.935999999934
579.5000000000011 1514.979999999932
579.6000000000012 1509.023999999931
579.7000000000012 1503.067999999929
579.8000000000012 1497.111999999928
579.9000000000012 1491.155999999927
580.0000000000013 1485.199999999925
580.1000000000013 1479.243999999924
580.2000000000013 1473.287999999923
580.3000000000013 1467.331999999921
580.4000000000013 1461.37599999992
580.5000000000014 1455.419999999919
580.6000000000014 1449.463999999917
580.7000000000014 1443.507999999916
580.8000000000014 1437.551999999915
580.9000000000015 1431.595999999913
581.0000000000015 1425.639999999912
581.1000000000015 1419.683999999911
581.2000000000015 1413.727999999909
581.3000000000015 1407.771999999908
581.4000000000016 1401.815999999907
581.5000000000016 1395.859999999905
581.6000000000016 1389.903999999904
581.7000000000016 1383.947999999903
581.8000000000017 1377.991999999901
581.9000000000017 1372.0359999999
582.0000000000017 1366.079999999899
582.1000000000017 1360.123999999897
582.2000000000018 1354.167999999896
582.3000000000018 1348.211999999894
582.4000000000018 1342.255999999893
582.5000000000018 1336.299999999892
582.6000000000018 1330.34399999989
582.7000000000019 1324.387999999889
582.8000000000019 1318.431999999887
582.9000000000019 1312.475999999886
583.0000000000019 1306.519999999885
583.100000000002 1300.563999999883
583.200000000002 1294.607999999882
583.300000000002 1288.651999999881
583.400000000002 1282.695999999879
583.500000000002 1276.739999999878
583.6000000000021 1270.783999999877
583.7000000000021 1264.827999999875
583.8000000000021 1258.871999999874
583.9000000000021 1252.915999999873
584.0000000000022 1246.959999999871
584.1000000000022 1241.00399999987
584.2000000000022 1235.047999999869
584.3000000000022 1229.091999999867
584.4000000000023 1223.135999999866
584.5000000000023 1217.179999999865
584.6000000000023 1211.223999999863
584.7000000000023 1205.267999999862
584.8000000000023 1199.311999999861
584.9000000000024 1193.355999999859
585.0000000000024 1187.399999999858
585.1000000000024 1181.443999999856
585.2000000000024 1175.487999999855
585.3000000000025 1169.531999999854
585.4000000000025 1163.575999999852
585.5000000000025 1157.619999999851
585.6000000000025 1151.66399999985
585.7000000000025 1145.707999999848
585.8000000000026 1139.751999999847
585.9000000000026 1133.795999999846
586.0000000000026 1127.839999999844
586.1000000000026 1121.883999999843
586.2000000000027 1115.927999999842
586.3000000000027 1109.97199999984
586.4000000000027 1104.015999999839
586.5000000000027 1098.059999999838
586.6000000000028 1092.103999999836
586.7000000000028 1086.147999999835
586.8000000000028 1080.191999999834
586.9000000000028 1074.235999999832
587.0000000000028 1068.279999999831
587.1000000000029 1062.323999999829
587.2000000000029 1056.367999999828
587.3000000000029 1050.411999999827
587.4000000000029 1044.455999999825
587.500000000003 1038.499999999824
587.600000000003 1032.543999999823
587.700000000003 1026.587999999821
587.800000000003 1020.63199999982
587.900000000003 1014.675999999818
588.0000000000031 1008.719999999817
588.1000000000031 1002.763999999816
588.2000000000031 996.8079999998145
588.3000000000031 990.8519999998131
588.4000000000032 984.8959999998117
588.5000000000032 978.9399999998104
588.6000000000032 972.983999999809
588.7000000000032 967.0279999998077
588.8000000000033 961.0719999998063
588.9000000000033 955.115999999805
589.0000000000033 949.1599999998036
589.1000000000033 943.2039999998022
589.2000000000033 937.2479999998009
589.3000000000034 931.2919999997995
589.4000000000034 925.3359999997982
589.5000000000034 919.3799999997968
589.6000000000034 913.4239999997955
589.7000000000035 907.4679999997941
589.8000000000035 901.5119999997928
589.9000000000035 895.5559999997914
590.0000000000035 889.59999999979
590.1000000000035 883.6439999997887
590.2000000000036 877.6879999997874
590.3000000000036 871.731999999786
590.4000000000036 865.7759999997846
590.5000000000036 859.8199999997832
590.6000000000037 853.863999999782
590.7000000000037 847.9079999997806
590.8000000000037 841.9519999997792
590.9000000000037 835.9959999997778
591.0000000000038 830.0399999997766
591.1000000000038 824.0839999997752
591.2000000000038 818.1279999997738
591.3000000000038 812.1719999997724
591.4000000000038 806.215999999771
591.5000000000039 800.2599999997698
591.6000000000039 794.3039999997684
591.7000000000039 788.347999999767
591.8000000000039 782.3919999997656
591.900000000004 776.4359999997644
592.000000000004 770.479999999763
592.100000000004 764.5239999997616
592.200000000004 758.5679999997603
592.300000000004 752.6119999997588
592.4000000000041 746.6559999997576
592.5000000000041 740.6999999997563
592.6000000000041 734.7439999997548
592.7000000000041 728.7879999997535
592.8000000000042 722.831999999752
592.9000000000042 716.8759999997508
593.0000000000042 710.9199999997495
593.1000000000042 704.963999999748
593.2000000000043 699.0079999997467
593.3000000000043 693.0519999997452
593.4000000000043 687.095999999744
593.5000000000043 681.1399999997427
593.6000000000043 675.1839999997412
593.7000000000044 669.2279999997399
593.8000000000044 663.2719999997387
593.9000000000044 657.3159999997372
594.0000000000044 651.3599999997359
594.1000000000045 645.4039999997344
594.2000000000045 639.4479999997332
594.3000000000045 633.4919999997319
594.4000000000045 627.5359999997304
594.5000000000045 621.5799999997291
594.6000000000046 615.6239999997279
594.7000000000046 609.6679999997264
594.8000000000046 603.7119999997251
594.9000000000046 597.7559999997236
595.0000000000047 591.7999999997223
595.1000000000047 585.8439999997211
595.2000000000047 579.8879999997196
595.3000000000047 573.9319999997183
595.4000000000048 567.9759999997168
595.5000000000048 562.0199999997155
595.6000000000048 556.0639999997143
595.7000000000048 550.1079999997128
595.8000000000048 544.1519999997115
595.9000000000049 538.1959999997102
596.0000000000049 532.2399999997087
596.1000000000049 526.2839999997075
596.2000000000049 520.327999999706
596.300000000005 514.3719999997047
596.400000000005 508.4159999997034
596.500000000005 502.4599999997019
596.600000000005 496.5039999997007
596.700000000005 490.5479999996994
596.8000000000051 484.5919999996979
596.9000000000051 478.6359999996967
597.0000000000051 472.6799999996952
597.1000000000051 466.7239999996939
597.2000000000052 460.7679999996926
597.3000000000052 454.8119999996911
597.4000000000052 448.8559999996899
597.5000000000052 442.8999999996884
597.6000000000053 436.9439999996871
597.7000000000053 430.9879999996858
597.8000000000053 425.0319999996843
597.9000000000053 419.0759999996831
598.0000000000053 413.1199999996818
598.1000000000054 407.1639999996803
598.2000000000054 401.207999999679
598.3000000000054 395.2519999996775
598.4000000000054 389.2959999996763
598.5000000000055 383.339999999675
598.6000000000055 377.3839999996735
598.7000000000055 371.4279999996722
598.8000000000055 365.471999999671
598.9000000000055 359.5159999996695
599.0000000000056 353.5599999996682
599.1000000000056 347.6039999996667
599.2000000000056 341.6479999996654
599.3000000000056 335.6919999996642
599.4000000000057 329.7359999996627
599.5000000000057 323.7799999996614
599.6000000000057 317.8239999996599
599.7000000000057 311.8679999996587
599.8000000000058 305.9119999996574
599.9000000000058 299.9559999996559
600.0000000000058 294.0000000003453
600.1000000000058 299.9560000003467
600.2000000000058 305.912000000348
600.3000000000059 311.8680000003494
600.4000000000059 317.8240000003507
600.5000000000059 323.7800000003521
600.6000000000059 329.7360000003534
600.700000000006 335.6920000003548
600.800000000006 341.6480000003561
600.900000000006 347.6040000003575
601.000000000006 353.5600000003589
601.100000000006 359.5160000003602
601.2000000000061 365.4720000003616
601.3000000000061 371.4280000003629
601.4000000000061 377.3840000003643
601.5000000000061 383.3400000003656
601.6000000000062 389.296000000367
601.7000000000062 395.2520000003684
601.8000000000062 401.2080000003697
601.9000000000062 407.1640000003711
602.0000000000063 413.1200000003724
602.1000000000063 419.0760000003738
602.2000000000063 425.0320000003751
602.3000000000063 430.9880000003765
602.4000000000063 436.9440000003779
602.5000000000064 442.9000000003792
602.6000000000064 448.8560000003805
602.7000000000064 454.8120000003819
602.8000000000064 460.7680000003833
602.9000000000065 466.7240000003846
603.0000000000065 472.680000000386
603.1000000000065 478.6360000003873
603.2000000000065 484.5920000003887
603.3000000000065 490.5480000003901
603.4000000000066 496.5040000003914
603.5000000000066 502.4600000003927
603.6000000000066 508.4160000003941
603.7000000000066 514.3720000003955
603.8000000000067 520.3280000003967
603.9000000000067 526.2840000003981
604.0000000000067 532.2400000003995
604.1000000000067 538.1960000004009
604.2000000000068 544.1520000004023
604.3000000000068 550.1080000004035
604.4000000000068 556.0640000004049
604.5000000000068 562.0200000004063
604.6000000000068 567.9760000004076
604.7000000000069 573.9320000004091
604.8000000000069 579.8880000004103
604.9000000000069 585.8440000004117
605.0000000000069 591.8000000004131
605.100000000007 597.7560000004144
605.200000000007 603.7120000004157
605.300000000007 609.6680000004171
605.400000000007 615.6240000004184
605.500000000007 621.5800000004199
605.6000000000071 627.5360000004212
605.7000000000071 633.4920000004225
605.8000000000071 639.4480000004239
605.9000000000071 645.4040000004252
606.0000000000072 651.3600000004267
606.1000000000072 657.3160000004279
606.2000000000072 663.2720000004293
606.3000000000072 669.2280000004307
606.4000000000073 675.184000000432
606.5000000000073 681.1400000004334
606.6000000000073 687.0960000004347
606.7000000000073 693.052000000436
606.8000000000073 699.0080000004375
606.9000000000074 704.9640000004388
607.0000000000074 710.9200000004402
607.1000000000074 716.8760000004415
607.2000000000074 722.8320000004428
607.3000000000075 728.7880000004442
607.4000000000075 734.7440000004456
607.5000000000075 740.7000000004468
607.6000000000075 746.6560000004483
607.7000000000075 752.6120000004496
607.8000000000076 758.568000000451
607.9000000000076 764.5240000004524
608.0000000000076 770.4800000004536
608.1000000000076 776.4360000004551
608.2000000000077 782.3920000004564
608.3000000000077 788.3480000004578
608.4000000000077 794.3040000004592
608.5000000000077 800.2600000004604
608.6000000000078 806.2160000004618
608.7000000000078 812.1720000004632
608.8000000000078 818.1280000004646
608.9000000000078 824.0840000004658
609.0000000000078 830.0400000004672
609.1000000000079 835.9960000004686
609.2000000000079 841.95200000047
609.3000000000079 847.9080000004712
609.4000000000079 853.8640000004726
609.500000000008 859.820000000474
609.600000000008 865.7760000004754
609.700000000008 871.7320000004767
609.800000000008 877.688000000478
609.900000000008 883.6440000004794
610.0000000000081 889.6000000004808
610.1000000000081 895.5560000004822
610.2000000000081 901.5120000004835
610.3000000000081 907.4680000004848
610.4000000000082 913.4240000004862
610.5000000000082 919.3800000004876
610.6000000000082 925.3360000004889
610.7000000000082 931.2920000004902
610.8000000000083 937.2480000004916
610.9000000000083 943.204000000493
611.0000000000083 949.1600000004943
611.1000000000083 955.1160000004957
611.2000000000083 961.072000000497
611.3000000000084 967.0280000004984
611.4000000000084 972.9840000004997
611.5000000000084 978.9400000005011
611.6000000000084 984.8960000005025
611.7000000000085 990.8520000005038
611.8000000000085 996.8080000005051
611.9000000000085 1002.764000000506
612.0000000000085 1008.720000000508
612.1000000000085 1014.676000000509
612.2000000000086 1020.632000000511
612.3000000000086 1026.588000000512
612.4000000000086 1032.544000000513
612.5000000000086 1038.500000000515
612.6000000000087 1044.456000000516
612.7000000000087 1050.412000000517
612.8000000000087 1056.368000000519
612.9000000000087 1062.32400000052
613.0000000000088 1068.280000000521
613.1000000000088 1074.236000000523
613.2000000000088 1080.192000000524
613.3000000000088 1086.148000000525
613.4000000000088 1092.104000000527
613.5000000000089 1098.060000000528
613.6000000000089 1104.016000000529
613.7000000000089 1109.972000000531
613.8000000000089 1115.928000000532
613.900000000009 1121.884000000533
614.000000000009 1127.840000000535
614.100000000009 1133.796000000536
614.200000000009 1139.752000000538
614.300000000009 1145.708000000539
614.4000000000091 1151.66400000054
614.5000000000091 1157.620000000542
614.6000000000091 1163.576000000543
614.7000000000091 1169.532000000544
614.8000000000092 1175.488000000546
614.9000000000092 1181.444000000547
615.0000000000092 1187.400000000549
615.1000000000092 1193.35600000055
615.2000000000093 1199.312000000551
615.3000000000093 1205.268000000553
615.4000000000093 1211.224000000554
615.5000000000093 1217.180000000555
615.6000000000093 1223.136000000557
615.7000000000094 1229.092000000558
615.8000000000094 1235.048000000559
615.9000000000094 1241.004000000561
616.0000000000094 1246.960000000562
616.1000000000095 1252.916000000563
616.2000000000095 1258.872000000565
616.3000000000095 1264.828000000566
616.4000000000095 1270.784000000568
616.5000000000095 1276.740000000569
616.6000000000096 1282.69600000057
616.7000000000096 1288.652000000572
616.8000000000096 1294.608000000573
616.9000000000096 1300.564000000574
617.0000000000097 1306.520000000576
617.1000000000097 1312.476000000577
617.2000000000097 1318.432000000578
617.3000000000097 1324.38800000058
617.4000000000098 1330.344000000581
617.5000000000098 1336.300000000582
617.6000000000098 1342.256000000584
617.7000000000098 1348.212000000585
617.8000000000098 1354.168000000587
617.9000000000099 1360.124000000588
618.0000000000099 1366.080000000589
618.1000000000099 1372.036000000591
618.2000000000099 1377.992000000592
618.30000000001 1383.948000000593
618.40000000001 1389.904000000595
618.50000000001 1395.860000000596
618.60000000001 1401.816000000597
618.70000000001 1407.772000000599
618.8000000000101 1413.7280000006
618.9000000000101 1419.684000000601
619.0000000000101 1425.640000000603
619.1000000000101 1431.596000000604
619.2000000000102 1437.552000000605
619.3000000000102 1443.508000000607
619.4000000000102 1449.464000000608
619.5000000000102 1455.420000000609
619.6000000000103 1461.376000000611
619.7000000000103 1467.332000000612
619.8000000000103 1473.288000000613
619.9000000000103 1479.244000000615
620.0000000000103 1485.200000000616
620.1000000000104 1491.156000000617
620.2000000000104 1497.112000000619
620.3000000000104 1503.06800000062
620.4000000000104 1509.024000000622
620.5000000000105 1514.980000000623
620.6000000000105 1520.936000000624
620.7000000000105 1526.892000000626
620.8000000000105 1532.848000000627
620.9000000000106 1538.804000000628
621.0000000000106 1544.76000000063
621.1000000000106 1550.716000000631
621.2000000000106 1556.672000000633
621.3000000000106 1562.628000000634
621.4000000000107 1568.584000000635
621.5000000000107 1574.540000000637
621.6000000000107 1580.496000000638
621.7000000000107 1586.452000000639
621.8000000000108 1592.408000000641
621.9000000000108 1598.364000000642
622.0000000000108 1604.320000000643
622.1000000000108 1610.276000000645
622.2000000000108 1616.232000000646
622.3000000000109 1622.188000000647
622.4000000000109 1628.144000000649
622.5000000000109 1634.10000000065
622.6000000000109 1640.056000000651
622.700000000011 1646.012000000653
622.800000000011 1651.968000000654
622.900000000011 1657.924000000655
623.000000000011 1663.880000000657
623.1000000000111 1669.836000000658
623.2000000000111 1675.79200000066
623.3000000000111 1681.748000000661
623.4000000000111 1687.704000000662
623.5000000000111 1693.660000000664
623.6000000000112 1699.616000000665
623.7000000000112 1705.572000000666
623.8000000000112 1711.528000000668
623.9000000000112 1717.484000000669
624.0000000000113 1723.44000000067
624.1000000000113 1729.396000000672
624.2000000000113 1735.352000000673
624.3000000000113 1741.308000000674
624.4000000000113 1747.264000000676
624.5000000000114 1753.220000000677
624.6000000000114 1759.176000000679
624.7000000000114 1765.13200000068
624.8000000000114 1771.088000000681
624.9000000000115 1777.044000000683
625.0000000000115 1783
626.0000000000115 1783
627.0000000000115 1783
628.0000000000115 1783
629.0000000000115 1783
630.0000000000115 1783
631.0000000000115 1783
632.0000000000115 1783
633.0000000000115 1783
634.0000000000115 1783
635.0000000000115 1783
636.0000000000115 1783
637.0000000000115 1783
638.0000000000115 1783
639.0000000000115 1783
640.0000000000115 1783
641.0000000000115 1783
642.0000000000115 1783
643.0000000000115 1783
644.0000000000115 1783
645.0000000000115 1783
646.0000000000115 1783
647.0000000000115 1783
648.0000000000115 1783
649.0000000000115 1783
650.0000000000115 1783
651.0000000000115 1783
652.0000000000115 1783
653.0000000000115 1783
654.0000000000115 1783
655.0000000000115 1783
656.0000000000115 1783
657.0000000000115 1783
658.0000000000115 1783
659.0000000000115 1783
660.0000000000115 1783
661.0000000000115 1783
662.0000000000115 1783
663.0000000000115 1783
664.0000000000115 1783
665.0000000000115 1783
666.0000000000115 1783
667.0000000000115 1783
668.0000000000115 1783
669.0000000000115 1783
670.0000000000115 1783
671.0000000000115 1783
672.0000000000115 1783
673.0000000000115 1783
674.0000000000115 1783
675.0000000000115 1783
676.0000000000115 1783
677.0000000000115 1783
678.0000000000115 1783
679.0000000000115 1783
680.0000000000115 1783
681.0000000000115 1783
682.0000000000115 1783
683.0000000000115 1783
684.0000000000115 1783
685.0000000000115 1783
686.0000000000115 1783
687.0000000000115 1783
688.0000000000115 1783
689.0000000000115 1783
690.0000000000115 1783
691.0000000000115 1783
692.0000000000115 1783
693.0000000000115 1783
694.0000000000115 1783
695.0000000000115 1783
696.0000000000115 1783
697.0000000000115 1783
698.0000000000115 1783
699.0000000000115 1783
700.0000000000115 1783
701.0000000000115 1783
702.0000000000115 1783
703.0000000000115 1783
704.0000000000115 1783
705.0000000000115 1783
706.0000000000115 1783
707.0000000000115 1783
708.0000000000115 1783
709.0000000000115 1783
710.0000000000115 1783
711.0000000000115 1783
712.0000000000115 1783
713.0000000000115 1783
714.0000000000115 1783
715.0000000000115 1783
716.0000000000115 1783
717.0000000000115 1783
718.0000000000115 1783
719.0000000000115 1783
720.0000000000115 1783
721.0000000000115 1783
722.0000000000115 1783
723.0000000000115 1783
724.0000000000115 1783
725.0000000000115 1783
726.0000000000115 1783
727.0000000000115 1783
728.0000000000115 1783
729.0000000000115 1783
730.0000000000115 1783
731.0000000000115 1783
732.0000000000115 1783
733.0000000000115 1783
734.0000000000115 1783
735.0000000000115 1783
736.0000000000115 1783
737.0000000000115 1783
738.0000000000115 1783
739.0000000000115 1783
740.0000000000115 1783
741.0000000000115 1783
742.0000000000115 1783
743.0000000000115 1783
744.0000000000115 1783
745.0000000000115 1783
746.0000000000115 1783
747.0000000000115 1783
748.0000000000115 1783
749.0000000000115 1783
750.0000000000115 1783
751.0000000000115 1783
752.0000000000115 1783
753.0000000000115 1783
754.0000000000115 1783
755.0000000000115 1783
756.0000000000115 1783
757.0000000000115 1783
758.0000000000115 1783
759.0000000000115 1783
760.0000000000115 1783
761.0000000000115 1783
762.0000000000115 1783
763.0000000000115 1783
764.0000000000115 1783
765.0000000000115 1783
766.0000000000115 1783
767.0000000000115 1783
768.0000000000115 1783
769.0000000000115 1783
770.0000000000115 1783
771.0000000000115 1783
772.0000000000115 1783
773.0000000000115 1783
774.0000000000115 1783
775.0000000000115 1783
776.0000000000115 1783
777.0000000000115 1783
778.0000000000115 1783
779.0000000000115 1783
780.0000000000115 1783
781.0000000000115 1783
782.0000000000115 1783
783.0000000000115 1783
784.0000000000115 1783
785.0000000000115 1783
786.0000000000115 1783
787.0000000000115 1783
788.0000000000115 1783
789.0000000000115 1783
790.0000000000115 1783
791.0000000000115 1783
792.0000000000115 1783
793.0000000000115 1783
794.0000000000115 1783
795.0000000000115 1783
796.0000000000115 1783
797.0000000000115 1783
798.0000000000115 1783
799.0000000000115 1783
800.0000000000115 1783
801.0000000000115 1783
802.0000000000115 1783
803.0000000000115 1783
804.0000000000115 1783
805.0000000000115 1783
806.0000000000115 1783
807.0000000000115 1783
808.0000000000115 1783
809.0000000000115 1783
810.0000000000115 1783
811.0000000000115 1783
812.0000000000115 1783
813.0000000000115 1783
814.0000000000115 1783
815.0000000000115 1783
816.0000000000115 1783
817.0000000000115 1783
818.0000000000115 1783
819.0000000000115 1783
820.0000000000115 1783
821.0000000000115 1783
822.0000000000115 1783
823.0000000000115 1783
824.0000000000115 1783
825.0000000000115 1783
826.0000000000115 1783
827.0000000000115 1783
828.0000000000115 1783
829.0000000000115 1783
830.0000000000115 1783
831.0000000000115 1783
832.0000000000115 1783
833.0000000000115 1783
834.0000000000115 1783
835.0000000000115 1783
836.0000000000115 1783
837.0000000000115 1783
838.0000000000115 1783
839.0000000000115 1783
840.0000000000115 1783
841.0000000000115 1783
842.0000000000115 1783
843.0000000000115 1783
844.0000000000115 1783
845.0000000000115 1783
846.0000000000115 1783
847.0000000000115 1783
848.0000000000115 1783
849.0000000000115 1783
850.0000000000115 1783
851.0000000000115 1783
852.0000000000115 1783
853.0000000000115 1783
854.0000000000115 1783
855.0000000000115 1783
856.0000000000115 1783
857.0000000000115 1783
858.0000000000115 1783
859.0000000000115 1783
860.0000000000115 1783
861.0000000000115 1783
862.0000000000115 1783
863.0000000000115 1783
864.0000000000115 1783
865.0000000000115 1783
866.0000000000115 1783
867.0000000000115 1783
868.0000000000115 1783
869.0000000000115 1783
870.0000000000115 1783
871.0000000000115 1783
872.0000000000115 1783
873.0000000000115 1783
874.0000000000115 1783
875.0000000000115 1783
876.0000000000115 1783
877.0000000000115 1783
878.0000000000115 1783
879.0000000000115 1783
880.0000000000115 1783
881.0000000000115 1783
882.0000000000115 1783
883.0000000000115 1783
884.0000000000115 1783
885.0000000000115 1783
886.0000000000115 1783
887.0000000000115 1783
888.0000000000115 1783
889.0000000000115 1783
890.0000000000115 1783
891.0000000000115 1783
892.0000000000115 1783
893.0000000000115 1783
894.0000000000115 1783
895.0000000000115 1783
896.0000000000115 1783
897.0000000000115 1783
898.0000000000115 1783
899.0000000000115 1783
900.0000000000115 1783
901.0000000000115 1783
902.0000000000115 1783
903.0000000000115 1783
904.0000000000115 1783
905.0000000000115 1783
906.0000000000115 1783
907.0000000000115 1783
908.0000000000115 1783
909.0000000000115 1783
910.0000000000115 1783
911.0000000000115 1783
912.0000000000115 1783
913.0000000000115 1783
914.0000000000115 1783
915.0000000000115 1783
916.0000000000115 1783
917.0000000000115 1783
918.0000000000115 1783
919.0000000000115 1783
920.0000000000115 1783
921.0000000000115 1783
922.0000000000115 1783
923.0000000000115 1783
924.0000000000115 1783
925.0000000000115 1783
926.0000000000115 1783
927.0000000000115 1783
928.0000000000115 1783
929.0000000000115 1783
930.0000000000115 1783
931.0000000000115 1783
932.0000000000115 1783
933.0000000000115 1783
934.0000000000115 1783
935.0000000000115 1783
936.0000000000115 1783
937.0000000000115 1783
938.0000000000115 1783
939.0000000000115 1783
940.0000000000115 1783
941.0000000000115 1783
942.0000000000115 1783
943.0000000000115 1783
944.0000000000115 1783
945.0000000000115 1783
946.0000000000115 1783
947.0000000000115 1783
948.0000000000115 1783
949.0000000000115 1783
950.0000000000115 1783
951.0000000000115 1783
952.0000000000115 1783
953.0000000000115 1783
954.0000000000115 1783
955.0000000000115 1783
956.0000000000115 1783
957.0000000000115 1783
958.0000000000115 1783
959.0000000000115 1783
960.0000000000115 1783
961.0000000000115 1783
962.0000000000115 1783
963.0000000000115 1783
964.0000000000115 1783
965.0000000000115 1783
966.0000000000115 1783
967.0000000000115 1783
968.0000000000115 1783
969.0000000000115 1783
970.0000000000115 1783
971.0000000000115 1783
972.0000000000115 1783
973.0000000000115 1783
974.0000000000115 1783
975.0000000000115 1783
976.0000000000115 1783
977.0000000000115 1783
978.0000000000115 1783
979.0000000000115 1783
980.0000000000115 1783
981.0000000000115 1783
982.0000000000115 1783
983.0000000000115 1783
984.0000000000115 1783
985.0000000000115 1783
986.0000000000115 1783
987.0000000000115 1783
988.0000000000115 1783
989.0000000000115 1783
990.0000000000115 1783
991.0000000000115 1783
992.0000000000115 1783
993.0000000000115 1783
994.0000000000115 1783
995.0000000000115 1783
996.0000000000115 1783
997.0000000000115 1783
998.0000000000115 1783
999.0000000000115 1783
1000.000000000011 1783
1001.000000000011 1783
1002.000000000011 1783
1003.000000000011 1783
1004.000000000011 1783
1005.000000000011 1783
1006.000000000011 1783
1007.000000000011 1783
1008.000000000011 1783
1009.000000000011 1783
1010.000000000011 1783
1011.000000000011 1783
1012.000000000011 1783
1013.000000000011 1783
1014.000000000011 1783
1015.000000000011 1783
1016.000000000011 1783
1017.000000000011 1783
1018.000000000011 1783
1019.000000000011 1783
1020.000000000011 1783
1021.000000000011 1783
1022.000000000011 1783
1023.000000000011 1783
1024.000000000011 1783
1025.000000000011 1783
1026.000000000011 1783
1027.000000000011 1783
1028.000000000011 1783
1029.000000000011 1783
1030.000000000011 1783
1031.000000000011 1783
1032.000000000011 1783
1033.000000000011 1783
1034.000000000011 1783
1035.000000000011 1783
1036.000000000011 1783
1037.000000000011 1783
1038.000000000011 1783
1039.000000000011 1783
1040.000000000011 1783
1041.000000000011 1783
1042.000000000011 1783
1043.000000000011 1783
1044.000000000011 1783
1045.000000000011 1783
1046.000000000011 1783
1047.000000000011 1783
1048.000000000011 1783
1049.000000000011 1783
1050.000000000011 1783
1051.000000000011 1783
1052.000000000011 1783
1053.000000000011 1783
1054.000000000011 1783
1055.000000000011 1783
1056.000000000011 1783
1057.000000000011 1783
1058.000000000011 1783
1059.000000000011 1783
1060.000000000011 1783
1061.000000000011 1783
1062.000000000011 1783
1063.000000000011 1783
1064.000000000011 1783
1065.000000000011 1783
1066.000000000011 1783
1067.000000000011 1783
1068.000000000011 1783
1069.000000000011 1783
1070.000000000011 1783
1071.000000000011 1783
1072.000000000011 1783
1073.000000000011 1783
1074.000000000011 1783
1075.000000000011 1783
1076.000000000011 1783
1077.000000000011 1783
1078.000000000011 1783
1079.000000000011 1783
1080.000000000011 1783
1081.000000000011 1783
1082.000000000011 1783
1083.000000000011 1783
1084.000000000011 1783
1085.000000000011 1783
1086.000000000011 1783
1087.000000000011 1783
1088.000000000011 1783
1089.000000000011 1783
1090.000000000011 1783
1091.000000000011 1783
1092.000000000011 1783
1093.000000000011 1783
1094.000000000011 1783
1095.000000000011 1783
1096.000000000011 1783
1097.000000000011 1783
1098.000000000011 1783
1099.000000000011 1783
1100.000000000011 1783
1101.000000000011 1783
1102.000000000011 1783
1103.000000000011 1783
1104.000000000011 1783
1105.000000000011 1783
1106.000000000011 1783
1107.000000000011 1783
1108.000000000011 1783
1109.000000000011 1783
1110.000000000011 1783
1111.000000000011 1783
1112.000000000011 1783
1113.000000000011 1783
1114.000000000011 1783
1115.000000000011 1783
1116.000000000011 1783
1117.000000000011 1783
1118.000000000011 1783
1119.000000000011 1783
1120.000000000011 1783
1121.000000000011 1783
1122.000000000011 1783
1123.000000000011 1783
1124.000000000011 1783
1125.000000000011 1783
1126.000000000011 1783
1127.000000000011 1783
1128.000000000011 1783
1129.000000000011 1783
1130.000000000011 1783
1131.000000000011 1783
1132.000000000011 1783
1133.000000000011 1783
1134.000000000011 1783
1135.000000000011 1783
1136.000000000011 1783
1137.000000000011 1783
1138.000000000011 1783
1139.000000000011 1783
1140.000000000011 1783
1141.000000000011 1783
1142.000000000011 1783
1143.000000000011 1783
1144.000000000011 1783
1145.000000000011 1783
1146.000000000011 1783
1147.000000000011 1783
1148.000000000011 1783
1149.000000000011 1783
1150.000000000011 1783
1151.000000000011 1783
1152.000000000011 1783
1153.000000000011 1783
1154.000000000011 1783
1155.000000000011 1783
1156.000000000011 1783
1157.000000000011 1783
1158.000000000011 1783
1159.000000000011 1783
1160.000000000011 1783
1161.000000000011 1783
1162.000000000011 1783
1163.000000000011 1783
1164.000000000011 1783
1165.000000000011 1783
1166.000000000011 1783
1167.000000000011 1783
1168.000000000011 1783
1169.000000000011 1783
1170.000000000011 1783
1171.000000000011 1783
1172.000000000011 1783
1173.000000000011 1783
1174.000000000011 1783
1175.000000000011 1782.999999999323
1175.100000000011 1777.043999999328
1175.200000000011 1771.087999999334
1175.300000000011 1765.131999999339
1175.400000000011 1759.175999999345
1175.500000000011 1753.21999999935
1175.600000000011 1747.263999999355
1175.700000000011 1741.307999999361
1175.800000000011 1735.351999999366
1175.900000000011 1729.395999999372
1176.00000000001 1723.439999999377
1176.10000000001 1717.483999999382
1176.20000000001 1711.527999999388
1176.30000000001 1705.571999999393
1176.40000000001 1699.615999999399
1176.50000000001 1693.659999999404
1176.60000000001 1687.703999999409
1176.70000000001 1681.747999999415
1176.80000000001 1675.79199999942
1176.90000000001 1669.835999999426
1177.00000000001 1663.879999999431
1177.100000000009 1657.923999999437
1177.200000000009 1651.967999999442
1177.300000000009 1646.011999999447
1177.400000000009 1640.055999999453
1177.500000000009 1634.099999999458
1177.600000000009 1628.143999999464
1177.700000000009 1622.187999999469
1177.800000000009 1616.231999999475
1177.900000000009 1610.27599999948
1178.000000000009 1604.319999999485
1178.100000000009 1598.363999999491
1178.200000000008 1592.407999999496
1178.300000000008 1586.451999999502
1178.400000000008 1580.495999999507
1178.500000000008 1574.539999999512
1178.600000000008 1568.583999999518
1178.700000000008 1562.627999999523
1178.800000000008 1556.671999999529
1178.900000000008 1550.715999999534
1179.000000000008 1544.75999999954
1179.100000000008 1538.803999999545
1179.200000000008 1532.84799999955
1179.300000000007 1526.891999999556
1179.400000000007 1520.935999999561
1179.500000000007 1514.979999999567
1179.600000000007 1509.023999999572
1179.700000000007 1503.067999999578
1179.800000000007 1497.111999999583
1179.900000000007 1491.155999999588
1180.000000000007 1485.199999999594
1180.100000000007 1479.243999999599
1180.200000000007 1473.287999999605
1180.300000000007 1467.33199999961
1180.400000000006 1461.375999999615
1180.500000000006 1455.419999999621
1180.600000000006 1449.463999999626
1180.700000000006 1443.507999999632
1180.800000000006 1437.551999999637
1180.900000000006 1431.595999999643
1181.000000000006 1425.639999999648
1181.100000000006 1419.683999999653
1181.200000000006 1413.727999999659
1181.300000000006 1407.771999999664
1181.400000000006 1401.81599999967
1181.500000000005 1395.859999999675
1181.600000000005 1389.90399999968
1181.700000000005 1383.947999999686
1181.800000000005 1377.991999999691
1181.900000000005 1372.035999999697
1182.000000000005 1366.079999999702
1182.100000000005 1360.123999999707
1182.200000000005 1354.167999999713
1182.300000000005 1348.211999999718
1182.400000000005 1342.255999999724
1182.500000000005 1336.299999999729
1182.600000000004 1330.343999999734
1182.700000000004 1324.38799999974
1182.800000000004 1318.431999999745
1182.900000000004 1312.475999999751
1183.000000000004 1306.519999999756
1183.100000000004 1300.563999999762
1183.200000000004 1294.607999999767
1183.300000000004 1288.651999999772
1183.400000000004 1282.695999999778
1183.500000000004 1276.739999999783
1183.600000000004 1270.783999999789
1183.700000000003 1264.827999999794
1183.800000000003 1258.8719999998
1183.900000000003 1252.915999999805
1184.000000000003 1246.95999999981
1184.100000000003 1241.003999999816
1184.200000000003 1235.047999999821
1184.300000000003 1229.091999999827
1184.400000000003 1223.135999999832
1184.500000000003 1217.179999999837
1184.600000000003 1211.223999999843
1184.700000000003 1205.267999999848
1184.800000000002 1199.311999999854
1184.900000000002 1193.355999999859
1185.000000000002 1187.399999999865
1185.100000000002 1181.44399999987
1185.200000000002 1175.487999999875
1185.300000000002 1169.531999999881
1185.400000000002 1163.575999999886
1185.500000000002 1157.619999999892
1185.600000000002 1151.663999999897
1185.700000000002 1145.707999999902
1185.800000000002 1139.751999999908
1185.900000000001 1133.795999999913
1186.000000000001 1127.839999999919
1186.100000000001 1121.883999999924
1186.200000000001 1115.927999999929
1186.300000000001 1109.971999999935
1186.400000000001 1104.015999999941
1186.500000000001 1098.059999999946
1186.600000000001 1092.103999999951
1186.700000000001 1086.147999999956
1186.800000000001 1080.191999999962
1186.900000000001 1074.235999999968
1187 1068.279999999973
1187.1 1062.323999999978
1187.2 1056.367999999984
1187.3 1050.411999999989
1187.4 1044.455999999995
1187.5 1038.5
1187.6 1032.544000000005
1187.7 1026.588000000011
1187.8 1020.632000000016
1187.9 1014.676000000022
1188 1008.720000000027
1188.099999999999 1002.764000000033
1188.199999999999 996.8080000000379
1188.299999999999 990.8520000000433
1188.399999999999 984.8960000000487
1188.499999999999 978.9400000000542
1188.599999999999 972.9840000000596
1188.699999999999 967.0280000000649
1188.799999999999 961.0720000000704
1188.899999999999 955.1160000000758
1188.999999999999 949.1600000000813
1189.099999999999 943.2040000000867
1189.199999999998 937.248000000092
1189.299999999998 931.2920000000975
1189.399999999998 925.3360000001029
1189.499999999998 919.3800000001083
1189.599999999998 913.4240000001138
1189.699999999998 907.4680000001191
1189.799999999998 901.5120000001245
1189.899999999998 895.55600000013
1189.999999999998 889.6000000001354
1190.099999999998 883.6440000001407
1190.199999999998 877.6880000001462
1190.299999999997 871.7320000001516
1190.399999999997 865.7760000001571
1190.499999999997 859.8200000001625
1190.599999999997 853.8640000001678
1190.699999999997 847.9080000001733
1190.799999999997 841.9520000001787
1190.899999999997 835.9960000001842
1190.999999999997 830.0400000001896
1191.099999999997 824.0840000001949
1191.199999999997 818.1280000002004
1191.299999999997 812.1720000002058
1191.399999999996 806.2160000002112
1191.499999999996 800.2600000002167
1191.599999999996 794.304000000222
1191.699999999996 788.3480000002274
1191.799999999996 782.3920000002329
1191.899999999996 776.4360000002383
1191.999999999996 770.4800000002438
1192.099999999996 764.5240000002491
1192.199999999996 758.5680000002546
1192.299999999996 752.61200000026
1192.399999999996 746.6560000002653
1192.499999999995 740.7000000002708
1192.599999999995 734.7440000002762
1192.699999999995 728.7880000002817
1192.799999999995 722.8320000002871
1192.899999999995 716.8760000002924
1192.999999999995 710.9200000002979
1193.099999999995 704.9640000003033
1193.199999999995 699.0080000003088
1193.299999999995 693.0520000003141
1193.399999999995 687.0960000003195
1193.499999999995 681.140000000325
1193.599999999994 675.1840000003303
1193.699999999994 669.2280000003359
1193.799999999994 663.2720000003412
1193.899999999994 657.3160000003465
1193.999999999994 651.3600000003521
1194.099999999994 645.4040000003574
1194.199999999994 639.448000000363
1194.299999999994 633.4920000003683
1194.399999999994 627.5360000003736
1194.499999999994 621.5800000003792
1194.599999999994 615.6240000003845
1194.699999999993 609.6680000003901
1194.799999999993 603.7120000003954
1194.899999999993 597.7560000004007
1194.999999999993 591.8000000004063
1195.099999999993 585.8440000004116
1195.199999999993 579.8880000004172
1195.299999999993 573.9320000004225
1195.399999999993 567.9760000004278
1195.499999999993 562.0200000004334
1195.599999999993 556.0640000004387
1195.699999999993 550.1080000004442
1195.799999999992 544.1520000004496
1195.899999999992 538.1960000004549
1195.999999999992 532.2400000004604
1196.099999999992 526.2840000004658
1196.199999999992 520.3280000004713
1196.299999999992 514.3720000004766
1196.399999999992 508.416000000482
1196.499999999992 502.4600000004875
1196.599999999992 496.5040000004929
1196.699999999992 490.5480000004984
1196.799999999992 484.5920000005037
1196.899999999991 478.6360000005091
1196.999999999991 472.6800000005146
1197.099999999991 466.7240000005199
1197.199999999991 460.7680000005255
1197.299999999991 454.8120000005308
1197.399999999991 448.8560000005361
1197.499999999991 442.9000000005417
1197.599999999991 436.944000000547
1197.699999999991 430.9880000005526
1197.799999999991 425.0320000005579
1197.899999999991 419.0760000005632
1197.99999999999 413.1200000005688
1198.09999999999 407.1640000005741
1198.19999999999 401.2080000005797
1198.29999999999 395.252000000585
1198.39999999999 389.2960000005903
1198.49999999999 383.3400000005959
1198.59999999999 377.3840000006012
1198.69999999999 371.4280000006067
1198.79999999999 365.4720000006121
1198.89999999999 359.5160000006174
1198.99999999999 353.5600000006229
1199.099999999989 347.6040000006283
1199.199999999989 341.6480000006338
1199.299999999989 335.6920000006392
1199.399999999989 329.7360000006445
1199.499999999989 323.78000000065
1199.599999999989 317.8240000006554
1199.699999999989 311.8680000006609
1199.799999999989 305.9120000006662
1199.899999999989 299.9560000006716
1199.999999999989 294.0000000006771
