0 0
0.1 -6.681694874047122e-49
0.2 -3.19410515606575e-44
0.3 -1.546914653287229e-26
0.4 -4.317427298614947e-26
0.5 -7.087939943942665e-26
0.6 -9.858452589270387e-26
0.7 -1.26289652345981e-25
0.7999999999999999 -1.539947787992583e-25
0.8999999999999999 -1.816999052525354e-25
0.9999999999999999 -2.094050317058126e-25
1.1 -2.371101581590898e-25
1.2 -2.648152846123671e-25
1.3 -2.925204110656443e-25
1.4 -3.202255375189215e-25
1.5 -6.115363065673033e-18
1.6 -2.352226072497834e-17
1.7 -4.092915838428361e-17
1.8 -5.833605604358892e-17
1.900000000000001 -7.574295370289422e-17
2 -9.31498513621995e-17
2.100000000000001 -1.105567490215048e-16
2.200000000000001 -1.279636466808101e-16
2.300000000000001 -1.453705443401154e-16
2.400000000000001 -1.627774419994207e-16
2.500000000000001 -1.80184339658726e-16
2.600000000000001 -1.975912373180313e-16
2.700000000000001 -2.256339472300634e-16
2.800000000000001 -3.167536824311065e-16
2.900000000000001 -7.244136774641095e-16
3.000000000000001 -6.667675230956308e-15
3.100000000000001 -1.593261483451998e-14
3.200000000000002 -4.024939557954551e-14
3.300000000000002 -1.969002180753265e-13
3.400000000000002 -3.535510405711074e-13
3.500000000000002 -5.895743484834511e-13
3.600000000000002 -1.661822171892626e-12
3.700000000000002 -4.521383998035621e-12
3.800000000000002 -1.613399648257787e-08
3.900000000000002 -1.606002662032036e-07
4.000000000000002 -3.050665359238291e-07
4.100000000000001 -4.495328056444542e-07
4.200000000000001 -5.939990753650793e-07
4.300000000000001 -7.384653450857046e-07
4.4 -8.829316148063299e-07
4.5 -1.027397884526955e-06
4.6 -1.17186415424758e-06
4.699999999999999 -1.316330423968206e-06
4.799999999999999 -1.460796693688831e-06
4.899999999999999 -1.605262963409456e-06
4.999999999999998 -1.781712292800243e-06
5.099999999999998 -2.190951570501859e-06
5.199999999999998 -3.495638556710781e-06
5.299999999999997 -5.801790027418602e-06
5.399999999999997 -9.836286774498932e-06
5.499999999999996 -1.714325460611793e-05
5.599999999999996 -3.160348712514934e-05
5.699999999999996 -5.640291791247219e-05
5.799999999999995 -0.0001040014204096201
5.899999999999995 -0.0001946131256333817
5.999999999999995 -0.0003645264840725109
6.099999999999994 -0.0006767064458918279
6.199999999999994 -0.001248907548625394
6.299999999999994 -0.002272099674416964
6.399999999999993 -0.004047642368370304
6.499999999999993 -0.007001724516959918
6.599999999999993 -0.0116507092517307
6.699999999999992 -0.01845691906302342
6.799999999999992 -0.02762040482983263
6.899999999999991 -0.03895459158492753
6.999999999999991 -0.0519498729311168
7.099999999999991 -0.06600759748058391
7.19999999999999 -0.08060541844305549
7.29999999999999 -0.09536761483499269
7.39999999999999 -0.1100600138837708
7.499999999999989 -0.1245464486764334
7.599999999999989 -0.1387551109806777
7.699999999999989 -0.1526546453122484
7.799999999999988 -0.1662361407273575
7.899999999999988 -0.1795022398533107
7.999999999999988 -0.1924613747054429
8.099999999999987 -0.2051253958843825
8.199999999999987 -0.217507841165575
8.299999999999986 -0.2296225780903017
8.399999999999986 -0.2414832370623764
8.499999999999986 -0.2531021888501163
8.599999999999985 -0.2644916245722072
8.699999999999985 -0.275662933661812
8.799999999999985 -0.2866270270991718
8.899999999999984 -0.2973944074820512
8.999999999999984 -0.3079749612907848
9.099999999999984 -0.3183778632484297
9.199999999999983 -0.328611719894547
9.299999999999983 -0.338684601796453
9.399999999999983 -0.3486042110205245
9.499999999999982 -0.3583772970957114
9.599999999999982 -0.3680109014564972
9.699999999999982 -0.3775113662164414
9.799999999999981 -0.386884637584763
9.899999999999981 -0.3961365736862135
9.99999999999998 -0.4052727167928899
10.09999999999998 -0.4142981875494858
10.19999999999998 -0.4232177407914443
10.29999999999998 -0.4320360976391938
10.39999999999998 -0.4407575155244982
10.49999999999998 -0.4493860957349475
10.59999999999998 -0.4579256967972807
10.69999999999998 -0.4663800372375045
10.79999999999998 -0.4747525664782205
10.89999999999998 -0.4830466296594628
10.99999999999998 -0.4912654048604866
11.09999999999998 -0.4994119304307741
11.19999999999998 -0.507489034430154
11.29999999999998 -0.5154993846960276
11.39999999999998 -0.5234456307596941
11.49999999999998 -0.5313302709184693
11.59999999999997 -0.539155696471044
11.69999999999997 -0.5469242269452216
11.79999999999997 -0.554638051996007
11.89999999999997 -0.5622989224515145
11.99999999999997 -0.5699088107842736
12.09999999999997 -0.5774694490972587
12.19999999999997 -0.5849830811930766
12.29999999999997 -0.5924513915463248
12.39999999999997 -0.5998762149885669
12.49999999999997 -0.607258250051716
12.59999999999997 -0.6145986891352085
12.69999999999997 -0.6218997106225299
12.79999999999997 -0.6291627193480158
12.89999999999997 -0.6363889387307841
12.99999999999997 -0.643579548777651
13.09999999999997 -0.6507356849231002
13.19999999999997 -0.6578584791618091
13.29999999999997 -0.6649491061052984
13.39999999999997 -0.6720085567168907
13.49999999999997 -0.6790377777198048
13.59999999999997 -0.6860379339374232
13.69999999999997 -0.6930098645020366
13.79999999999997 -0.6999543174522858
13.89999999999997 -0.7068723862062113
13.99999999999997 -0.7137647300067388
14.09999999999997 -0.7206321579692487
14.19999999999997 -0.7274754682277748
14.29999999999997 -0.7342953730482686
14.39999999999996 -0.741092496435613
14.49999999999996 -0.7478676846859197
14.59999999999996 -0.7546216067571352
14.69999999999996 -0.7613548825113456
14.79999999999996 -0.7680680972157712
14.89999999999996 -0.7747618038642051
14.99999999999996 -0.7814364664706889
15.09999999999996 -0.788092518551355
15.19999999999996 -0.7947303455806515
15.29999999999996 -0.8013503407011865
15.39999999999996 -0.8079535898976689
15.49999999999996 -0.8145406335226457
15.59999999999996 -0.8211116787520524
15.69999999999996 -0.8276670866188067
15.79999999999996 -0.834207335071201
15.89999999999996 -0.8407328230579483
15.99999999999996 -0.8472439634189191
16.09999999999996 -0.8537411186575701
16.19999999999996 -0.8602246465145621
16.29999999999996 -0.8666948785242955
16.39999999999996 -0.8731521733896049
16.49999999999996 -0.8795968962724533
16.59999999999997 -0.8860293803384532
16.69999999999997 -0.8924498335877296
16.79999999999997 -0.898858652245221
16.89999999999997 -0.905256165350535
16.99999999999997 -0.911642578528277
17.09999999999997 -0.9180181314180422
17.19999999999997 -0.9243831694483251
17.29999999999998 -0.9307379252077925
17.39999999999998 -0.9370826592183671
17.49999999999998 -0.943417585878647
17.59999999999998 -0.949742983663617
17.69999999999998 -0.9560590559411922
17.79999999999998 -0.9623659542333941
17.89999999999998 -0.9686639501037048
17.99999999999999 -0.9749532431529376
18.09999999999999 -0.9812340195559808
18.19999999999999 -0.9875065886601241
18.29999999999999 -0.9937711433293605
18.39999999999999 -1.000027842464417
18.49999999999999 -1.006276868467597
18.59999999999999 -1.012518386615746
18.7 -1.018752367375929
18.8 -1.024979016937578
18.9 -1.031198437764817
19 -1.037410718718392
19.1 -1.043616102377211
19.2 -1.049815075254062
19.3 -1.056007695435814
19.40000000000001 -1.062194203731077
19.50000000000001 -1.068374582434306
19.60000000000001 -1.074548803740324
19.70000000000001 -1.080717094338814
19.80000000000001 -1.086879543806825
19.90000000000001 -1.093036302871244
20.00000000000001 -1.099187463386365
20.10000000000002 -1.105333097167551
20.20000000000002 -1.111473281574475
20.30000000000002 -1.117608268587692
20.40000000000002 -1.123738111369949
20.50000000000002 -1.129862924188068
20.60000000000002 -1.135982841334635
20.70000000000002 -1.142097805424983
20.80000000000003 -1.148208006526704
20.90000000000003 -1.154313519548136
21.00000000000003 -1.160414471834862
21.10000000000003 -1.166511033059064
21.20000000000003 -1.172603231753548
21.30000000000003 -1.178691159257525
21.40000000000003 -1.18477490691021
21.50000000000004 -1.190854499416206
21.60000000000004 -1.196930000494946
21.70000000000004 -1.203001519934556
21.80000000000004 -1.209069137186399
21.90000000000004 -1.21513293170184
22.00000000000004 -1.221192938296127
22.10000000000004 -1.22724924544579
22.20000000000005 -1.233301932754824
22.30000000000005 -1.239351074315995
22.40000000000005 -1.245396706259147
22.50000000000005 -1.251438916136502
22.60000000000005 -1.257477746071579
22.70000000000005 -1.263513267554271
22.80000000000005 -1.269545550445463
22.90000000000006 -1.275574639550869
23.00000000000006 -1.281600552531438
23.10000000000006 -1.287623379783655
23.20000000000006 -1.293643174579661
23.30000000000006 -1.299659987712794
23.40000000000006 -1.305673867497601
23.50000000000006 -1.311684859769825
23.60000000000007 -1.317693080388212
23.70000000000007 -1.323698585106875
23.80000000000007 -1.329701397829088
23.90000000000007 -1.335701569525282
24.00000000000007 -1.341699149923069
24.10000000000007 -1.347694187507238
24.20000000000007 -1.353686729519756
24.30000000000008 -1.359676632713238
24.40000000000008 -1.365664026401126
24.50000000000008 -1.371648933353455
24.60000000000008 -1.377631370872432
24.70000000000008 -1.383611353019946
24.80000000000008 -1.389588890617569
24.90000000000008 -1.395564056904779
25.00000000000009 -1.401537196419473
26.00000000000009 -1.410891292523392
27.00000000000009 -1.412765939771649
28.00000000000009 -1.413832690930401
29.00000000000009 -1.414572953594357
30.00000000000009 -1.415137021520819
31.00000000000009 -1.415591058050217
32.00000000000009 -1.415970183724186
33.00000000000009 -1.416294832207743
34.00000000000009 -1.416578408403605
35.00000000000009 -1.416829941964012
36.00000000000009 -1.417055624743985
37.00000000000009 -1.41726006618839
38.00000000000009 -1.417446855069844
39.00000000000009 -1.4176187441523
40.00000000000009 -1.417777906490121
41.00000000000009 -1.417925951445703
42.00000000000009 -1.418064261838506
43.00000000000009 -1.418194006367549
44.00000000000009 -1.418316148559059
45.00000000000009 -1.418431525848077
46.00000000000009 -1.418540847132773
47.00000000000009 -1.418644665381761
48.00000000000009 -1.418743534688618
49.00000000000009 -1.418837813120376
50.00000000000009 -1.41892795787161
51.00000000000009 -1.419014225651164
52.00000000000009 -1.419096983186067
53.00000000000009 -1.41917644805894
54.00000000000009 -1.419252898041078
55.00000000000009 -1.419326527649041
56.00000000000009 -1.419397567131741
57.00000000000009 -1.419466175515208
58.00000000000009 -1.419532487830418
59.00000000000009 -1.419596662448768
60.00000000000009 -1.41965885157758
61.00000000000009 -1.419719131451731
62.00000000000009 -1.419777596210304
63.00000000000009 -1.419834405178107
64.00000000000009 -1.419889603970218
65.00000000000009 -1.419943258626121
66.00000000000009 -1.419995488432651
67.00000000000009 -1.420046352033911
68.00000000000009 -1.420095903710796
69.00000000000009 -1.420144213030358
70.00000000000009 -1.420191350173629
71.00000000000009 -1.420237358782546
72.00000000000009 -1.420282291299446
73.00000000000009 -1.420326217799212
74.00000000000009 -1.42036916586693
75.00000000000009 -1.420411173408122
76.00000000000009 -1.420452273749113
77.00000000000009 -1.420492495637027
78.00000000000009 -1.420531919432814
79.00000000000009 -1.420570547341715
80.00000000000009 -1.420608404760526
81.00000000000009 -1.420645514046621
82.00000000000009 -1.420681894135369
83.00000000000009 -1.420717604627987
84.00000000000009 -1.420752661051977
85.00000000000009 -1.420787074413079
86.00000000000009 -1.420820862397759
87.00000000000009 -1.420854040502555
88.00000000000009 -1.420886643579993
89.00000000000009 -1.420918698838912
90.00000000000009 -1.420950211538946
91.00000000000009 -1.420981197146618
92.00000000000009 -1.421011669821632
93.00000000000009 -1.421041648680497
94.00000000000009 -1.421071159012124
95.00000000000009 -1.421100207015051
96.00000000000009 -1.421128805852168
97.00000000000009 -1.421156967816835
98.00000000000009 -1.421184706744879
99.00000000000009 -1.421212049190269
100.0000000000001 -1.421238995271478
101.0000000000001 -1.421265555423774
102.0000000000001 -1.421291739329546
103.0000000000001 -1.421317555918299
104.0000000000001 -1.421343013366656
105.0000000000001 -1.421368119098361
106.0000000000001 -1.421392879784274
107.0000000000001 -1.421417332931671
108.0000000000001 -1.421441466494474
109.0000000000001 -1.42146528716245
110.0000000000001 -1.421488801400864
111.0000000000001 -1.421512015112626
112.0000000000001 -1.421534933638286
113.0000000000001 -1.421557561756036
114.0000000000001 -1.421579903681712
115.0000000000001 -1.421601990366873
116.0000000000001 -1.421623816758959
117.0000000000001 -1.421645383539109
118.0000000000001 -1.421666695634439
119.0000000000001 -1.421687757612955
120.0000000000001 -1.421708573683548
121.0000000000001 -1.421729147696002
122.0000000000001 -1.421749483140987
123.0000000000001 -1.42176959839528
124.0000000000001 -1.421789497232242
125.0000000000001 -1.421809177896252
126.0000000000001 -1.421828644540141
127.0000000000001 -1.421847901103301
128.0000000000001 -1.421866951311678
129.0000000000001 -1.421885798677777
130.0000000000001 -1.421904446500661
131.0000000000001 -1.421922903384171
132.0000000000001 -1.421941175835575
133.0000000000001 -1.421959263158935
134.0000000000001 -1.421977168823314
135.0000000000001 -1.421994896156198
136.0000000000001 -1.42201244834349
137.0000000000001 -1.422029828429512
138.0000000000001 -1.422047039317009
139.0000000000001 -1.42206408738062
140.0000000000001 -1.422080980532734
141.0000000000001 -1.422097715705293
142.0000000000001 -1.422114295633965
143.0000000000001 -1.422130722931797
144.0000000000001 -1.422147000089211
145.0000000000001 -1.422163129474011
146.0000000000001 -1.422179113331374
147.0000000000001 -1.422194953783858
148.0000000000001 -1.422210652831398
149.0000000000001 -1.422226212351306
150.0000000000001 -1.422241634098273
151.0000000000001 -1.422256919704365
152.0000000000001 -1.422272080119738
153.0000000000001 -1.422287119371084
154.0000000000001 -1.422302032271848
155.0000000000001 -1.422316820623904
156.0000000000001 -1.422331486137574
157.0000000000001 -1.422346030431632
158.0000000000001 -1.422360455033301
159.0000000000001 -1.422374761378255
160.0000000000001 -1.422388950810618
161.0000000000001 -1.422403024582965
162.0000000000001 -1.422416983856321
163.0000000000001 -1.422430829700159
164.0000000000001 -1.422444563092405
165.0000000000001 -1.422458198965537
166.0000000000001 -1.422471734121049
167.0000000000001 -1.422485165359198
168.0000000000001 -1.422498494003829
169.0000000000001 -1.422511721320454
170.0000000000001 -1.422524848516247
171.0000000000001 -1.422537876740045
172.0000000000001 -1.422550807082352
173.0000000000001 -1.422563640575331
174.0000000000001 -1.422576378192812
175.0000000000001 -1.422589020850287
176.0000000000001 -1.422601569404913
177.0000000000001 -1.422614024655509
178.0000000000001 -1.422626400386025
179.0000000000001 -1.42263868926507
180.0000000000001 -1.4226508913894
181.0000000000001 -1.422663007839388
182.0000000000001 -1.422675039660874
183.0000000000001 -1.422686987865164
184.0000000000001 -1.422698853429033
185.0000000000001 -1.42271063729472
186.0000000000001 -1.422722340369933
187.0000000000001 -1.422733963527844
188.0000000000001 -1.422745507607096
189.0000000000001 -1.422756973411795
190.0000000000001 -1.422768362387961
191.0000000000001 -1.422779681186825
192.0000000000001 -1.422790925933125
193.0000000000001 -1.422802097536436
194.0000000000001 -1.422813196883495
195.0000000000001 -1.422824224838207
196.0000000000001 -1.422835182241641
197.0000000000001 -1.422846069912034
198.0000000000001 -1.422856888644785
199.0000000000001 -1.422867639212463
200.0000000000001 -1.422878322364799
201.0000000000001 -1.422888938828693
202.0000000000001 -1.422899489308209
203.0000000000001 -1.422909976403702
204.0000000000001 -1.422920404122161
205.0000000000001 -1.422930769090322
206.0000000000001 -1.422941072018657
207.0000000000001 -1.422951313597854
208.0000000000001 -1.422961494498817
209.0000000000001 -1.422971615372671
210.0000000000001 -1.422981676850755
211.0000000000001 -1.422991679544627
212.0000000000001 -1.423001624046062
213.0000000000001 -1.423011510927053
214.0000000000001 -1.423021340739808
215.0000000000001 -1.423031114016756
216.0000000000001 -1.42304083127054
217.0000000000001 -1.423050492994023
218.0000000000001 -1.423060099660284
219.0000000000001 -1.423069651722618
220.0000000000001 -1.423079149614541
221.0000000000001 -1.423088593749783
222.0000000000001 -1.423097984522293
223.0000000000001 -1.423107323817648
224.0000000000001 -1.423116620483903
225.0000000000001 -1.423125866896957
226.0000000000001 -1.423135063531627
227.0000000000001 -1.423144210847968
228.0000000000001 -1.423153309291272
229.0000000000001 -1.423162359292068
230.0000000000001 -1.423171361266121
231.0000000000001 -1.423180315614433
232.0000000000001 -1.423189222723243
233.0000000000001 -1.423198082964026
234.0000000000001 -1.423206896693496
235.0000000000001 -1.423215664253602
236.0000000000001 -1.42322438597153
237.0000000000001 -1.423233062159703
238.0000000000001 -1.423241693115782
239.0000000000001 -1.423250279122661
240.0000000000001 -1.423258820448476
241.0000000000001 -1.423267317346596
242.0000000000001 -1.423275770055628
243.0000000000001 -1.423284178799417
244.0000000000001 -1.42329255570422
245.0000000000001 -1.423300891308472
246.0000000000001 -1.423309185866899
247.0000000000001 -1.42331743972021
248.0000000000001 -1.42332565319973
249.0000000000001 -1.423333826627396
250.0000000000001 -1.423341960315758
251.0000000000001 -1.423350054567979
252.0000000000001 -1.423358109677836
253.0000000000001 -1.423366125929716
254.0000000000001 -1.423374103598622
255.0000000000001 -1.42338204295017
256.0000000000001 -1.423389944240587
257.0000000000001 -1.423397807716714
258.0000000000001 -1.423405633616005
259.0000000000001 -1.423413422166526
260.0000000000001 -1.423421173586959
261.0000000000001 -1.423428888086596
262.0000000000001 -1.423436565865342
263.0000000000001 -1.423444207113716
264.0000000000001 -1.423451819130602
265.0000000000001 -1.42345939776666
266.0000000000001 -1.423466942042971
267.0000000000001 -1.42347445223799
268.0000000000001 -1.423481928624635
269.0000000000001 -1.423489371470289
270.0000000000001 -1.423496781036803
271.0000000000001 -1.423504157580495
272.0000000000001 -1.423511501352144
273.0000000000001 -1.423518812597
274.0000000000001 -1.423526091554776
275.0000000000001 -1.423533338459652
276.0000000000001 -1.423540553540273
277.0000000000001 -1.42354773701975
278.0000000000001 -1.423554889115662
279.0000000000001 -1.423562010040051
280.0000000000001 -1.423569099999425
281.0000000000001 -1.423576159194761
282.0000000000001 -1.423583187821498
283.0000000000001 -1.423590186069544
284.0000000000001 -1.423597156929567
285.0000000000001 -1.42360409970299
286.0000000000001 -1.423611013435509
287.0000000000001 -1.423617898356043
288.0000000000001 -1.423624754689869
289.0000000000001 -1.423631582658612
290.0000000000001 -1.423638382480252
291.0000000000001 -1.42364515436912
292.0000000000001 -1.423651898535899
293.0000000000001 -1.423658615187627
294.0000000000001 -1.423665304527692
295.0000000000001 -1.423671966755834
296.0000000000001 -1.423678602068148
297.0000000000001 -1.423685210657081
298.0000000000001 -1.423691792711429
299.0000000000001 -1.423698348416344
300.0000000000001 -1.42370487795333
301.0000000000001 -1.423711381500242
302.0000000000001 -1.423717859231288
303.0000000000001 -1.423724311317029
304.0000000000001 -1.423730740056756
305.0000000000001 -1.423737145731658
306.0000000000001 -1.423743526737662
307.0000000000001 -1.423749883254922
308.0000000000001 -1.423756215460428
309.0000000000001 -1.423762523528008
310.0000000000001 -1.423768807628333
311.0000000000001 -1.42377506792891
312.0000000000001 -1.423781304594083
313.0000000000001 -1.423787517785039
314.0000000000001 -1.423793707659802
315.0000000000001 -1.423799874373235
316.0000000000001 -1.423806018077039
317.0000000000001 -1.423812138919755
318.0000000000001 -1.423818237046764
319.0000000000001 -1.423824312600283
320.0000000000001 -1.42383036571937
321.0000000000001 -1.423836396539923
322.0000000000001 -1.423842405194674
323.0000000000001 -1.423848391813201
324.0000000000001 -1.423854356521914
325.0000000000001 -1.423860299444067
326.0000000000001 -1.423866220699751
327.0000000000001 -1.423872120405894
328.0000000000001 -1.423877998676267
329.0000000000001 -1.423883855621477
330.0000000000001 -1.423889691348969
331.0000000000001 -1.423895505963031
332.0000000000001 -1.423901299564786
333.0000000000001 -1.423907072252198
334.0000000000001 -1.423912824120068
335.0000000000001 -1.423918555260038
336.0000000000001 -1.423924270770733
337.0000000000001 -1.423929968121421
338.0000000000001 -1.423935645811969
339.0000000000001 -1.423941303961466
340.0000000000001 -1.42394694268664
341.0000000000001 -1.423952562101863
342.0000000000001 -1.423958162319148
343.0000000000001 -1.423963743448152
344.0000000000001 -1.423969305596171
345.0000000000001 -1.423974848868144
346.0000000000001 -1.423980373366653
347.0000000000001 -1.423985879191921
348.0000000000001 -1.423991366441814
349.0000000000001 -1.423996835211838
350.0000000000001 -1.424002285595143
351.0000000000001 -1.42400771768252
352.0000000000001 -1.424013131562402
353.0000000000001 -1.424018527320864
354.0000000000001 -1.424023905041623
355.0000000000001 -1.424029264806039
356.0000000000001 -1.424034606693112
357.0000000000001 -1.424039930779486
358.0000000000001 -1.424045237139444
359.0000000000001 -1.424050525844915
360.0000000000001 -1.424055796965467
361.0000000000001 -1.424061050568312
362.0000000000001 -1.424066286718301
363.0000000000001 -1.42407150547793
364.0000000000001 -1.424076706907335
365.0000000000001 -1.424081891064296
366.0000000000001 -1.424087058004232
367.0000000000001 -1.424092207780208
368.0000000000001 -1.424097347457942
369.0000000000001 -1.424102471186503
370.0000000000001 -1.424107578776632
371.0000000000001 -1.424112670315174
372.0000000000001 -1.424117745887478
373.0000000000001 -1.424122805577398
374.0000000000001 -1.42412784946729
375.0000000000001 -1.424132877638016
376.0000000000001 -1.42413789016894
377.0000000000001 -1.424142887137931
378.0000000000001 -1.424147868621361
379.0000000000001 -1.424152834694107
380.0000000000001 -1.42415778542955
381.0000000000001 -1.424162720899574
382.0000000000001 -1.424167641174566
383.0000000000001 -1.42417254632342
384.0000000000001 -1.424177436413531
385.0000000000001 -1.424182311510798
386.0000000000001 -1.424187171679627
387.0000000000001 -1.424192016982924
388.0000000000001 -1.424196847482101
389.0000000000001 -1.424201663237074
390.0000000000001 -1.424206464306262
391.0000000000001 -1.424211250746588
392.0000000000001 -1.42421602261348
393.0000000000001 -1.424220779960869
394.0000000000001 -1.424225522841189
395.0000000000001 -1.424230251305381
396.0000000000001 -1.424234965402885
397.0000000000001 -1.424239665181651
398.0000000000001 -1.424244350688126
399.0000000000001 -1.424249022843089
400.0000000000001 -1.42425368529136
401.0000000000001 -1.424258334204857
402.0000000000001 -1.424262969654529
403.0000000000001 -1.424267591710451
404.0000000000001 -1.424272200441818
405.0000000000001 -1.424276795916947
406.0000000000001 -1.424281378203275
407.0000000000001 -1.424285947367363
408.0000000000001 -1.424290503474891
409.0000000000001 -1.424295046590664
410.0000000000001 -1.424299576778606
411.0000000000001 -1.424304094101763
412.0000000000001 -1.424308598622303
413.0000000000001 -1.424313090401516
414.0000000000001 -1.424317569499812
415.0000000000001 -1.424322035976726
416.0000000000001 -1.424326489890911
417.0000000000001 -1.424330931300143
418.0000000000001 -1.42433536026132
419.0000000000001 -1.424339776830461
420.0000000000001 -1.424344181062707
421.0000000000001 -1.42434857301232
422.0000000000001 -1.424352952732685
423.0000000000001 -1.424357320276308
424.0000000000001 -1.424361675694815
425.0000000000001 -1.424366019038955
426.0000000000001 -1.4243703503586
427.0000000000001 -1.424374669702742
428.0000000000001 -1.424378977119493
429.0000000000001 -1.42438327265609
430.0000000000001 -1.42438755635889
431.0000000000001 -1.424391829237914
432.0000000000001 -1.424396092082392
433.0000000000001 -1.424400343526216
434.0000000000001 -1.424404583627165
435.0000000000001 -1.424408812442442
436.0000000000001 -1.424413030028672
437.0000000000001 -1.424417236441903
438.0000000000001 -1.424421431737607
439.0000000000001 -1.424425615970679
440.0000000000001 -1.424429789195434
441.0000000000001 -1.424433951465613
442.0000000000001 -1.42443810283438
443.0000000000001 -1.424442243354321
444.0000000000001 -1.424446373077444
445.0000000000001 -1.424450492055181
446.0000000000001 -1.424454600338387
447.0000000000001 -1.424458697977341
448.0000000000001 -1.424462785021742
449.0000000000001 -1.424466861520714
450.0000000000001 -1.424470927522805
451.0000000000001 -1.424474983075983
452.0000000000001 -1.424479028227641
453.0000000000001 -1.424483063024595
454.0000000000001 -1.424487087513082
455.0000000000001 -1.424491101738765
456.0000000000001 -1.424495105746728
457.0000000000001 -1.424499099581477
458.0000000000001 -1.424503083286943
459.0000000000001 -1.42450705690648
460.0000000000001 -1.424511020482862
461.0000000000001 -1.42451497405829
462.0000000000001 -1.424518917674385
463.0000000000001 -1.424522852878528
464.0000000000001 -1.424526779334583
465.0000000000001 -1.424530696139852
466.0000000000001 -1.424534603339599
467.0000000000001 -1.424538500978587
468.0000000000001 -1.42454238910108
469.0000000000001 -1.424546267750842
470.0000000000001 -1.424550136971134
471.0000000000001 -1.424553996804719
472.0000000000001 -1.42455784729386
473.0000000000001 -1.424561688480319
474.0000000000001 -1.424565520405357
475.0000000000001 -1.424569343109736
476.0000000000001 -1.424573156633717
477.0000000000001 -1.424576961017062
478.0000000000001 -1.424580756299031
479.0000000000001 -1.424584542518384
480.0000000000001 -1.424588319713382
481.0000000000001 -1.424592087921784
482.0000000000001 -1.424595847180851
483.0000000000001 -1.424599597527342
484.0000000000001 -1.424603338997516
485.0000000000001 -1.424607071627132
486.0000000000001 -1.424610795451448
487.0000000000001 -1.424614510505224
488.0000000000001 -1.424618216822717
489.0000000000001 -1.424621914437685
490.0000000000001 -1.424625603383386
491.0000000000001 -1.424629283692578
492.0000000000001 -1.424632955397516
493.0000000000001 -1.424636618529959
494.0000000000001 -1.424640273121163
495.0000000000001 -1.424643919201884
496.0000000000001 -1.424647556802378
497.0000000000001 -1.424651185952402
498.0000000000001 -1.42465480668121
499.0000000000001 -1.424658419017558
500.0000000000001 -1.424662022989702
501.0000000000001 -1.424665618625395
502.0000000000001 -1.424669205951893
503.0000000000001 -1.42467278499595
504.0000000000001 -1.424676355783819
505.0000000000001 -1.424679918341255
506.0000000000001 -1.424683472693512
507.0000000000001 -1.424687018865341
508.0000000000001 -1.424690556880997
509.0000000000001 -1.424694086764232
510.0000000000001 -1.424697608538299
511.0000000000001 -1.42470112222595
512.0000000000001 -1.424704627849436
513.0000000000001 -1.424708126889033
514.0000000000001 -1.42471162074098
515.0000000000001 -1.424715106900153
516.0000000000001 -1.42471858539663
517.0000000000001 -1.424722056260114
518.0000000000001 -1.424725519519938
519.0000000000001 -1.42472897520506
520.0000000000001 -1.424732423344065
521.0000000000001 -1.424735863965167
522.0000000000001 -1.424739297096204
523.0000000000001 -1.424742722764644
524.0000000000001 -1.424746140997579
525.0000000000001 -1.424749551821731
526.0000000000001 -1.424752955263446
527.0000000000001 -1.424756351348699
528.0000000000001 -1.424759740103092
529.0000000000001 -1.424763121551853
530.0000000000001 -1.424766495719836
531.0000000000001 -1.424769862631526
532.0000000000001 -1.424773222311031
533.0000000000001 -1.424776574782087
534.0000000000001 -1.424779920068058
535.0000000000001 -1.424783258191933
536.0000000000001 -1.424786589176331
537.0000000000001 -1.424789913043496
538.0000000000001 -1.424793229815298
539.0000000000001 -1.424796539513236
540.0000000000001 -1.424799842158436
541.0000000000001 -1.424803137771648
542.0000000000001 -1.424806426373254
543.0000000000001 -1.424809707983258
544.0000000000001 -1.424812982621294
545.0000000000001 -1.424816250306623
546.0000000000001 -1.42481951105813
547.0000000000001 -1.42482276489433
548.0000000000001 -1.424826011833365
549.0000000000001 -1.424829251893003
550.0000000000001 -1.424832485090637
551.0000000000001 -1.424835711443291
552.0000000000001 -1.424838930967614
553.0000000000001 -1.424842143679881
554.0000000000001 -1.424845349595995
555.0000000000001 -1.424848548731487
556.0000000000001 -1.424851741101513
557.0000000000001 -1.424854926720858
558.0000000000001 -1.424858105603931
559.0000000000001 -1.424861277764771
560.0000000000001 -1.424864443217044
561.0000000000001 -1.42486760197404
562.0000000000001 -1.424870754048678
563.0000000000001 -1.424873899486112
564.0000000000001 -1.424877038658207
565.0000000000001 -1.424880171400708
566.0000000000001 -1.424883297821958
567.0000000000001 -1.424886417980345
568.0000000000001 -1.424889531834663
569.0000000000001 -1.424892639513189
570.0000000000001 -1.424895740958112
571.0000000000001 -1.424898833657975
572.0000000000001 -1.424901919063205
573.0000000000001 -1.424905002027216
574.0000000000001 -1.424908078894368
575.0000000000001 -1.424911094794776
575.1000000000001 -1.424911259137901
575.2000000000002 -1.424911382755734
575.3000000000002 -1.424911465648273
575.4000000000002 -1.42491150781552
575.5000000000002 -1.424911511879661
575.6000000000003 -1.424911373996712
575.7000000000003 -1.424910726803503
575.8000000000003 -1.424905122606665
575.9000000000003 -1.42485429468972
576.0000000000003 -1.424499235814896
576.1000000000004 -1.422934237194601
576.2000000000004 -1.419292780902906
576.3000000000004 -1.414295892107817
576.4000000000004 -1.408877760983768
576.5000000000005 -1.403355730785486
576.6000000000005 -1.397813812867438
576.7000000000005 -1.392268813984026
576.8000000000005 -1.386725724871449
576.9000000000005 -1.381185565993842
577.0000000000006 -1.375648372565587
577.1000000000006 -1.370114176907469
577.2000000000006 -1.364582946194128
577.3000000000006 -1.359054680425565
577.4000000000007 -1.35352937960178
577.5000000000007 -1.348007566400886
577.6000000000007 -1.342488926274191
577.7000000000007 -1.336973448710396
577.8000000000008 -1.331461133709501
577.9000000000008 -1.325952218416343
578.0000000000008 -1.32044684004373
578.1000000000008 -1.314944840264461
578.2000000000008 -1.309446219078537
578.3000000000009 -1.303951593695248
578.4000000000009 -1.298460672836788
578.5000000000009 -1.292973422326259
578.6000000000009 -1.287489589069008
578.700000000001 -1.28201066878288
578.800000000001 -1.276535517949664
578.900000000001 -1.271064210767448
579.000000000001 -1.265597113074648
579.100000000001 -1.260134293828015
579.2000000000011 -1.254675782171655
579.3000000000011 -1.249221686344094
579.4000000000011 -1.243772114583858
579.5000000000011 -1.238327143516585
579.6000000000012 -1.232886830755995
579.7000000000012 -1.227451314672138
579.8000000000012 -1.222020695770016
579.9000000000012 -1.216595074554631
580.0000000000013 -1.211174547671986
580.1000000000013 -1.205759071563835
580.2000000000013 -1.200348817655007
580.3000000000013 -1.194943874391465
580.4000000000013 -1.189544330219171
580.5000000000014 -1.184150273584087
580.6000000000014 -1.17876190452359
580.7000000000014 -1.173379326039145
580.8000000000014 -1.168002601104204
580.9000000000015 -1.162631832478892
581.0000000000015 -1.157267122923332
581.1000000000015 -1.151908677841702
581.2000000000015 -1.146556824234806
581.3000000000015 -1.141211537685396
581.4000000000016 -1.135872950845639
581.5000000000016 -1.1305411963677
581.6000000000016 -1.125216406903746
581.7000000000016 -1.11989897222794
581.8000000000017 -1.114588907900449
581.9000000000017 -1.109286363172298
582.0000000000017 -1.103991492067621
582.1000000000017 -1.098704448610552
582.2000000000018 -1.093425462584772
582.3000000000018 -1.088154711161158
582.4000000000018 -1.082892324493731
582.5000000000018 -1.077638467362254
582.6000000000018 -1.072393304546492
582.7000000000019 -1.067157067914929
582.8000000000019 -1.061930112249969
582.9000000000019 -1.056712480898948
583.0000000000019 -1.051504356878828
583.100000000002 -1.046305923206574
583.200000000002 -1.041117362899148
583.300000000002 -1.035938894794979
583.400000000002 -1.030771100040016
583.500000000002 -1.025613995466746
583.6000000000021 -1.020467811255339
583.7000000000021 -1.015332777585961
583.8000000000021 -1.010209380866889
583.9000000000021 -1.005098054693151
584.0000000000022 -0.999998925878425
584.1000000000022 -0.9949122829578432
584.2000000000022 -0.989838414466537
584.3000000000022 -0.9847779811930907
584.4000000000023 -0.9797311404948815
584.5000000000023 -0.9746982113540809
584.6000000000023 -0.96967952386607
584.7000000000023 -0.9646754635138439
584.8000000000023 -0.9596864567794359
584.9000000000024 -0.9547127896526384
585.0000000000024 -0.9497548102906209
585.1000000000024 -0.9448128668505531
585.2000000000024 -0.9398875054319791
585.3000000000025 -0.9349790394139248
585.4000000000025 -0.9300878047487653
585.5000000000025 -0.9252141710882646
585.6000000000025 -0.9203585080841861
585.7000000000025 -0.9155214988578214
585.8000000000026 -0.9107037078068605
585.9000000000026 -0.9059054521757655
586.0000000000026 -0.9011271853457743
586.1000000000026 -0.8963723799342969
586.2000000000027 -0.8916412187260321
586.3000000000027 -0.8869314252035523
586.4000000000027 -0.8822437200115489
586.5000000000027 -0.8775791031100953
586.6000000000028 -0.8729384727060415
586.7000000000028 -0.8683223953045722
586.8000000000028 -0.8637318138826495
586.9000000000028 -0.8591675836427118
587.0000000000028 -0.8546305670054531
587.1000000000029 -0.8501216770706974
587.2000000000029 -0.8456415904919122
587.3000000000029 -0.8411912117329609
587.4000000000029 -0.8367713321340717
587.500000000003 -0.8323828872462186
587.600000000003 -0.8280270039335097
587.700000000003 -0.823704399164934
587.800000000003 -0.8194159513084591
587.900000000003 -0.8151626738882712
588.0000000000031 -0.8109459439949306
588.1000000000031 -0.8067665692510714
588.2000000000031 -0.8026256592033758
588.3000000000031 -0.798524876153063
588.4000000000032 -0.7944651258234613
588.5000000000032 -0.7904476070525037
588.6000000000032 -0.7864740415478544
588.7000000000032 -0.7825454985265199
588.8000000000033 -0.7786632596224747
588.9000000000033 -0.7748291267100929
589.0000000000033 -0.7710442235359507
589.1000000000033 -0.7673100049463701
589.2000000000033 -0.7636282202227294
589.3000000000034 -0.7600003146344678
589.4000000000034 -0.7564278501781121
589.5000000000034 -0.7529125139813759
589.6000000000034 -0.7494562018210961
589.7000000000035 -0.7460606722522088
589.8000000000035 -0.7427278245092928
589.9000000000035 -0.7394594609765595
590.0000000000035 -0.736257457107543
590.1000000000035 -0.7331238701802167
590.2000000000036 -0.730060745919069
590.3000000000036 -0.727069517483807
590.4000000000036 -0.7241523327039464
590.5000000000036 -0.7213111531592494
590.6000000000037 -0.7185478084603169
590.7000000000037 -0.7158638396224785
590.8000000000037 -0.7132612229698634
590.9000000000037 -0.7107417569431307
591.0000000000038 -0.7083070869744644
591.1000000000038 -0.7059588855158043
591.2000000000038 -0.703698868198113
591.3000000000038 -0.7015286744288665
591.4000000000038 -0.6994495195944086
591.5000000000039 -0.6974630185265557
591.6000000000039 -0.6955705907141677
591.7000000000039 -0.6937731593282411
591.8000000000039 -0.6920698122258742
591.900000000004 -0.6904618597751784
592.000000000004 -0.6889495301997662
592.100000000004 -0.6875325126253859
592.200000000004 -0.686210018011951
592.300000000004 -0.6849807625015573
592.4000000000041 -0.6838441141597291
592.5000000000041 -0.6827980875300996
592.6000000000041 -0.6818405082850596
592.7000000000041 -0.6809686889802105
592.8000000000042 -0.6801800015698717
592.9000000000042 -0.6794698443507029
593.0000000000042 -0.6788363287297743
593.1000000000042 -0.6782747750350495
593.2000000000043 -0.6777802596401274
593.3000000000043 -0.6773480594343745
593.4000000000043 -0.6769733124052513
593.5000000000043 -0.6766511392340037
593.6000000000043 -0.676376581576941
593.7000000000044 -0.6761448289825964
593.8000000000044 -0.6759510158989875
593.9000000000044 -0.6757908381654367
594.0000000000044 -0.6756597485782762
594.1000000000045 -0.675553217754146
594.2000000000045 -0.6754680365799176
594.3000000000045 -0.6754002885094988
594.4000000000045 -0.675347408253792
594.5000000000045 -0.6753063061199991
594.6000000000046 -0.6752750239874464
594.7000000000046 -0.6752513573325858
594.8000000000046 -0.6752337173522579
594.9000000000046 -0.6752207239541805
595.0000000000047 -0.6752112420258568
595.1000000000047 -0.6752042119809107
595.2000000000047 -0.6751986566394759
595.3000000000047 -0.6751944157297929
595.4000000000048 -0.6751915649411816
595.5000000000048 -0.67518934695192
595.6000000000048 -0.6751879799968107
595.7000000000048 -0.6751870228340572
595.8000000000048 -0.6751864544955714
595.9000000000049 -0.6751861243802996
596.0000000000049 -0.6751859302722415
596.1000000000049 -0.6751858136146806
596.2000000000049 -0.6751857396637191
596.300000000005 -0.67518568261018
596.400000000005 -0.6751856332832363
596.500000000005 -0.6751855632785798
596.600000000005 -0.6751854177474153
596.700000000005 -0.6751852657393925
596.8000000000051 -0.675185148427246
596.9000000000051 -0.6751850643641023
597.0000000000051 -0.6751848874204824
597.1000000000051 -0.6751847266714541
597.2000000000052 -0.6751846112162431
597.3000000000052 -0.6751845565476353
597.4000000000052 -0.6751844552665599
597.5000000000052 -0.6751843758336925
597.6000000000053 -0.6751843241170382
597.7000000000053 -0.6751843053912816
597.8000000000053 -0.6751842858190794
597.9000000000053 -0.6751842784799612
598.0000000000053 -0.6751842787039741
598.1000000000054 -0.6751842806412747
598.2000000000054 -0.6751842958014094
598.3000000000054 -0.675184310308379
598.4000000000054 -0.6751843239773726
598.5000000000055 -0.6751843315469461
598.6000000000055 -0.6751843724437966
598.7000000000055 -0.6751844283040495
598.8000000000055 -0.675184484904367
598.9000000000055 -0.6751845392565408
599.0000000000056 -0.6751845883723623
599.1000000000056 -0.675184629263623
599.2000000000056 -0.6751846589421147
599.3000000000056 -0.6751846744196286
599.4000000000057 -0.6751847023491482
599.5000000000057 -0.6751847455102261
599.6000000000057 -0.6751847854659702
599.7000000000057 -0.675184821271419
599.8000000000058 -0.6751848519816114
599.9000000000058 -0.6751848766515866
600.0000000000058 -0.6751848943363831
600.1000000000058 -0.6751849040910399
600.2000000000058 -0.6751849135297062
600.3000000000059 -0.6751849313337044
600.4000000000059 -0.6751849468744063
600.5000000000059 -0.6751849600937839
600.6000000000059 -0.6751849709338088
600.700000000006 -0.6751849793364527
600.800000000006 -0.6751849852436874
600.900000000006 -0.6751849885974847
601.000000000006 -0.6751850016779455
601.100000000006 -0.6751850014862655
601.2000000000061 -0.6751850013202599
601.3000000000061 -0.675185001179929
601.4000000000061 -0.6751850010652722
601.5000000000061 -0.6751850009762902
601.6000000000062 -0.6751850009129825
601.7000000000062 -0.6751850008753493
601.8000000000062 -0.6751850008632719
601.9000000000062 -0.675185000860352
602.0000000000063 -0.6751850008574323
602.1000000000063 -0.6751850008545124
602.2000000000063 -0.6751850008515926
602.3000000000063 -0.6751850008379102
602.4000000000063 -0.6751850007047483
602.5000000000064 -0.6751850005715864
602.6000000000064 -0.6751850004384244
602.7000000000064 -0.6751850003052624
602.8000000000064 -0.675184993316975
602.9000000000065 -0.6751849403746567
603.0000000000065 -0.6751848874323383
603.1000000000065 -0.67518483449002
603.2000000000065 -0.6751847815477016
603.3000000000065 -0.6751847286053833
603.4000000000066 -0.6751846756630648
603.5000000000066 -0.6751846227207465
603.6000000000066 -0.6751845697784281
603.7000000000066 -0.6751845168361098
603.8000000000067 -0.6751844381085068
603.9000000000067 -0.6751842701353929
604.0000000000067 -0.675184102162279
604.1000000000067 -0.6751836583083458
604.2000000000068 -0.6751831715215335
604.3000000000068 -0.6751823436944803
604.4000000000068 -0.6751811835953443
604.5000000000068 -0.6751794161600693
604.6000000000068 -0.6751768217199252
604.7000000000069 -0.6751737299517935
604.8000000000069 -0.6751683382667928
604.9000000000069 -0.6751632154839381
605.0000000000069 -0.6751557125856071
605.100000000007 -0.6751454465099234
605.200000000007 -0.6751313913070475
605.300000000007 -0.6751122845303527
605.400000000007 -0.6750874203462073
605.500000000007 -0.675054933672693
605.6000000000071 -0.6750126945562318
605.7000000000071 -0.6749586320894307
605.8000000000071 -0.6748910500040453
605.9000000000071 -0.6748070814933197
606.0000000000072 -0.6747035922258656
606.1000000000072 -0.674577315293277
606.2000000000072 -0.6744251545191169
606.3000000000072 -0.6742442453557699
606.4000000000073 -0.6740318285656931
606.5000000000073 -0.6737859144946525
606.6000000000073 -0.6735044520206305
606.7000000000073 -0.673187192523147
606.8000000000073 -0.6728336778916074
606.9000000000074 -0.6724458332878838
607.0000000000074 -0.6720255250675381
607.1000000000074 -0.6715766854094265
607.2000000000074 -0.6711039023598906
607.3000000000075 -0.6706126903743009
607.4000000000075 -0.6701096859828584
607.5000000000075 -0.6696018015057832
607.6000000000075 -0.6690962404195322
607.7000000000075 -0.6685999185282759
607.8000000000076 -0.6681196703595097
607.9000000000076 -0.6676611290588621
608.0000000000076 -0.6672298089193245
608.1000000000076 -0.6668293633439394
608.2000000000077 -0.6664632581164019
608.3000000000077 -0.6661331528488341
608.4000000000077 -0.6658400704736387
608.5000000000077 -0.6655838329747641
608.6000000000078 -0.6653633353083385
608.7000000000078 -0.6651768856225392
608.8000000000078 -0.6650218604893601
608.9000000000078 -0.6648955351625793
609.0000000000078 -0.6647944997113988
609.1000000000079 -0.6647155408045115
609.2000000000079 -0.664655161653023
609.3000000000079 -0.6646101801172306
609.4000000000079 -0.6645775526192411
609.500000000008 -0.6645545512716806
609.600000000008 -0.6645388126104335
609.700000000008 -0.6645283624589364
609.800000000008 -0.6645215191071524
609.900000000008 -0.6645172031596058
610.0000000000081 -0.6645145920559867
610.1000000000081 -0.6645130156185431
610.2000000000081 -0.6645122890961611
610.3000000000081 -0.6645119444945581
610.4000000000082 -0.6645119184211135
610.5000000000082 -0.6645120313877039
610.6000000000082 -0.6645121182655956
610.7000000000082 -0.6645122400038841
610.8000000000083 -0.6645122686205213
610.9000000000083 -0.6645123341580313
611.0000000000083 -0.664512353362095
611.1000000000083 -0.6645123665507769
611.2000000000083 -0.6645123744080461
611.3000000000084 -0.6645123686975889
611.4000000000084 -0.6645123651836368
611.5000000000084 -0.6645123604477626
611.6000000000084 -0.6645123562123338
611.7000000000085 -0.6645123539666036
611.8000000000085 -0.6645123535505956
611.9000000000085 -0.6645123540188658
612.0000000000085 -0.6645123547153843
612.1000000000085 -0.6645123560801107
612.2000000000086 -0.6645123693661855
612.3000000000086 -0.6645123782231828
612.4000000000086 -0.6645126809026233
612.5000000000086 -0.6645138664043109
612.6000000000087 -0.6645181031159204
612.7000000000087 -0.664531120354952
612.8000000000087 -0.6645682718281061
612.9000000000087 -0.6646756026717011
613.0000000000088 -0.6649675133366485
613.1000000000088 -0.6656899425974273
613.2000000000088 -0.6672761241411526
613.3000000000088 -0.6701962708642255
613.4000000000088 -0.6746163385532825
613.5000000000089 -0.6802314682008205
613.6000000000089 -0.686558738259729
613.7000000000089 -0.6932311111722469
613.8000000000089 -0.7000454406829942
613.900000000009 -0.7069097329955383
614.000000000009 -0.7137802550549773
614.100000000009 -0.7206382191779154
614.200000000009 -0.727477738635669
614.300000000009 -0.7342964046401276
614.4000000000091 -0.7410932958503694
614.5000000000091 -0.7478684063357862
614.6000000000091 -0.7546221597531342
614.7000000000091 -0.7613551566301535
614.8000000000092 -0.7680680212449023
614.9000000000092 -0.7747613316476646
615.0000000000092 -0.7814356415802849
615.1000000000092 -0.7880915116067876
615.2000000000093 -0.7947294389071438
615.3000000000093 -0.8013499399780259
615.4000000000093 -0.8079534925420764
615.5000000000093 -0.814540537770279
615.6000000000093 -0.821111540488342
615.7000000000094 -0.8276669734997001
615.8000000000094 -0.8342072653419944
615.9000000000094 -0.8407328222387817
616.0000000000094 -0.8472440318603556
616.1000000000095 -0.8537412522744826
616.2000000000095 -0.8602248210711837
616.3000000000095 -0.8666950528940824
616.4000000000095 -0.873152390390327
616.5000000000095 -0.8795971744328394
616.6000000000096 -0.8860296627355932
616.7000000000096 -0.8924501450192819
616.8000000000096 -0.8988589213781099
616.9000000000096 -0.9052564120039961
617.0000000000097 -0.9116428287444517
617.1000000000097 -0.9180184475576829
617.2000000000097 -0.9243835346477283
617.3000000000097 -0.9307383309238501
617.4000000000098 -0.9370830760193843
617.5000000000098 -0.9434180055638027
617.6000000000098 -0.9497433399474432
617.7000000000098 -0.9560593202526116
617.8000000000098 -0.9623662984221969
617.9000000000099 -0.9686643827624953
618.0000000000099 -0.9749537729881639
618.1000000000099 -0.9812346600344897
618.2000000000099 -0.9875072260573902
618.30000000001 -0.9937716444334124
618.40000000001 -1.000028098699177
618.50000000001 -1.006276937783041
618.60000000001 -1.012518209880104
618.70000000001 -1.01875207693392
618.8000000000101 -1.024978694044446
618.9000000000101 -1.031198209468036
619.0000000000101 -1.037410764617448
619.1000000000101 -1.043616497623178
619.2000000000102 -1.049815740802022
619.3000000000102 -1.056008512831688
619.4000000000102 -1.062194950144183
619.5000000000102 -1.068375184171053
619.6000000000103 -1.074549341343382
619.7000000000103 -1.080717543091795
619.8000000000103 -1.08687990584645
619.9000000000103 -1.093036597498315
620.0000000000103 -1.099187701424018
620.1000000000104 -1.105333322541219
620.2000000000104 -1.111473564309648
620.3000000000104 -1.117608525726786
620.4000000000104 -1.123738301327867
620.5000000000105 -1.129862981185878
620.6000000000105 -1.135982820782639
620.7000000000105 -1.14209785553523
620.8000000000105 -1.148208160699986
620.9000000000106 -1.154313832100521
621.0000000000106 -1.160414962916508
621.1000000000106 -1.166511643683681
621.2000000000106 -1.172603962293832
621.3000000000106 -1.178691934919004
621.4000000000107 -1.184775651034194
621.5000000000107 -1.190855197084399
621.6000000000107 -1.196930639569876
621.7000000000107 -1.203002041508082
621.8000000000108 -1.20906946243368
621.9000000000108 -1.215132958398536
622.0000000000108 -1.22119275750368
622.1000000000108 -1.227248954010715
622.2000000000108 -1.23330157573851
622.3000000000109 -1.239350711954968
622.4000000000109 -1.245396452789276
622.5000000000109 -1.2514388892319
622.6000000000109 -1.257477822385939
622.700000000011 -1.263513412023652
622.800000000011 -1.269545724667478
622.900000000011 -1.275574798090432
623.000000000011 -1.281600665808706
623.1000000000111 -1.287623381674574
623.2000000000111 -1.293643215781703
623.3000000000111 -1.299660093509035
623.4000000000111 -1.305674075059633
623.5000000000111 -1.311685220628448
623.6000000000112 -1.317693590402323
623.7000000000112 -1.323699193475618
623.8000000000112 -1.329701970929726
623.9000000000112 -1.335702029610043
624.0000000000113 -1.341699399625816
624.1000000000113 -1.347694108218532
624.2000000000113 -1.353686179761922
624.3000000000113 -1.359675776885673
624.4000000000113 -1.365663020567655
624.5000000000114 -1.37164788624057
624.6000000000114 -1.377630434803216
624.7000000000114 -1.383610728762051
624.8000000000114 -1.389588832231193
624.9000000000115 -1.39556456142843
625.0000000000115 -1.401536828731698
626.0000000000115 -1.41089086364659
627.0000000000115 -1.412765669811059
628.0000000000115 -1.413832512822423
629.0000000000115 -1.414572863506079
630.0000000000115 -1.415136884606156
631.0000000000115 -1.415591027865319
632.0000000000115 -1.415970124167454
633.0000000000115 -1.416294760438897
634.0000000000115 -1.416578421520338
635.0000000000115 -1.416829946317294
636.0000000000115 -1.417055567971207
637.0000000000115 -1.417259984485442
638.0000000000115 -1.417446825232568
639.0000000000115 -1.417618774579852
640.0000000000115 -1.417777908074125
641.0000000000115 -1.417925923062153
642.0000000000115 -1.41806422093753
643.0000000000115 -1.418193944558621
644.0000000000115 -1.4183160987415
645.0000000000115 -1.418431510268913
646.0000000000115 -1.418540839264901
647.0000000000115 -1.418644699412228
648.0000000000115 -1.418743538711198
649.0000000000115 -1.418837840549081
650.0000000000115 -1.418927935613573
651.0000000000115 -1.419014209351598
652.0000000000115 -1.41909693041399
653.0000000000115 -1.419176395737654
654.0000000000115 -1.419252841700957
655.0000000000115 -1.419326509235164
656.0000000000115 -1.419397558745858
657.0000000000115 -1.419466154646284
658.0000000000115 -1.41953250666881
659.0000000000115 -1.419596705637905
660.0000000000115 -1.419658856472565
661.0000000000115 -1.419719147342107
662.0000000000115 -1.419777636548335
663.0000000000115 -1.419834402055299
664.0000000000115 -1.41988958643837
665.0000000000115 -1.419943249734761
666.0000000000115 -1.419995458766116
667.0000000000115 -1.420046304058562
668.0000000000115 -1.420095852696489
669.0000000000115 -1.420144159455328
670.0000000000115 -1.420191298182479
671.0000000000115 -1.420237327231141
672.0000000000115 -1.420282285428356
673.0000000000115 -1.420326214517658
674.0000000000115 -1.420369150553572
675.0000000000115 -1.420411161940432
676.0000000000115 -1.42045228717476
677.0000000000115 -1.42049254565916
678.0000000000115 -1.420531964484416
679.0000000000115 -1.420570566489705
680.0000000000115 -1.420608415374543
681.0000000000115 -1.420645534029808
682.0000000000115 -1.420681935392264
683.0000000000115 -1.420717640072032
684.0000000000115 -1.420752665957699
685.0000000000115 -1.42078706398474
686.0000000000115 -1.420820848112392
687.0000000000115 -1.42085403192545
688.0000000000115 -1.42088663308706
689.0000000000115 -1.420918667635536
690.0000000000115 -1.420950169465934
691.0000000000115 -1.420981149725034
692.0000000000115 -1.421011622433858
693.0000000000115 -1.421041602446663
694.0000000000115 -1.421071103536172
695.0000000000115 -1.421100157895705
696.0000000000115 -1.421128768229992
697.0000000000115 -1.421156945968373
698.0000000000115 -1.421184702594243
699.0000000000115 -1.421212048654588
700.0000000000115 -1.421238993759986
701.0000000000115 -1.421265546584608
702.0000000000115 -1.421291720906908
703.0000000000115 -1.421317548848335
704.0000000000115 -1.421343021407703
705.0000000000115 -1.421368146665867
706.0000000000115 -1.421392932004199
707.0000000000115 -1.421417384104592
708.0000000000115 -1.421441508949458
709.0000000000115 -1.421465311821729
710.0000000000115 -1.421488812969944
711.0000000000115 -1.421512029272648
712.0000000000115 -1.421534953729937
713.0000000000115 -1.421557592257107
714.0000000000115 -1.421579950322667
715.0000000000115 -1.421602032948332
716.0000000000115 -1.421623844709027
717.0000000000115 -1.421645389732885
718.0000000000115 -1.421666690337591
719.0000000000115 -1.421687747598052
720.0000000000115 -1.421708561713091
721.0000000000115 -1.421729137531135
722.0000000000115 -1.421749479634927
723.0000000000115 -1.421769592341525
724.0000000000115 -1.421789479702305
725.0000000000115 -1.421809145716278
726.0000000000115 -1.42182860653396
727.0000000000115 -1.421847858573288
728.0000000000115 -1.42186690599521
729.0000000000115 -1.421885752784373
730.0000000000115 -1.421904402749123
731.0000000000115 -1.421922859521506
732.0000000000115 -1.421941126557268
733.0000000000115 -1.42195921033503
734.0000000000115 -1.42197712076886
735.0000000000115 -1.42199485453651
736.0000000000115 -1.422012414860447
737.0000000000115 -1.422029804810449
738.0000000000115 -1.422047027303609
739.0000000000115 -1.422064085104329
740.0000000000115 -1.422080980824327
741.0000000000115 -1.422097716922632
742.0000000000115 -1.422114295705586
743.0000000000115 -1.422130719326843
744.0000000000115 -1.422146989787369
745.0000000000115 -1.422163111775526
746.0000000000115 -1.422179102200769
747.0000000000115 -1.422194950615988
748.0000000000115 -1.422210659179517
749.0000000000115 -1.422226229935689
750.0000000000115 -1.422241664814834
751.0000000000115 -1.422256965633279
752.0000000000115 -1.422272134093348
753.0000000000115 -1.422287171783365
754.0000000000115 -1.422302080177648
755.0000000000115 -1.422316860636516
756.0000000000115 -1.422331514406282
757.0000000000115 -1.422346043184751
758.0000000000115 -1.422360468402566
759.0000000000115 -1.42237477636261
760.0000000000115 -1.422388968670648
761.0000000000115 -1.422403046859785
762.0000000000115 -1.422417012390463
763.0000000000115 -1.422430866650462
764.0000000000115 -1.422444610954898
765.0000000000115 -1.422458246546226
766.0000000000115 -1.422471774594238
767.0000000000115 -1.422485196196066
768.0000000000115 -1.422498512376176
769.0000000000115 -1.422511724086373
770.0000000000115 -1.422524845795658
771.0000000000115 -1.422537870513296
772.0000000000115 -1.422550798257005
773.0000000000115 -1.422563630298137
774.0000000000115 -1.422576367865009
775.0000000000115 -1.422589012142905
776.0000000000115 -1.422601564274073
777.0000000000115 -1.422614025357726
778.0000000000115 -1.422626396450043
779.0000000000115 -1.422638678564167
780.0000000000115 -1.422650872670207
781.0000000000115 -1.422662979695238
782.0000000000115 -1.422675006134115
783.0000000000115 -1.422686950833299
784.0000000000115 -1.4226988134327
785.0000000000115 -1.422710594985397
786.0000000000115 -1.422722296516002
787.0000000000115 -1.422733919020659
788.0000000000115 -1.422745463467047
789.0000000000115 -1.422756930794377
790.0000000000115 -1.422768321913395
791.0000000000115 -1.422779637706377
792.0000000000115 -1.422790879027138
793.0000000000115 -1.42280204670102
794.0000000000115 -1.422813146020478
795.0000000000115 -1.422824176894879
796.0000000000115 -1.422835137881544
797.0000000000115 -1.422846029809002
798.0000000000115 -1.422856853481121
799.0000000000115 -1.422867609677106
800.0000000000115 -1.422878299151502
801.0000000000115 -1.422888922634193
802.0000000000115 -1.4228994808304
803.0000000000115 -1.422909974420684
804.0000000000115 -1.422920404060944
805.0000000000115 -1.422930770382417
806.0000000000115 -1.422941073991681
807.0000000000115 -1.422951315470649
808.0000000000115 -1.422961495376576
809.0000000000115 -1.422971614242054
810.0000000000115 -1.422981672575013
811.0000000000115 -1.422991670858722
812.0000000000115 -1.423001609551791
813.0000000000115 -1.423011495509202
814.0000000000115 -1.423021329485602
815.0000000000115 -1.423031107474528
816.0000000000115 -1.423040830027887
817.0000000000115 -1.423050497679184
818.0000000000115 -1.423060110943517
819.0000000000115 -1.42306967031758
820.0000000000115 -1.423079176279662
821.0000000000115 -1.423088629289647
822.0000000000115 -1.423098029789013
823.0000000000115 -1.423107378200836
824.0000000000115 -1.423116674929782
825.0000000000115 -1.423125920362116
826.0000000000115 -1.423135114865697
827.0000000000115 -1.423144258789978
828.0000000000115 -1.423153352466008
829.0000000000115 -1.423162396206431
830.0000000000115 -1.423171390305484
831.0000000000115 -1.423180335039003
832.0000000000115 -1.423189236516077
833.0000000000115 -1.423198097199113
834.0000000000115 -1.423206911761051
835.0000000000115 -1.423215680609108
836.0000000000115 -1.423224404138794
837.0000000000115 -1.423233082733913
838.0000000000115 -1.423241716766563
839.0000000000115 -1.423250306597137
840.0000000000115 -1.423258852574323
841.0000000000115 -1.423267355035103
842.0000000000115 -1.423275814304751
843.0000000000115 -1.423284230696839
844.0000000000115 -1.423292604513231
845.0000000000115 -1.423300936044086
846.0000000000115 -1.423309225567857
847.0000000000115 -1.423317473351291
848.0000000000115 -1.423325679649432
849.0000000000115 -1.423333844705613
850.0000000000115 -1.423341968751468
851.0000000000115 -1.423350055477347
852.0000000000115 -1.42335810799288
853.0000000000115 -1.423366121922481
854.0000000000115 -1.423374097597492
855.0000000000115 -1.42338203534235
856.0000000000115 -1.423389935474587
857.0000000000115 -1.42339779830483
858.0000000000115 -1.423405624136803
859.0000000000115 -1.423413413267325
860.0000000000115 -1.423421165986309
861.0000000000115 -1.423428882576766
862.0000000000115 -1.423436563314801
863.0000000000115 -1.423444208469614
864.0000000000115 -1.423451818303501
865.0000000000115 -1.423459393071854
866.0000000000115 -1.423466933023161
867.0000000000115 -1.423474438399003
868.0000000000115 -1.42348190943406
869.0000000000115 -1.423489346356104
870.0000000000115 -1.423496750736952
871.0000000000115 -1.423504124842717
872.0000000000115 -1.423511466353369
873.0000000000115 -1.423518775540658
874.0000000000115 -1.423526052671782
875.0000000000115 -1.423533298009384
876.0000000000115 -1.423540511811558
877.0000000000115 -1.423547694331842
878.0000000000115 -1.423554845819225
879.0000000000115 -1.42356196651814
880.0000000000115 -1.42356905666847
881.0000000000115 -1.423576116505543
882.0000000000115 -1.423583146260137
883.0000000000115 -1.423590146158475
884.0000000000115 -1.42359711642223
885.0000000000115 -1.42360405726852
886.0000000000115 -1.423610968909912
887.0000000000115 -1.42361785155442
888.0000000000115 -1.423624705405504
889.0000000000115 -1.423631531672693
890.0000000000115 -1.423638333044507
891.0000000000115 -1.423645106744301
892.0000000000115 -1.423651852985785
893.0000000000115 -1.423658571978729
894.0000000000115 -1.423665263928956
895.0000000000115 -1.423671929038343
896.0000000000115 -1.423678567504823
897.0000000000115 -1.423685179522382
898.0000000000115 -1.423691765281063
899.0000000000115 -1.423698324966961
900.0000000000115 -1.42370485876223
901.0000000000115 -1.423711366845074
902.0000000000115 -1.423717849389754
903.0000000000115 -1.423724306566587
904.0000000000115 -1.423730738541942
905.0000000000115 -1.423737145478245
906.0000000000115 -1.423743527533976
907.0000000000115 -1.423749884863669
908.0000000000115 -1.423756217617914
909.0000000000115 -1.423762525943354
910.0000000000115 -1.42376880998269
911.0000000000115 -1.423775069874673
912.0000000000115 -1.423781305754114
913.0000000000115 -1.423787517751875
914.0000000000115 -1.423793705994874
915.0000000000115 -1.423799870606083
916.0000000000115 -1.423806011704531
917.0000000000115 -1.423812129405299
918.0000000000115 -1.423818223819525
919.0000000000115 -1.423824296145751
920.0000000000115 -1.423830351683988
921.0000000000115 -1.423836385129871
922.0000000000115 -1.423842396625638
923.0000000000115 -1.423848386310584
924.0000000000115 -1.42385435432106
925.0000000000115 -1.423860300790475
926.0000000000115 -1.423866225849293
927.0000000000115 -1.423872129625038
928.0000000000115 -1.423878012242288
929.0000000000115 -1.423883873822679
930.0000000000115 -1.423889714484904
931.0000000000115 -1.423895534344711
932.0000000000115 -1.42390133351491
933.0000000000115 -1.423907112105361
934.0000000000115 -1.423912870222986
935.0000000000115 -1.423918607971763
936.0000000000115 -1.423924325452724
937.0000000000115 -1.423930022763961
938.0000000000115 -1.423935700000622
939.0000000000115 -1.423941357254912
940.0000000000115 -1.423946994616092
941.0000000000115 -1.423952612170481
942.0000000000115 -1.423958210001454
943.0000000000115 -1.423963788189443
944.0000000000115 -1.423969346811938
945.0000000000115 -1.423974885943484
946.0000000000115 -1.423980405655685
947.0000000000115 -1.4239859060172
948.0000000000115 -1.423991387093746
949.0000000000115 -1.423996849506963
950.0000000000115 -1.424002300041262
951.0000000000115 -1.424007732415022
952.0000000000115 -1.424013146732402
953.0000000000115 -1.424018543095696
954.0000000000115 -1.424023921605329
955.0000000000115 -1.42402928235986
956.0000000000115 -1.424034625455977
957.0000000000115 -1.424039950988502
958.0000000000115 -1.42404525905039
959.0000000000115 -1.424050549732727
960.0000000000115 -1.424055823124732
961.0000000000115 -1.424061079313754
962.0000000000115 -1.424066318385277
963.0000000000115 -1.424071540422915
964.0000000000115 -1.424076745508418
965.0000000000115 -1.424081933721662
966.0000000000115 -1.424087105140661
967.0000000000115 -1.424092259841557
968.0000000000115 -1.424097397898628
969.0000000000115 -1.42410251938428
970.0000000000115 -1.424107624369056
971.0000000000115 -1.424112712921626
972.0000000000115 -1.424117785108797
973.0000000000115 -1.424122840995505
974.0000000000115 -1.424127880644818
975.0000000000115 -1.42413290411794
976.0000000000115 -1.424137911474202
977.0000000000115 -1.424142902771071
978.0000000000115 -1.424147878064145
979.0000000000115 -1.424152837407154
980.0000000000115 -1.424157786384148
981.0000000000115 -1.424162720221047
982.0000000000115 -1.424167638968057
983.0000000000115 -1.424172542708134
984.0000000000115 -1.424177431523135
985.0000000000115 -1.42418230549382
986.0000000000115 -1.424187164699851
987.0000000000115 -1.424192009219795
988.0000000000115 -1.424196839131121
989.0000000000115 -1.424201654510199
990.0000000000115 -1.424206455432304
991.0000000000115 -1.424211241971613
992.0000000000115 -1.424216014201206
993.0000000000115 -1.424220772193066
994.0000000000115 -1.424225516018077
995.0000000000115 -1.42423024574603
996.0000000000115 -1.424234961445615
997.0000000000115 -1.424239663184425
998.0000000000115 -1.424244351028959
999.0000000000115 -1.424249025044615
1000.000000000011 -1.424253685295696
1001.000000000011 -1.424258331845408
1002.000000000011 -1.424262964755859
1003.000000000011 -1.424267584088059
1004.000000000011 -1.424272189901923
1005.000000000011 -1.424276782256268
1006.000000000011 -1.424281361208813
1007.000000000011 -1.424285926816179
1008.000000000011 -1.424290479133894
1009.000000000011 -1.424295018216384
1010.000000000011 -1.424299546580644
1011.000000000011 -1.42430406236926
1012.000000000011 -1.424308565424492
1013.000000000011 -1.424313055814254
1014.000000000011 -1.424317533605745
1015.000000000011 -1.424321998865438
1016.000000000011 -1.424326451659087
1017.000000000011 -1.424330892051724
1018.000000000011 -1.424335320107662
1019.000000000011 -1.424339735890491
1020.000000000011 -1.424344139463081
1021.000000000011 -1.424348530887579
1022.000000000011 -1.424352910225413
1023.000000000011 -1.424357277537289
1024.000000000011 -1.424361632883193
1025.000000000011 -1.424365976322388
1026.000000000011 -1.424370307913418
1027.000000000011 -1.424374627714105
1028.000000000011 -1.424378935781548
1029.000000000011 -1.424383232172129
1030.000000000011 -1.424387516941505
1031.000000000011 -1.424391790144615
1032.000000000011 -1.424396051835674
1033.000000000011 -1.42440030206818
1034.000000000011 -1.424404540894905
1035.000000000011 -1.424408768367903
1036.000000000011 -1.424412984538506
1037.000000000011 -1.424417189457327
1038.000000000011 -1.424421383174253
1039.000000000011 -1.424425565738456
1040.000000000011 -1.424429739404186
1041.000000000011 -1.424433902657049
1042.000000000011 -1.424438055111946
1043.000000000011 -1.424442196822229
1044.000000000011 -1.424446327840627
1045.000000000011 -1.424450448219244
1046.000000000011 -1.424454558009559
1047.000000000011 -1.424458657262424
1048.000000000011 -1.424462746028069
1049.000000000011 -1.424466824356096
1050.000000000011 -1.424470892295484
1051.000000000011 -1.424474949894585
1052.000000000011 -1.424478997201128
1053.000000000011 -1.424483034262216
1054.000000000011 -1.424487061124326
1055.000000000011 -1.424491077833311
1056.000000000011 -1.424495084434399
1057.000000000011 -1.424499080972193
1058.000000000011 -1.42450306749067
1059.000000000011 -1.424507044033182
1060.000000000011 -1.424511010642456
1061.000000000011 -1.424514967360596
1062.000000000011 -1.424518914229078
1063.000000000011 -1.424522851288754
1064.000000000011 -1.424526778579851
1065.000000000011 -1.424530696141971
1066.000000000011 -1.424534604014091
1067.000000000011 -1.424538502234563
1068.000000000011 -1.424542390841113
1069.000000000011 -1.424546269870842
1070.000000000011 -1.424550139360229
1071.000000000011 -1.424553999345123
1072.000000000011 -1.424557849860751
1073.000000000011 -1.424561690941714
1074.000000000011 -1.424565522621988
1075.000000000011 -1.424569344934925
1076.000000000011 -1.424573157913251
1077.000000000011 -1.424576961589066
1078.000000000011 -1.424580755993845
1079.000000000011 -1.424584541158442
1080.000000000011 -1.424588317113079
1081.000000000011 -1.424592083887358
1082.000000000011 -1.424595841510255
1083.000000000011 -1.42459959001012
1084.000000000011 -1.424603329414678
1085.000000000011 -1.42460705975103
1086.000000000011 -1.42461078104565
1087.000000000011 -1.424614494557305
1088.000000000011 -1.424618202378938
1089.000000000011 -1.424621901578611
1090.000000000011 -1.424625592191921
1091.000000000011 -1.424629274253996
1092.000000000011 -1.424632947799499
1093.000000000011 -1.424636612862628
1094.000000000011 -1.424640269477114
1095.000000000011 -1.424643917676221
1096.000000000011 -1.424647557492748
1097.000000000011 -1.424651188959027
1098.000000000011 -1.424654812106926
1099.000000000011 -1.424658426967844
1100.000000000011 -1.424662033572715
1101.000000000011 -1.424665631952008
1102.000000000011 -1.424669222135725
1103.000000000011 -1.424672804153401
1104.000000000011 -1.424676378034107
1105.000000000011 -1.424679943806445
1106.000000000011 -1.424683501498553
1107.000000000011 -1.424687051138104
1108.000000000011 -1.424690592752301
1109.000000000011 -1.424694126367885
1110.000000000011 -1.424697652011128
1111.000000000011 -1.424701169707838
1112.000000000011 -1.424704679483354
1113.000000000011 -1.424708181362552
1114.000000000011 -1.424711675369841
1115.000000000011 -1.424715161529162
1116.000000000011 -1.424718639863992
1117.000000000011 -1.424722110397342
1118.000000000011 -1.424725573151755
1119.000000000011 -1.42472902814931
1120.000000000011 -1.424732475411618
1121.000000000011 -1.424735914959826
1122.000000000011 -1.424739346814612
1123.000000000011 -1.424742770996191
1124.000000000011 -1.424746187524309
1125.000000000011 -1.424749596418248
1126.000000000011 -1.424752997696824
1127.000000000011 -1.424756391378385
1128.000000000011 -1.424759777480814
1129.000000000011 -1.424763156021528
1130.000000000011 -1.424766527017479
1131.000000000011 -1.424769890485149
1132.000000000011 -1.424773246440559
1133.000000000011 -1.424776594899259
1134.000000000011 -1.424779935876338
1135.000000000011 -1.424783269913865
1136.000000000011 -1.424786596872231
1137.000000000011 -1.424789916636811
1138.000000000011 -1.424793229251199
1139.000000000011 -1.424796534760032
1140.000000000011 -1.424799833208996
1141.000000000011 -1.424803124644824
1142.000000000011 -1.424806409115296
1143.000000000011 -1.424809686669238
1144.000000000011 -1.424812957356523
1145.000000000011 -1.424816221228074
1146.000000000011 -1.424819478335857
1147.000000000011 -1.42482272836982
1148.000000000011 -1.424825971565957
1149.000000000011 -1.424829208014577
1150.000000000011 -1.424832437753919
1151.000000000011 -1.424835660822381
1152.000000000011 -1.424838877258519
1153.000000000011 -1.424842087101051
1154.000000000011 -1.424845290388852
1155.000000000011 -1.424848487160957
1156.000000000011 -1.424851677456562
1157.000000000011 -1.42485486131502
1158.000000000011 -1.424858038775845
1159.000000000011 -1.424861209552864
1160.000000000011 -1.424864373901481
1161.000000000011 -1.42486753185675
1162.000000000011 -1.424870683444789
1163.000000000011 -1.424873828691183
1164.000000000011 -1.424876967620988
1165.000000000011 -1.424880100258726
1166.000000000011 -1.424883226628386
1167.000000000011 -1.424886346753429
1168.000000000011 -1.424889460656779
1169.000000000011 -1.424892568360832
1170.000000000011 -1.424895669886968
1171.000000000011 -1.424898765247382
1172.000000000011 -1.424901854461321
1173.000000000011 -1.424904937544579
1174.000000000011 -1.424908014522072
1175.000000000011 -1.424911078955513
1175.100000000011 -1.424911212997041
1175.200000000011 -1.424911288501088
1175.300000000011 -1.424911288457428
1175.400000000011 -1.424911288443814
1175.500000000011 -1.424911275146681
1175.600000000011 -1.424911202332635
1175.700000000011 -1.424910453034987
1175.800000000011 -1.4249044967256
1175.900000000011 -1.424854145180583
1176.00000000001 -1.424499058500427
1176.10000000001 -1.422934715786764
1176.20000000001 -1.419292913034343
1176.30000000001 -1.414297092078877
1176.40000000001 -1.408877615377712
1176.50000000001 -1.403355801580887
1176.60000000001 -1.397813608939036
1176.70000000001 -1.392268703705507
1176.80000000001 -1.386725729356382
1176.90000000001 -1.381185595154676
1177.00000000001 -1.375648325778154
1177.100000000009 -1.370114009724115
1177.200000000009 -1.364582721058875
1177.300000000009 -1.359054433846756
1177.400000000009 -1.353529294135672
1177.500000000009 -1.348007267392098
1177.600000000009 -1.34248859851899
1177.700000000009 -1.336973195756965
1177.800000000009 -1.331461026633962
1177.900000000009 -1.325952141992151
1178.000000000009 -1.320446969487207
1178.100000000009 -1.31494524309533
1178.200000000008 -1.309446962816518
1178.300000000008 -1.303951923933953
1178.400000000008 -1.298461444871904
1178.500000000008 -1.292974499726815
1178.600000000008 -1.287491151691954
1178.700000000008 -1.282011704854343
1178.800000000008 -1.276536303925506
1178.900000000008 -1.271064965958723
1179.000000000008 -1.265597799405161
1179.100000000008 -1.260134903925796
1179.200000000008 -1.254676344777922
1179.300000000007 -1.24922224812675
1179.400000000007 -1.243772716363183
1179.500000000007 -1.238327851878125
1179.600000000007 -1.232887615370712
1179.700000000007 -1.227452101274768
1179.800000000007 -1.222021422749814
1179.900000000007 -1.216595659806039
1180.000000000007 -1.211174906044301
1180.100000000007 -1.205759278469435
1180.200000000007 -1.200348841506463
1180.300000000007 -1.194943681246388
1180.400000000006 -1.189543883780213
1180.500000000006 -1.184149799341075
1180.600000000006 -1.178761437797812
1180.700000000006 -1.173378874892043
1180.800000000006 -1.168002220565626
1180.900000000006 -1.162631584760417
1181.000000000006 -1.157267111234143
1181.100000000006 -1.151909011835847
1181.200000000006 -1.146557338071031
1181.300000000006 -1.141212211153109
1181.400000000006 -1.135873752295494
1181.500000000005 -1.130542082711598
1181.600000000005 -1.125217526296043
1181.700000000005 -1.119900225651364
1181.800000000005 -1.114590252737544
1181.900000000005 -1.109287752819163
1182.000000000005 -1.103992871160802
1182.100000000005 -1.098705769737353
1182.200000000005 -1.093426797540092
1182.300000000005 -1.08815599308323
1182.400000000005 -1.082893518649562
1182.500000000005 -1.077639536521885
1182.600000000004 -1.072394208982995
1182.700000000004 -1.06715786829058
1182.800000000004 -1.061930808020424
1182.900000000004 -1.056713090949661
1183.000000000004 -1.051504907810189
1183.100000000004 -1.046306449333906
1183.200000000004 -1.041117906252713
1183.300000000004 -1.035939866544593
1183.400000000004 -1.030772411029912
1183.500000000004 -1.025615751226589
1183.600000000004 -1.020470125588657
1183.700000000003 -1.015335825407056
1183.800000000003 -1.01021318866373
1183.900000000003 -1.00510240916719
1184.000000000003 -1.000003743581009
1184.100000000003 -0.9949174485687596
1184.200000000003 -0.9898440951870422
1184.300000000003 -0.9847838999046652
1184.400000000003 -0.9797371158951693
1184.500000000003 -0.9747040422893026
1184.600000000003 -0.969685187826938
1184.700000000003 -0.9646807896940189
1184.800000000002 -0.9596912821685246
1184.900000000002 -0.9547169802977989
1185.000000000002 -0.949758208008721
1185.100000000002 -0.9448155871758626
1185.200000000002 -0.9398895131344979
1185.300000000002 -0.9349803534663674
1185.400000000002 -0.9300885612103982
1185.500000000002 -0.9252146079298464
1185.600000000002 -0.9203590915617458
1185.700000000002 -0.9155225324185263
1185.800000000002 -0.9107054665374844
1185.900000000001 -0.9059084728479414
1186.000000000001 -0.9011321522207431
1186.100000000001 -0.8963769203123693
1186.200000000001 -0.8916434141548872
1186.300000000001 -0.886932278801646
1186.400000000001 -0.8822441419065602
1186.500000000001 -0.8775796468214717
1186.600000000001 -0.87293931291327
1186.700000000001 -0.868323818939418
1186.800000000001 -0.8637338379021836
1186.900000000001 -0.8591700366429996
1187 -0.8546330936903542
1187.1 -0.8501240504999619
1187.2 -0.8456435773559647
1187.3 -0.8411924383964736
1187.4 -0.8367714534909551
1187.5 -0.8323814638183078
1187.6 -0.8280238582256285
1187.7 -0.8236995485664795
1187.8 -0.8194095977833599
1187.9 -0.815155152071982
1188 -0.8109375528648729
1188.099999999999 -0.8067580248079912
1188.199999999999 -0.8026179044517338
1188.299999999999 -0.798518523249965
1188.399999999999 -0.7944606907061417
1188.499999999999 -0.7904459594111852
1188.599999999999 -0.7864756570055214
1188.699999999999 -0.7825507126340429
1188.799999999999 -0.7786682932942635
1188.899999999999 -0.7748328789776059
1188.999999999999 -0.7710470641386092
1189.099999999999 -0.7673124330108587
1189.199999999998 -0.7636304039690639
1189.299999999998 -0.7600024407531638
1189.399999999998 -0.7564302182198892
1189.499999999998 -0.7529153246762093
1189.599999999998 -0.749459323245614
1189.699999999998 -0.7460641913937653
1189.799999999998 -0.7427314799502419
1189.899999999998 -0.7394630674131679
1189.999999999998 -0.7362608995855872
1190.099999999998 -0.733126686395482
1190.199999999998 -0.7300625451950914
1190.299999999997 -0.7270702545780107
1190.399999999997 -0.7241517526816409
1190.499999999997 -0.7213090050812573
1190.599999999997 -0.7185439479522878
1190.699999999997 -0.7158585248303799
1190.799999999997 -0.7132545070877424
1190.899999999997 -0.7107339315590488
1190.999999999997 -0.708298686473642
1191.099999999997 -0.7059500436861076
1191.199999999997 -0.7036899066995347
1191.299999999997 -0.7015198984572928
1191.399999999996 -0.6994410302765763
1191.499999999996 -0.6974547928619802
1191.599999999996 -0.69556240986016
1191.699999999996 -0.6937642671528541
1191.799999999996 -0.6920612594761629
1191.899999999996 -0.6904539782581969
1191.999999999996 -0.6889421965042607
1192.099999999996 -0.6875257369011081
1192.199999999996 -0.6862041337885806
1192.299999999996 -0.6849761238827303
1192.399999999996 -0.6838405487853713
1192.499999999995 -0.682795566028146
1192.599999999995 -0.6818389420071473
1192.699999999995 -0.6809681902535345
1192.799999999995 -0.6801802346667645
1192.899999999995 -0.6794717276234471
1192.999999999995 -0.6788388846188338
1193.099999999995 -0.6782775220602382
1193.199999999995 -0.6777830540103521
1193.299999999995 -0.6773513888993873
1193.399999999995 -0.6769773894286225
1193.499999999995 -0.6766557092989212
1193.599999999994 -0.676381685306585
1193.699999999994 -0.6761502923461264
1193.799999999994 -0.6759566394715507
1193.899999999994 -0.6757963438362625
1193.999999999994 -0.6756647585178491
1194.099999999994 -0.6755581125103263
1194.199999999994 -0.6754723471635692
1194.299999999994 -0.6754043345982214
1194.399999999994 -0.6753508541574811
1194.499999999994 -0.6753092882133512
1194.599999999994 -0.6752773676042247
1194.699999999993 -0.6752530874060222
1194.799999999993 -0.675234804256679
1194.899999999993 -0.6752212598126789
1194.999999999993 -0.6752112058044694
1195.099999999993 -0.6752038329373945
1195.199999999993 -0.6751986319540417
1195.299999999993 -0.6751947121078103
1195.399999999993 -0.6751919697544472
1195.499999999993 -0.6751900961436442
1195.599999999993 -0.6751886503404884
1195.699999999993 -0.675187738449517
1195.799999999992 -0.675187062757411
1195.899999999992 -0.6751865648335644
1195.999999999992 -0.6751863017875891
1196.099999999992 -0.675186055727694
1196.199999999992 -0.6751859057417712
1196.299999999992 -0.6751858279815647
1196.399999999992 -0.6751857523190881
1196.499999999992 -0.6751857169320454
1196.599999999992 -0.675185687123983
1196.699999999992 -0.6751856683715843
1196.799999999992 -0.6751856575014239
1196.899999999991 -0.6751856155041894
1196.999999999991 -0.6751855762858208
1197.099999999991 -0.6751855463582251
1197.199999999991 -0.6751855322333091
1197.299999999991 -0.6751855086500304
1197.399999999991 -0.6751854848084836
1197.499999999991 -0.6751854672222035
1197.599999999991 -0.6751854576664224
1197.699999999991 -0.6751854509468073
1197.799999999991 -0.675185442358253
1197.899999999991 -0.6751854364421126
1197.99999999999 -0.6751854331405812
1198.09999999999 -0.6751854278334929
1198.19999999999 -0.6751854290650559
1198.29999999999 -0.6751854299550992
1198.39999999999 -0.675185430503623
1198.49999999999 -0.6751854307106272
1198.59999999999 -0.6751854324842665
1198.69999999999 -0.6751854343585421
1198.79999999999 -0.6751854361189776
1198.89999999999 -0.6751854377655736
1198.99999999999 -0.6751854392983296
1199.099999999989 -0.6751854407172458
1199.199999999989 -0.6751854420223221
1199.299999999989 -0.6751854432135588
1199.399999999989 -0.6751854442909555
1199.499999999989 -0.6751854452545125
1199.599999999989 -0.6751854461042296
1199.699999999989 -0.675185446840107
1199.799999999989 -0.6751854474621445
1199.899999999989 -0.6751854479703422
1199.999999999989 -0.6751854483647001
