0 294
0.25 297.7225
0.5 301.445
0.75 305.1675
1 308.89
1.25 312.6125
1.5 316.335
1.75 320.0575
2 323.78
2.25 327.5025
2.5 331.225
2.75 334.9475
3 338.67
3.25 342.3925
3.5 346.115
3.75 349.8375
4 353.56
4.25 357.2825
4.5 361.005
4.75 364.7275
5 368.45
5.25 372.1725
5.5 375.895
5.75 379.6175
6 383.34
6.25 387.0625
6.5 390.785
6.75 394.5075
7 398.23
7.25 401.9525
7.5 405.675
7.75 409.3975
8 413.12
8.25 416.8425
8.5 420.565
8.75 424.2875
9 428.01
9.25 431.7325
9.5 435.455
9.75 439.1775
10 442.9
10.25 446.6225
10.5 450.345
10.75 454.0675
11 457.79
11.25 461.5125
11.5 465.235
11.75 468.9575
12 472.68
12.25 476.4025
12.5 480.125
12.75 483.8475
13 487.57
13.25 491.2925
13.5 495.015
13.75 498.7375
14 502.46
14.25 506.1825
14.5 509.905
14.75 513.6275000000001
15 517.35
15.25 521.0725
15.5 524.7950000000001
15.75 528.5175
16 532.24
16.25 535.9625
16.5 539.6849999999999
16.75 543.4075
17 547.13
17.25 550.8525
17.5 554.575
17.75 558.2975
18 562.02
18.25 565.7425000000001
18.5 569.465
18.75 573.1875
19 576.9100000000001
19.25 580.6324999999999
19.5 584.355
19.75 588.0775
20 591.8
20.25 595.5225
20.5 599.245
20.75 602.9675
21 606.6900000000001
21.25 610.4125
21.5 614.135
21.75 617.8575000000001
22 621.58
22.25 625.3025
22.5 629.0250000000001
22.75 632.7474999999999
23 636.47
23.25 640.1925
23.5 643.915
23.75 647.6375
24 651.36
24.25 655.0825
24.5 658.8050000000001
24.75 662.5275
25 666.25
25.25 669.9725000000001
25.5 673.6949999999999
25.75 677.4175
26 681.14
26.25 684.8625
26.5 688.585
26.75 692.3075
27 696.03
27.25 699.7525000000001
27.5 703.475
27.75 707.1975
28 710.9200000000001
28.25 714.6425
28.5 718.365
28.75 722.0875000000001
29 725.8099999999999
29.25 729.5325
29.5 733.255
29.75 736.9775
30 740.7
30.25 744.4225
30.5 748.145
30.75 751.8675000000001
31 755.59
31.25 759.3125
31.5 763.0350000000001
31.75 766.7574999999999
32 770.48
32.25 774.2025000000001
32.5 777.925
32.75 781.6475
33 785.37
33.25 789.0925
33.5 792.8150000000001
33.75 796.5375
34 800.26
34.25 803.9825000000001
34.5 807.705
34.75 811.4275
35 815.15
35.25 818.8725000000001
35.5 822.595
35.75 826.3175
36 830.04
36.25 833.7625
36.5 837.485
36.75 841.2075
37 844.9300000000001
37.25 848.6525
37.5 852.375
37.75 856.0975
38 859.8200000000001
38.25 863.5425
38.5 867.265
38.75 870.9875000000001
39 874.71
39.25 878.4325
39.5 882.155
39.75 885.8775000000001
40 889.6
40.25 893.3225
40.5 897.0450000000001
40.75 900.7675
41 904.49
41.25 908.2125
41.5 911.9350000000001
41.75 915.6575
42 919.38
42.25 923.1025000000001
42.5 926.825
42.75 930.5475
43 934.27
43.25 937.9925000000001
43.5 941.715
43.75 945.4375
44 949.1600000000001
44.25 952.8825000000001
44.5 956.605
44.75 960.3275
45 964.0500000000001
45.25 967.7725
45.5 971.495
45.75 975.2175
46 978.9400000000001
46.25 982.6625
46.5 986.385
46.75 990.1075000000001
47 993.83
47.25 997.5525
47.5 1001.275
47.75 1004.9975
48 1008.72
48.25 1012.4425
48.5 1016.165
48.75 1019.8875
49 1023.61
49.25 1027.3325
49.5 1031.055
49.75 1034.7775
50 1038.5
50.25 1042.2225
50.5 1045.945
50.75 1049.6675
51 1053.39
51.25 1057.1125
51.5 1060.835
51.75 1064.5575
52 1068.28
52.25 1072.0025
52.5 1075.725
52.75 1079.4475
53 1083.17
53.25 1086.8925
53.5 1090.615
53.75 1094.3375
54 1098.06
54.25 1101.7825
54.5 1105.505
54.75 1109.2275
55 1112.95
55.25 1116.6725
55.5 1120.395
55.75 1124.1175
56 1127.84
56.25 1131.5625
56.5 1135.285
56.75 1139.0075
57 1142.73
57.25 1146.4525
57.5 1150.175
57.75 1153.8975
58 1157.62
58.25 1161.3425
58.5 1165.065
58.75 1168.7875
59 1172.51
59.25 1176.2325
59.5 1179.955
59.75 1183.6775
60 1187.4
60.25 1191.1225
60.5 1194.845
60.75 1198.5675
61 1202.29
61.25 1206.0125
61.5 1209.735
61.75 1213.4575
62 1217.18
62.25 1220.9025
62.5 1224.625
62.75 1228.3475
63 1232.07
63.25 1235.7925
63.5 1239.515
63.75 1243.2375
64 1246.96
64.25 1250.6825
64.5 1254.405
64.75 1258.1275
65 1261.85
65.25 1265.5725
65.5 1269.295
65.75 1273.0175
66 1276.74
66.25 1280.4625
66.5 1284.185
66.75 1287.9075
67 1291.63
67.25 1295.3525
67.5 1299.075
67.75 1302.7975
68 1306.52
68.25 1310.2425
68.5 1313.965
68.75 1317.6875
69 1321.41
69.25 1325.1325
69.5 1328.855
69.75 1332.5775
70 1336.3
70.25 1340.0225
70.5 1343.745
70.75 1347.4675
71 1351.19
71.25 1354.9125
71.5 1358.635
71.75 1362.3575
72 1366.08
72.25 1369.8025
72.5 1373.525
72.75 1377.2475
73 1380.97
73.25 1384.6925
73.5 1388.415
73.75 1392.1375
74 1395.86
74.25 1399.5825
74.5 1403.305
74.75 1407.0275
75 1410.75
75.25 1414.4725
75.5 1418.195
75.75 1421.9175
76 1425.64
76.25 1429.3625
76.5 1433.085
76.75 1436.8075
77 1440.53
77.25 1444.2525
77.5 1447.975
77.75 1451.6975
78 1455.42
78.25 1459.1425
78.5 1462.865
78.75 1466.5875
79 1470.31
79.25 1474.0325
79.5 1477.755
79.75 1481.4775
80 1485.2
80.25 1488.9225
80.5 1492.645
80.75 1496.3675
81 1500.09
81.25 1503.8125
81.5 1507.535
81.75 1511.2575
82 1514.98
82.25 1518.7025
82.5 1522.425
82.75 1526.1475
83 1529.87
83.25 1533.5925
83.5 1537.315
83.75 1541.0375
84 1544.76
84.25 1548.4825
84.5 1552.205
84.75 1555.9275
85 1559.65
85.25 1563.3725
85.5 1567.095
85.75 1570.8175
86 1574.54
86.25 1578.2625
86.5 1581.985
86.75 1585.7075
87 1589.43
87.25 1593.1525
87.5 1596.875
87.75 1600.5975
88 1604.32
88.25 1608.0425
88.5 1611.765
88.75 1615.4875
89 1619.21
89.25 1622.9325
89.5 1626.655
89.75 1630.3775
90 1634.1
90.25 1637.8225
90.5 1641.545
90.75 1645.2675
91 1648.99
91.25 1652.7125
91.5 1656.435
91.75 1660.1575
92 1663.88
92.25 1667.6025
92.5 1671.325
92.75 1675.0475
93 1678.77
93.25 1682.4925
93.5 1686.215
93.75 1689.9375
94 1693.66
94.25 1697.3825
94.5 1701.105
94.75 1704.8275
95 1708.55
95.25 1712.2725
95.5 1715.995
95.75 1719.7175
96 1723.44
96.25 1727.1625
96.5 1730.885
96.75 1734.6075
97 1738.33
97.25 1742.0525
97.5 1745.775
97.75 1749.4975
98 1753.22
98.25 1756.9425
98.5 1760.665
98.75 1764.3875
99 1768.11
99.25 1771.8325
99.5 1775.555
99.75 1779.2775
100 1783
101 1783
102 1783
103 1783
104 1783
105 1783
106 1783
107 1783
108 1783
109 1783
110 1783
111 1783
112 1783
113 1783
114 1783
115 1783
116 1783
117 1783
118 1783
119 1783
120 1783
121 1783
122 1783
123 1783
124 1783
125 1783
126 1783
127 1783
128 1783
129 1783
130 1783
131 1783
132 1783
133 1783
134 1783
135 1783
136 1783
137 1783
138 1783
139 1783
140 1783
141 1783
142 1783
143 1783
144 1783
145 1783
146 1783
147 1783
148 1783
149 1783
150 1783
151 1783
152 1783
153 1783
154 1783
155 1783
156 1783
157 1783
158 1783
159 1783
160 1783
161 1783
162 1783
163 1783
164 1783
165 1783
166 1783
167 1783
168 1783
169 1783
170 1783
171 1783
172 1783
173 1783
174 1783
175 1783
176 1783
177 1783
178 1783
179 1783
180 1783
181 1783
182 1783
183 1783
184 1783
185 1783
186 1783
187 1783
188 1783
189 1783
190 1783
191 1783
192 1783
193 1783
194 1783
195 1783
196 1783
197 1783
198 1783
199 1783
200 1783
201 1783
202 1783
203 1783
204 1783
205 1783
206 1783
207 1783
208 1783
209 1783
210 1783
211 1783
212 1783
213 1783
214 1783
215 1783
216 1783
217 1783
218 1783
219 1783
220 1783
221 1783
222 1783
223 1783
224 1783
225 1783
226 1783
227 1783
228 1783
229 1783
230 1783
231 1783
232 1783
233 1783
234 1783
235 1783
236 1783
237 1783
238 1783
239 1783
240 1783
241 1783
242 1783
243 1783
244 1783
245 1783
246 1783
247 1783
248 1783
249 1783
250 1783
251 1783
252 1783
253 1783
254 1783
255 1783
256 1783
257 1783
258 1783
259 1783
260 1783
261 1783
262 1783
263 1783
264 1783
265 1783
266 1783
267 1783
268 1783
269 1783
270 1783
271 1783
272 1783
273 1783
274 1783
275 1783
276 1783
277 1783
278 1783
279 1783
280 1783
281 1783
282 1783
283 1783
284 1783
285 1783
286 1783
287 1783
288 1783
289 1783
290 1783
291 1783
292 1783
293 1783
294 1783
295 1783
296 1783
297 1783
298 1783
299 1783
300 1783
301 1783
302 1783
303 1783
304 1783
305 1783
306 1783
307 1783
308 1783
309 1783
310 1783
311 1783
312 1783
313 1783
314 1783
315 1783
316 1783
317 1783
318 1783
319 1783
320 1783
321 1783
322 1783
323 1783
324 1783
325 1783
326 1783
327 1783
328 1783
329 1783
330 1783
331 1783
332 1783
333 1783
334 1783
335 1783
336 1783
337 1783
338 1783
339 1783
340 1783
341 1783
342 1783
343 1783
344 1783
345 1783
346 1783
347 1783
348 1783
349 1783
350 1783
351 1783
352 1783
353 1783
354 1783
355 1783
356 1783
357 1783
358 1783
359 1783
360 1783
361 1783
362 1783
363 1783
364 1783
365 1783
366 1783
367 1783
368 1783
369 1783
370 1783
371 1783
372 1783
373 1783
374 1783
375 1783
376 1783
377 1783
378 1783
379 1783
380 1783
381 1783
382 1783
383 1783
384 1783
385 1783
386 1783
387 1783
388 1783
389 1783
390 1783
391 1783
392 1783
393 1783
394 1783
395 1783
396 1783
397 1783
398 1783
399 1783
400 1783
401 1783
402 1783
403 1783
404 1783
405 1783
406 1783
407 1783
408 1783
409 1783
410 1783
411 1783
412 1783
413 1783
414 1783
415 1783
416 1783
417 1783
418 1783
419 1783
420 1783
421 1783
422 1783
423 1783
424 1783
425 1783
426 1783
427 1783
428 1783
429 1783
430 1783
431 1783
432 1783
433 1783
434 1783
435 1783
436 1783
437 1783
438 1783
439 1783
440 1783
441 1783
442 1783
443 1783
444 1783
445 1783
446 1783
447 1783
448 1783
449 1783
450 1783
451 1783
452 1783
453 1783
454 1783
455 1783
456 1783
457 1783
458 1783
459 1783
460 1783
461 1783
462 1783
463 1783
464 1783
465 1783
466 1783
467 1783
468 1783
469 1783
470 1783
471 1783
472 1783
473 1783
474 1783
475 1783
476 1783
477 1783
478 1783
479 1783
480 1783
481 1783
482 1783
483 1783
484 1783
485 1783
486 1783
487 1783
488 1783
489 1783
490 1783
491 1783
492 1783
493 1783
494 1783
495 1783
496 1783
497 1783
498 1783
499 1783
500 1783
500.25 1779.2775
500.5 1775.555
500.75 1771.8325
501 1768.11
501.25 1764.3875
501.5 1760.665
501.75 1756.9425
502 1753.22
502.25 1749.4975
502.5 1745.775
502.75 1742.0525
503 1738.33
503.25 1734.6075
503.5 1730.885
503.75 1727.1625
504 1723.44
504.25 1719.7175
504.5 1715.995
504.75 1712.2725
505 1708.55
505.25 1704.8275
505.5 1701.105
505.75 1697.3825
506 1693.66
506.25 1689.9375
506.5 1686.215
506.75 1682.4925
507 1678.77
507.25 1675.0475
507.5 1671.325
507.75 1667.6025
508 1663.88
508.25 1660.1575
508.5 1656.435
508.75 1652.7125
509 1648.99
509.25 1645.2675
509.5 1641.545
509.75 1637.8225
510 1634.1
510.25 1630.3775
510.5 1626.655
510.75 1622.9325
511 1619.21
511.25 1615.4875
511.5 1611.765
511.75 1608.0425
512 1604.32
512.25 1600.5975
512.5 1596.875
512.75 1593.1525
513 1589.43
513.25 1585.7075
513.5 1581.985
513.75 1578.2625
514 1574.54
514.25 1570.8175
514.5 1567.095
514.75 1563.3725
515 1559.65
515.25 1555.9275
515.5 1552.205
515.75 1548.4825
516 1544.76
516.25 1541.0375
516.5 1537.315
516.75 1533.5925
517 1529.87
517.25 1526.1475
517.5 1522.425
517.75 1518.7025
518 1514.98
518.25 1511.2575
518.5 1507.535
518.75 1503.8125
519 1500.09
519.25 1496.3675
519.5 1492.645
519.75 1488.9225
520 1485.2
520.25 1481.4775
520.5 1477.755
520.75 1474.0325
521 1470.31
521.25 1466.5875
521.5 1462.865
521.75 1459.1425
522 1455.42
522.25 1451.6975
522.5 1447.975
522.75 1444.2525
523 1440.53
523.25 1436.8075
523.5 1433.085
523.75 1429.3625
524 1425.64
524.25 1421.9175
524.5 1418.195
524.75 1414.4725
525 1410.75
525.25 1407.0275
525.5 1403.305
525.75 1399.5825
526 1395.86
526.25 1392.1375
526.5 1388.415
526.75 1384.6925
527 1380.97
527.25 1377.2475
527.5 1373.525
527.75 1369.8025
528 1366.08
528.25 1362.3575
528.5 1358.635
528.75 1354.9125
529 1351.19
529.25 1347.4675
529.5 1343.745
529.75 1340.0225
530 1336.3
530.25 1332.5775
530.5 1328.855
530.75 1325.1325
531 1321.41
531.25 1317.6875
531.5 1313.965
531.75 1310.2425
532 1306.52
532.25 1302.7975
532.5 1299.075
532.75 1295.3525
533 1291.63
533.25 1287.9075
533.5 1284.185
533.75 1280.4625
534 1276.74
534.25 1273.0175
534.5 1269.295
534.75 1265.5725
535 1261.85
535.25 1258.1275
535.5 1254.405
535.75 1250.6825
536 1246.96
536.25 1243.2375
536.5 1239.515
536.75 1235.7925
537 1232.07
537.25 1228.3475
537.5 1224.625
537.75 1220.9025
538 1217.18
538.25 1213.4575
538.5 1209.735
538.75 1206.0125
539 1202.29
539.25 1198.5675
539.5 1194.845
539.75 1191.1225
540 1187.4
540.25 1183.6775
540.5 1179.955
540.75 1176.2325
541 1172.51
541.25 1168.7875
541.5 1165.065
541.75 1161.3425
542 1157.62
542.25 1153.8975
542.5 1150.175
542.75 1146.4525
543 1142.73
543.25 1139.0075
543.5 1135.285
543.75 1131.5625
544 1127.84
544.25 1124.1175
544.5 1120.395
544.75 1116.6725
545 1112.95
545.25 1109.2275
545.5 1105.505
545.75 1101.7825
546 1098.06
546.25 1094.3375
546.5 1090.615
546.75 1086.8925
547 1083.17
547.25 1079.4475
547.5 1075.725
547.75 1072.0025
548 1068.28
548.25 1064.5575
548.5 1060.835
548.75 1057.1125
549 1053.39
549.25 1049.6675
549.5 1045.945
549.75 1042.2225
550 1038.5
550.25 1034.7775
550.5 1031.055
550.75 1027.3325
551 1023.61
551.25 1019.8875
551.5 1016.165
551.75 1012.4425
552 1008.72
552.25 1004.9975
552.5 1001.275
552.75 997.5525
553 993.8299999999999
553.25 990.1075
553.5 986.385
553.75 982.6625
554 978.9399999999999
554.25 975.2175
554.5 971.495
554.75 967.7724999999999
555 964.05
555.25 960.3275
555.5 956.605
555.75 952.8824999999999
556 949.16
556.25 945.4375
556.5 941.7149999999999
556.75 937.9924999999999
557 934.27
557.25 930.5475
557.5 926.8249999999999
557.75 923.1025
558 919.38
558.25 915.6574999999999
558.5 911.9349999999999
558.75 908.2125
559 904.49
559.25 900.7674999999999
559.5 897.045
559.75 893.3225
560 889.5999999999999
560.25 885.8774999999999
560.5 882.155
560.75 878.4325
561 874.7099999999999
561.25 870.9875
561.5 867.265
561.75 863.5425
562 859.8199999999999
562.25 856.0975
562.5 852.375
562.75 848.6524999999999
563 844.9299999999999
563.25 841.2075
563.5 837.485
563.75 833.7624999999999
564 830.04
564.25 826.3175
564.5 822.5949999999999
564.75 818.8724999999999
565 815.15
565.25 811.4275
565.5 807.7049999999999
565.75 803.9825
566 800.26
566.25 796.5374999999999
566.5 792.8149999999999
566.75 789.0925
567 785.37
567.25 781.6474999999999
567.5 777.925
567.75 774.2025
568 770.48
568.25 766.7574999999999
568.5 763.035
568.75 759.3125
569 755.5899999999999
569.25 751.8675000000001
569.5 748.145
569.75 744.4224999999999
570 740.7
570.25 736.9775
570.5 733.2549999999999
570.75 729.5325
571 725.8099999999999
571.25 722.0874999999999
571.5 718.365
571.75 714.6424999999999
572 710.9200000000001
572.25 707.1975
572.5 703.4749999999999
572.75 699.7525000000001
573 696.03
573.25 692.3074999999999
573.5 688.585
573.75 684.8625
574 681.1399999999999
574.25 677.4175
574.5 673.6949999999999
574.75 669.9724999999999
575 666.25
575.25 662.5274999999999
575.5 658.8050000000001
575.75 655.0825
576 651.3599999999999
576.25 647.6375
576.5 643.915
576.75 640.1924999999999
577 636.47
577.25 632.7474999999999
577.5 629.0249999999999
577.75 625.3025
578 621.5799999999999
578.25 617.8574999999998
578.5 614.135
578.75 610.4124999999999
579 606.6900000000001
579.25 602.9675
579.5 599.2449999999999
579.75 595.5225
580 591.8
580.25 588.0774999999999
580.5 584.355
580.75 580.6324999999999
581 576.9099999999999
581.25 573.1875
581.5 569.4649999999999
581.75 565.7425000000001
582 562.02
582.25 558.2974999999999
582.5 554.575
582.75 550.8525
583 547.1299999999999
583.25 543.4075
583.5 539.6849999999999
583.75 535.9624999999999
584 532.24
584.25 528.5174999999999
584.5 524.7949999999998
584.75 521.0725
585 517.3499999999999
585.25 513.6275000000001
585.5 509.905
585.75 506.1824999999999
586 502.46
586.25 498.7375
586.5 495.0149999999999
586.75 491.2925
587 487.5699999999999
587.25 483.8474999999999
587.5 480.125
587.75 476.4024999999999
588 472.6799999999998
588.25 468.9575
588.5 465.2349999999999
588.75 461.5125
589 457.79
589.25 454.0674999999999
589.5 450.345
589.75 446.6224999999999
590 442.8999999999999
590.25 439.1775
590.5 435.4549999999999
590.75 431.7324999999998
591 428.01
591.25 424.2874999999999
591.5 420.5650000000001
591.75 416.8425
592 413.1199999999999
592.25 409.3975
592.5 405.675
592.75 401.9524999999999
593 398.23
593.25 394.5074999999999
593.5 390.7849999999999
593.75 387.0625
594 383.3399999999999
594.25 379.6174999999998
594.5 375.895
594.75 372.1724999999999
595 368.45
595.25 364.7275
595.5 361.0049999999999
595.75 357.2825
596 353.5599999999999
596.25 349.8374999999999
596.5 346.115
596.75 342.3924999999999
597 338.6699999999998
597.25 334.9475
597.5 331.2249999999999
597.75 327.5025000000001
598 323.78
598.25 320.0574999999999
598.5 316.335
598.75 312.6125
599 308.8899999999999
599.25 305.1675
599.5 301.4449999999999
599.75 297.7224999999999
600 294
600.25 297.7225
600.5 301.445
600.75 305.1675
601 308.89
601.25 312.6125
601.5 316.335
601.75 320.0575
602 323.78
602.25 327.5025
602.5 331.225
602.75 334.9475
603 338.67
603.25 342.3925
603.5 346.115
603.75 349.8375
604 353.56
604.25 357.2825
604.5 361.005
604.75 364.7275
605 368.45
605.25 372.1725
605.5 375.895
605.75 379.6175
606 383.34
606.25 387.0625
606.5 390.785
606.75 394.5075
607 398.23
607.25 401.9525
607.5 405.675
607.75 409.3975
608 413.12
608.25 416.8425
608.5 420.565
608.75 424.2875
609 428.01
609.25 431.7325
609.5 435.455
609.75 439.1775
610 442.9
610.25 446.6225
610.5 450.345
610.75 454.0675
611 457.79
611.25 461.5125
611.5 465.235
611.75 468.9575
612 472.68
612.25 476.4025
612.5 480.125
612.75 483.8475
613 487.57
613.25 491.2925
613.5 495.015
613.75 498.7375
614 502.46
614.25 506.1825
614.5 509.905
614.75 513.6275000000001
615 517.35
615.25 521.0725
615.5 524.7950000000001
615.75 528.5175
616 532.24
616.25 535.9625
616.5 539.6849999999999
616.75 543.4075
617 547.13
617.25 550.8525
617.5 554.575
617.75 558.2975
618 562.02
618.25 565.7425000000001
618.5 569.465
618.75 573.1875
619 576.9100000000001
619.25 580.6324999999999
619.5 584.355
619.75 588.0775
620 591.8
620.25 595.5225
620.5 599.245
620.75 602.9675
621 606.6900000000001
621.25 610.4125
621.5 614.135
621.75 617.8575000000001
622 621.58
622.25 625.3025
622.5 629.0250000000001
622.75 632.7474999999999
623 636.47
623.25 640.1925
623.5 643.915
623.75 647.6375
624 651.36
624.25 655.0825
624.5 658.8050000000001
624.75 662.5275
625 666.25
625.25 669.9725000000001
625.5 673.6949999999999
625.75 677.4175
626 681.14
626.25 684.8625
626.5 688.585
626.75 692.3075
627 696.03
627.25 699.7525000000001
627.5 703.475
627.75 707.1975
628 710.9200000000001
628.25 714.6425
628.5 718.365
628.75 722.0875000000001
629 725.8099999999999
629.25 729.5325
629.5 733.255
629.75 736.9775
630 740.7
630.25 744.4225
630.5 748.145
630.75 751.8675000000001
631 755.59
631.25 759.3125
631.5 763.0350000000001
631.75 766.7574999999999
632 770.48
632.25 774.2025000000001
632.5 777.925
632.75 781.6475
633 785.37
633.25 789.0925
633.5 792.8150000000001
633.75 796.5375
634 800.26
634.25 803.9825000000001
634.5 807.705
634.75 811.4275
635 815.15
635.25 818.8725000000001
635.5 822.595
635.75 826.3175
636 830.04
636.25 833.7625
636.5 837.485
636.75 841.2075
637 844.9300000000001
637.25 848.6525
637.5 852.375
637.75 856.0975
638 859.8200000000001
638.25 863.5425
638.5 867.265
638.75 870.9875000000001
639 874.71
639.25 878.4325
639.5 882.155
639.75 885.8775000000001
640 889.6
640.25 893.3225
640.5 897.0450000000001
640.75 900.7675
641 904.49
641.25 908.2125
641.5 911.9350000000001
641.75 915.6575
642 919.38
642.25 923.1025000000001
642.5 926.825
642.75 930.5475
643 934.27
643.25 937.9925000000001
643.5 941.715
643.75 945.4375
644 949.1600000000001
644.25 952.8825000000001
644.5 956.605
644.75 960.3275
645 964.0500000000001
645.25 967.7725
645.5 971.495
645.75 975.2175
646 978.9400000000001
646.25 982.6625
646.5 986.385
646.75 990.1075000000001
647 993.83
647.25 997.5525
647.5 1001.275
647.75 1004.9975
648 1008.72
648.25 1012.4425
648.5 1016.165
648.75 1019.8875
649 1023.61
649.25 1027.3325
649.5 1031.055
649.75 1034.7775
650 1038.5
650.25 1042.2225
650.5 1045.945
650.75 1049.6675
651 1053.39
651.25 1057.1125
651.5 1060.835
651.75 1064.5575
652 1068.28
652.25 1072.0025
652.5 1075.725
652.75 1079.4475
653 1083.17
653.25 1086.8925
653.5 1090.615
653.75 1094.3375
654 1098.06
654.25 1101.7825
654.5 1105.505
654.75 1109.2275
655 1112.95
655.25 1116.6725
655.5 1120.395
655.75 1124.1175
656 1127.84
656.25 1131.5625
656.5 1135.285
656.75 1139.0075
657 1142.73
657.25 1146.4525
657.5 1150.175
657.75 1153.8975
658 1157.62
658.25 1161.3425
658.5 1165.065
658.75 1168.7875
659 1172.51
659.25 1176.2325
659.5 1179.955
659.75 1183.6775
660 1187.4
660.25 1191.1225
660.5 1194.845
660.75 1198.5675
661 1202.29
661.25 1206.0125
661.5 1209.735
661.75 1213.4575
662 1217.18
662.25 1220.9025
662.5 1224.625
662.75 1228.3475
663 1232.07
663.25 1235.7925
663.5 1239.515
663.75 1243.2375
664 1246.96
664.25 1250.6825
664.5 1254.405
664.75 1258.1275
665 1261.85
665.25 1265.5725
665.5 1269.295
665.75 1273.0175
666 1276.74
666.25 1280.4625
666.5 1284.185
666.75 1287.9075
667 1291.63
667.25 1295.3525
667.5 1299.075
667.75 1302.7975
668 1306.52
668.25 1310.2425
668.5 1313.965
668.75 1317.6875
669 1321.41
669.25 1325.1325
669.5 1328.855
669.75 1332.5775
670 1336.3
670.25 1340.0225
670.5 1343.745
670.75 1347.4675
671 1351.19
671.25 1354.9125
671.5 1358.635
671.75 1362.3575
672 1366.08
672.25 1369.8025
672.5 1373.525
672.75 1377.2475
673 1380.97
673.25 1384.6925
673.5 1388.415
673.75 1392.1375
674 1395.86
674.25 1399.5825
674.5 1403.305
674.75 1407.0275
675 1410.75
675.25 1414.4725
675.5 1418.195
675.75 1421.9175
676 1425.64
676.25 1429.3625
676.5 1433.085
676.75 1436.8075
677 1440.53
677.25 1444.2525
677.5 1447.975
677.75 1451.6975
678 1455.42
678.25 1459.1425
678.5 1462.865
678.75 1466.5875
679 1470.31
679.25 1474.0325
679.5 1477.755
679.75 1481.4775
680 1485.2
680.25 1488.9225
680.5 1492.645
680.75 1496.3675
681 1500.09
681.25 1503.8125
681.5 1507.535
681.75 1511.2575
682 1514.98
682.25 1518.7025
682.5 1522.425
682.75 1526.1475
683 1529.87
683.25 1533.5925
683.5 1537.315
683.75 1541.0375
684 1544.76
684.25 1548.4825
684.5 1552.205
684.75 1555.9275
685 1559.65
685.25 1563.3725
685.5 1567.095
685.75 1570.8175
686 1574.54
686.25 1578.2625
686.5 1581.985
686.75 1585.7075
687 1589.43
687.25 1593.1525
687.5 1596.875
687.75 1600.5975
688 1604.32
688.25 1608.0425
688.5 1611.765
688.75 1615.4875
689 1619.21
689.25 1622.9325
689.5 1626.655
689.75 1630.3775
690 1634.1
690.25 1637.8225
690.5 1641.545
690.75 1645.2675
691 1648.99
691.25 1652.7125
691.5 1656.435
691.75 1660.1575
692 1663.88
692.25 1667.6025
692.5 1671.325
692.75 1675.0475
693 1678.77
693.25 1682.4925
693.5 1686.215
693.75 1689.9375
694 1693.66
694.25 1697.3825
694.5 1701.105
694.75 1704.8275
695 1708.55
695.25 1712.2725
695.5 1715.995
695.75 1719.7175
696 1723.44
696.25 1727.1625
696.5 1730.885
696.75 1734.6075
697 1738.33
697.25 1742.0525
697.5 1745.775
697.75 1749.4975
698 1753.22
698.25 1756.9425
698.5 1760.665
698.75 1764.3875
699 1768.11
699.25 1771.8325
699.5 1775.555
699.75 1779.2775
700 1783
701 1783
702 1783
703 1783
704 1783
705 1783
706 1783
707 1783
708 1783
709 1783
710 1783
711 1783
712 1783
713 1783
714 1783
715 1783
716 1783
717 1783
718 1783
719 1783
720 1783
721 1783
722 1783
723 1783
724 1783
725 1783
726 1783
727 1783
728 1783
729 1783
730 1783
731 1783
732 1783
733 1783
734 1783
735 1783
736 1783
737 1783
738 1783
739 1783
740 1783
741 1783
742 1783
743 1783
744 1783
745 1783
746 1783
747 1783
748 1783
749 1783
750 1783
751 1783
752 1783
753 1783
754 1783
755 1783
756 1783
757 1783
758 1783
759 1783
760 1783
761 1783
762 1783
763 1783
764 1783
765 1783
766 1783
767 1783
768 1783
769 1783
770 1783
771 1783
772 1783
773 1783
774 1783
775 1783
776 1783
777 1783
778 1783
779 1783
780 1783
781 1783
782 1783
783 1783
784 1783
785 1783
786 1783
787 1783
788 1783
789 1783
790 1783
791 1783
792 1783
793 1783
794 1783
795 1783
796 1783
797 1783
798 1783
799 1783
800 1783
801 1783
802 1783
803 1783
804 1783
805 1783
806 1783
807 1783
808 1783
809 1783
810 1783
811 1783
812 1783
813 1783
814 1783
815 1783
816 1783
817 1783
818 1783
819 1783
820 1783
821 1783
822 1783
823 1783
824 1783
825 1783
826 1783
827 1783
828 1783
829 1783
830 1783
831 1783
832 1783
833 1783
834 1783
835 1783
836 1783
837 1783
838 1783
839 1783
840 1783
841 1783
842 1783
843 1783
844 1783
845 1783
846 1783
847 1783
848 1783
849 1783
850 1783
851 1783
852 1783
853 1783
854 1783
855 1783
856 1783
857 1783
858 1783
859 1783
860 1783
861 1783
862 1783
863 1783
864 1783
865 1783
866 1783
867 1783
868 1783
869 1783
870 1783
871 1783
872 1783
873 1783
874 1783
875 1783
876 1783
877 1783
878 1783
879 1783
880 1783
881 1783
882 1783
883 1783
884 1783
885 1783
886 1783
887 1783
888 1783
889 1783
890 1783
891 1783
892 1783
893 1783
894 1783
895 1783
896 1783
897 1783
898 1783
899 1783
900 1783
901 1783
902 1783
903 1783
904 1783
905 1783
906 1783
907 1783
908 1783
909 1783
910 1783
911 1783
912 1783
913 1783
914 1783
915 1783
916 1783
917 1783
918 1783
919 1783
920 1783
921 1783
922 1783
923 1783
924 1783
925 1783
926 1783
927 1783
928 1783
929 1783
930 1783
931 1783
932 1783
933 1783
934 1783
935 1783
936 1783
937 1783
938 1783
939 1783
940 1783
941 1783
942 1783
943 1783
944 1783
945 1783
946 1783
947 1783
948 1783
949 1783
950 1783
951 1783
952 1783
953 1783
954 1783
955 1783
956 1783
957 1783
958 1783
959 1783
960 1783
961 1783
962 1783
963 1783
964 1783
965 1783
966 1783
967 1783
968 1783
969 1783
970 1783
971 1783
972 1783
973 1783
974 1783
975 1783
976 1783
977 1783
978 1783
979 1783
980 1783
981 1783
982 1783
983 1783
984 1783
985 1783
986 1783
987 1783
988 1783
989 1783
990 1783
991 1783
992 1783
993 1783
994 1783
995 1783
996 1783
997 1783
998 1783
999 1783
1000 1783
1001 1783
1002 1783
1003 1783
1004 1783
1005 1783
1006 1783
1007 1783
1008 1783
1009 1783
1010 1783
1011 1783
1012 1783
1013 1783
1014 1783
1015 1783
1016 1783
1017 1783
1018 1783
1019 1783
1020 1783
1021 1783
1022 1783
1023 1783
1024 1783
1025 1783
1026 1783
1027 1783
1028 1783
1029 1783
1030 1783
1031 1783
1032 1783
1033 1783
1034 1783
1035 1783
1036 1783
1037 1783
1038 1783
1039 1783
1040 1783
1041 1783
1042 1783
1043 1783
1044 1783
1045 1783
1046 1783
1047 1783
1048 1783
1049 1783
1050 1783
1051 1783
1052 1783
1053 1783
1054 1783
1055 1783
1056 1783
1057 1783
1058 1783
1059 1783
1060 1783
1061 1783
1062 1783
1063 1783
1064 1783
1065 1783
1066 1783
1067 1783
1068 1783
1069 1783
1070 1783
1071 1783
1072 1783
1073 1783
1074 1783
1075 1783
1076 1783
1077 1783
1078 1783
1079 1783
1080 1783
1081 1783
1082 1783
1083 1783
1084 1783
1085 1783
1086 1783
1087 1783
1088 1783
1089 1783
1090 1783
1091 1783
1092 1783
1093 1783
1094 1783
1095 1783
1096 1783
1097 1783
1098 1783
1099 1783
1100 1783
1100.25 1779.2775
1100.5 1775.555
1100.75 1771.8325
1101 1768.11
1101.25 1764.3875
1101.5 1760.665
1101.75 1756.9425
1102 1753.22
1102.25 1749.4975
1102.5 1745.775
1102.75 1742.0525
1103 1738.33
1103.25 1734.6075
1103.5 1730.885
1103.75 1727.1625
1104 1723.44
1104.25 1719.7175
1104.5 1715.995
1104.75 1712.2725
1105 1708.55
1105.25 1704.8275
1105.5 1701.105
1105.75 1697.3825
1106 1693.66
1106.25 1689.9375
1106.5 1686.215
1106.75 1682.4925
1107 1678.77
1107.25 1675.0475
1107.5 1671.325
1107.75 1667.6025
1108 1663.88
1108.25 1660.1575
1108.5 1656.435
1108.75 1652.7125
1109 1648.99
1109.25 1645.2675
1109.5 1641.545
1109.75 1637.8225
1110 1634.1
1110.25 1630.3775
1110.5 1626.655
1110.75 1622.9325
1111 1619.21
1111.25 1615.4875
1111.5 1611.765
1111.75 1608.0425
1112 1604.32
1112.25 1600.5975
1112.5 1596.875
1112.75 1593.1525
1113 1589.43
1113.25 1585.7075
1113.5 1581.985
1113.75 1578.2625
1114 1574.54
1114.25 1570.8175
1114.5 1567.095
1114.75 1563.3725
1115 1559.65
1115.25 1555.9275
1115.5 1552.205
1115.75 1548.4825
1116 1544.76
1116.25 1541.0375
1116.5 1537.315
1116.75 1533.5925
1117 1529.87
1117.25 1526.1475
1117.5 1522.425
1117.75 1518.7025
1118 1514.98
1118.25 1511.2575
1118.5 1507.535
1118.75 1503.8125
1119 1500.09
1119.25 1496.3675
1119.5 1492.645
1119.75 1488.9225
1120 1485.2
1120.25 1481.4775
1120.5 1477.755
1120.75 1474.0325
1121 1470.31
1121.25 1466.5875
1121.5 1462.865
1121.75 1459.1425
1122 1455.42
1122.25 1451.6975
1122.5 1447.975
1122.75 1444.2525
1123 1440.53
1123.25 1436.8075
1123.5 1433.085
1123.75 1429.3625
1124 1425.64
1124.25 1421.9175
1124.5 1418.195
1124.75 1414.4725
1125 1410.75
1125.25 1407.0275
1125.5 1403.305
1125.75 1399.5825
1126 1395.86
1126.25 1392.1375
1126.5 1388.415
1126.75 1384.6925
1127 1380.97
1127.25 1377.2475
1127.5 1373.525
1127.75 1369.8025
1128 1366.08
1128.25 1362.3575
1128.5 1358.635
1128.75 1354.9125
1129 1351.19
1129.25 1347.4675
1129.5 1343.745
1129.75 1340.0225
1130 1336.3
1130.25 1332.5775
1130.5 1328.855
1130.75 1325.1325
1131 1321.41
1131.25 1317.6875
1131.5 1313.965
1131.75 1310.2425
1132 1306.52
1132.25 1302.7975
1132.5 1299.075
1132.75 1295.3525
1133 1291.63
1133.25 1287.9075
1133.5 1284.185
1133.75 1280.4625
1134 1276.74
1134.25 1273.0175
1134.5 1269.295
1134.75 1265.5725
1135 1261.85
1135.25 1258.1275
1135.5 1254.405
1135.75 1250.6825
1136 1246.96
1136.25 1243.2375
1136.5 1239.515
1136.75 1235.7925
1137 1232.07
1137.25 1228.3475
1137.5 1224.625
1137.75 1220.9025
1138 1217.18
1138.25 1213.4575
1138.5 1209.735
1138.75 1206.0125
1139 1202.29
1139.25 1198.5675
1139.5 1194.845
1139.75 1191.1225
1140 1187.4
1140.25 1183.6775
1140.5 1179.955
1140.75 1176.2325
1141 1172.51
1141.25 1168.7875
1141.5 1165.065
1141.75 1161.3425
1142 1157.62
1142.25 1153.8975
1142.5 1150.175
1142.75 1146.4525
1143 1142.73
1143.25 1139.0075
1143.5 1135.285
1143.75 1131.5625
1144 1127.84
1144.25 1124.1175
1144.5 1120.395
1144.75 1116.6725
1145 1112.95
1145.25 1109.2275
1145.5 1105.505
1145.75 1101.7825
1146 1098.06
1146.25 1094.3375
1146.5 1090.615
1146.75 1086.8925
1147 1083.17
1147.25 1079.4475
1147.5 1075.725
1147.75 1072.0025
1148 1068.28
1148.25 1064.5575
1148.5 1060.835
1148.75 1057.1125
1149 1053.39
1149.25 1049.6675
1149.5 1045.945
1149.75 1042.2225
1150 1038.5
1150.25 1034.7775
1150.5 1031.055
1150.75 1027.3325
1151 1023.61
1151.25 1019.8875
1151.5 1016.165
1151.75 1012.4425
1152 1008.72
1152.25 1004.9975
1152.5 1001.275
1152.75 997.5525
1153 993.8299999999999
1153.25 990.1075
1153.5 986.385
1153.75 982.6625
1154 978.9399999999999
1154.25 975.2175
1154.5 971.495
1154.75 967.7724999999999
1155 964.05
1155.25 960.3275
1155.5 956.605
1155.75 952.8824999999999
1156 949.16
1156.25 945.4375
1156.5 941.7149999999999
1156.75 937.9924999999999
1157 934.27
1157.25 930.5475
1157.5 926.8249999999999
1157.75 923.1025
1158 919.38
1158.25 915.6574999999999
1158.5 911.9349999999999
1158.75 908.2125
1159 904.49
1159.25 900.7674999999999
1159.5 897.045
1159.75 893.3225
1160 889.5999999999999
1160.25 885.8774999999999
1160.5 882.155
1160.75 878.4325
1161 874.7099999999999
1161.25 870.9875
1161.5 867.265
1161.75 863.5425
1162 859.8199999999999
1162.25 856.0975
1162.5 852.375
1162.75 848.6524999999999
1163 844.9299999999999
1163.25 841.2075
1163.5 837.485
1163.75 833.7624999999999
1164 830.04
1164.25 826.3175
1164.5 822.5949999999999
1164.75 818.8724999999999
1165 815.15
1165.25 811.4275
1165.5 807.7049999999999
1165.75 803.9825
1166 800.26
1166.25 796.5374999999999
1166.5 792.8149999999999
1166.75 789.0925
1167 785.37
1167.25 781.6474999999999
1167.5 777.925
1167.75 774.2025
1168 770.48
1168.25 766.7574999999999
1168.5 763.035
1168.75 759.3125
1169 755.5899999999999
1169.25 751.8675000000001
1169.5 748.145
1169.75 744.4224999999999
1170 740.7
1170.25 736.9775
1170.5 733.2549999999999
1170.75 729.5325
1171 725.8099999999999
1171.25 722.0874999999999
1171.5 718.365
1171.75 714.6424999999999
1172 710.9200000000001
1172.25 707.1975
1172.5 703.4749999999999
1172.75 699.7525000000001
1173 696.03
1173.25 692.3074999999999
1173.5 688.585
1173.75 684.8625
1174 681.1399999999999
1174.25 677.4175
1174.5 673.6949999999999
1174.75 669.9724999999999
1175 666.25
1175.25 662.5274999999999
1175.5 658.8050000000001
1175.75 655.0825
1176 651.3599999999999
1176.25 647.6375
1176.5 643.915
1176.75 640.1924999999999
1177 636.47
1177.25 632.7474999999999
1177.5 629.0249999999999
1177.75 625.3025
1178 621.5799999999999
1178.25 617.8574999999998
1178.5 614.135
1178.75 610.4124999999999
1179 606.6900000000001
1179.25 602.9675
1179.5 599.2449999999999
1179.75 595.5225
1180 591.8
1180.25 588.0774999999999
1180.5 584.355
1180.75 580.6324999999999
1181 576.9099999999999
1181.25 573.1875
1181.5 569.4649999999999
1181.75 565.7425000000001
1182 562.02
1182.25 558.2974999999999
1182.5 554.575
1182.75 550.8525
1183 547.1299999999999
1183.25 543.4075
1183.5 539.6849999999999
1183.75 535.9624999999999
1184 532.24
1184.25 528.5174999999999
1184.5 524.7949999999998
1184.75 521.0725
1185 517.3499999999999
1185.25 513.6275000000001
1185.5 509.905
1185.75 506.1824999999999
1186 502.46
1186.25 498.7375
1186.5 495.0149999999999
1186.75 491.2925
1187 487.5699999999999
1187.25 483.8474999999999
1187.5 480.125
1187.75 476.4024999999999
1188 472.6799999999998
1188.25 468.9575
1188.5 465.2349999999999
1188.75 461.5125
1189 457.79
1189.25 454.0674999999999
1189.5 450.345
1189.75 446.6224999999999
1190 442.8999999999999
1190.25 439.1775
1190.5 435.4549999999999
1190.75 431.7324999999998
1191 428.01
1191.25 424.2874999999999
1191.5 420.5650000000001
1191.75 416.8425
1192 413.1199999999999
1192.25 409.3975
1192.5 405.675
1192.75 401.9524999999999
1193 398.23
1193.25 394.5074999999999
1193.5 390.7849999999999
1193.75 387.0625
1194 383.3399999999999
1194.25 379.6174999999998
1194.5 375.895
1194.75 372.1724999999999
1195 368.45
1195.25 364.7275
1195.5 361.0049999999999
1195.75 357.2825
1196 353.5599999999999
1196.25 349.8374999999999
1196.5 346.115
1196.75 342.3924999999999
1197 338.6699999999998
1197.25 334.9475
1197.5 331.2249999999999
1197.75 327.5025000000001
1198 323.78
1198.25 320.0574999999999
1198.5 316.335
1198.75 312.6125
1199 308.8899999999999
1199.25 305.1675
1199.5 301.4449999999999
1199.75 297.7224999999999
1200 294
