0 0
0.25 -1.90980015661046e-51
0.5 -3.921154959055771e-47
0.75 -6.529405585641038e-32
1 -1.82235224543711e-31
1.25 -2.991763932310118e-31
1.5 -4.161175619183125e-31
1.75 -5.330587306056132e-31
2 -6.499998992929139e-31
2.25 -7.669410679802146e-31
2.5 -8.838822366675154e-31
2.75 -1.000823405354816e-30
3 -1.117764574042117e-30
3.25 -1.234705742729417e-30
3.5 -1.351646911416718e-30
3.75 -1.749370447820127e-24
4 -6.728811384034703e-24
4.25 -1.170825232024927e-23
4.5 -1.668769325646384e-23
4.75 -2.166713419267842e-23
5 -2.664657512889299e-23
5.25 -3.162601606510756e-23
5.5 -3.660545700132213e-23
5.75 -4.15848979375367e-23
6 -4.656433887375128e-23
6.25 -5.154377980996585e-23
6.5 -5.652322074618041e-23
6.75 -2.66329470575317e-13
7 -2.112159438811423e-12
7.25 -3.95798940704753e-12
7.5 -5.803819375283636e-12
7.75 -7.649649343519732e-12
8 -9.495479311755838e-12
8.25 -1.134130927999194e-11
8.5 -1.318713924822804e-11
8.75 -1.503296921646415e-11
9 -1.687879918470025e-11
9.25 -1.872462915293635e-11
9.5 -2.057045912117245e-11
9.75 -2.241628908940856e-11
10 -2.426211905764466e-11
10.25 -2.610794902588077e-11
10.5 -2.795377899411687e-11
10.75 -2.979960896235297e-11
11 -3.164543893058908e-11
11.25 -3.349126889882518e-11
11.5 -3.533709886706129e-11
11.75 -3.718292883529739e-11
12 -3.902875880353349e-11
12.25 -4.08745887717696e-11
12.5 -4.27204187400057e-11
12.75 -4.45662487082418e-11
13 -4.64120786764779e-11
13.25 -4.825790864471401e-11
13.5 -5.010373861295011e-11
13.75 -5.194956858118621e-11
14 -5.379539854942232e-11
14.25 -5.564122851765842e-11
14.5 -5.999878528907986e-11
14.75 -6.585241930322447e-11
15 -8.187507597853108e-11
15.25 -1.06546538980204e-10
15.5 -2.622880762076431e-10
15.75 -4.180296134350822e-10
16 -5.737711506625213e-10
16.25 -1.224783981239655e-09
16.5 -2.433762544649436e-09
16.75 -3.642741108059218e-09
17 -4.851719671468999e-09
17.25 -1.239665816482028e-07
17.5 -2.573568367178589e-07
17.75 -3.907470917875149e-07
18 -5.24137346857171e-07
18.25 -6.575276019268272e-07
18.5 -7.909178569964832e-07
18.75 -9.243081120661393e-07
19 -1.057698367135796e-06
19.25 -1.191088622205452e-06
19.5 -1.456984750078691e-06
19.75 -1.865681194877622e-06
20 -2.436233358741679e-06
20.25 -3.810267970792733e-06
20.5 -5.300650538917509e-06
20.75 -7.953978372444609e-06
21 -1.176104356811697e-05
21.25 -1.737292936693037e-05
21.5 -2.618551493970331e-05
21.75 -3.780821439578564e-05
22 -5.594550585979326e-05
22.25 -8.346095175340591e-05
22.5 -0.0001253936855369715
22.75 -0.00018850862144398
23 -0.0002836046473078508
23.25 -0.0004262571168631349
23.5 -0.0006373011245792049
23.75 -0.0009493322786686396
24 -0.001408381760476014
24.25 -0.00207663386598895
24.5 -0.003035941097788931
24.75 -0.004389954777203468
25 -0.006264691931608945
25.25 -0.008801622260282844
25.5 -0.01213793202266023
25.75 -0.01638429223136492
26 -0.0215969381136631
26.25 -0.02776333805437857
26.5 -0.03480351936123485
26.75 -0.04258132521842144
27 -0.05093724345739677
27.25 -0.05971040686793054
27.5 -0.06875621349100344
27.75 -0.07795604577494654
28 -0.0872185950225499
28.25 -0.09647637279227413
28.5 -0.1056820051163545
28.75 -0.1148034354760621
29 -0.1238197276750333
29.25 -0.1327178260227211
29.5 -0.1414902417670188
29.75 -0.1501333875044877
30 -0.1586463344842366
30.25 -0.1670298648117762
30.5 -0.1752860546426198
30.75 -0.1834178042010731
31 -0.1914283153279168
31.25 -0.1993210045385689
31.5 -0.2070993929202345
31.75 -0.2147670092209271
32 -0.2223275104464353
32.25 -0.229784317490035
32.5 -0.2371409311446719
32.75 -0.2444005927664918
33 -0.2515665744582558
33.25 -0.2586419614803119
33.5 -0.2656297470400515
33.75 -0.2725327876757436
34 -0.2793539734396545
34.25 -0.2860959106868216
34.5 -0.292761082860482
34.75 -0.2993518766665644
35 -0.305870838483654
35.25 -0.3123200880854422
35.5 -0.3187018113694693
35.75 -0.3250181308225342
36 -0.3312709938948907
36.25 -0.3374624567339702
36.5 -0.3435943944359356
36.75 -0.3496686127995192
37 -0.3556868583289816
37.25 -0.3616508115361275
37.5 -0.3675620905215282
37.75 -0.3734222502107964
38 -0.3792327743458062
38.25 -0.3849951413267372
38.5 -0.3907107841776996
38.75 -0.3963810377663247
39 -0.4020071188149357
39.25 -0.4075903644123677
39.5 -0.4131320233649315
39.75 -0.4186332324502158
40 -0.4240950531904839
40.25 -0.4295186252676673
40.5 -0.4349050041647643
40.75 -0.4402552008108915
41 -0.4455701929247962
41.25 -0.450850934472113
41.5 -0.4560983450708337
41.75 -0.4613133068387713
42 -0.4664966772337593
42.25 -0.4716492905256655
42.5 -0.4767719537063515
42.75 -0.4818654285023865
43 -0.4869304765206229
43.25 -0.4919678368599795
43.5 -0.4969782250899871
43.75 -0.5019623385172536
44 -0.5069208576937465
44.25 -0.5118543815458678
44.5 -0.5167634964788417
44.75 -0.5216488582999882
45 -0.5265110617480524
45.25 -0.5313506870650573
45.5 -0.5361683011547516
45.75 -0.5409644298136068
46 -0.5457394827109204
46.25 -0.5504940367474626
46.5 -0.5552285804369722
46.75 -0.5599435888891616
47 -0.5646395245725557
47.25 -0.5693168380773294
47.5 -0.5739759350360114
47.75 -0.5786172519765908
48 -0.5832412028051686
48.25 -0.5878481892326238
48.5 -0.5924386035497873
48.75 -0.597012829302871
49 -0.6015711903381871
49.25 -0.6061140293794283
49.5 -0.6106417119159833
49.75 -0.6151545721109082
50 -0.6196529354913587
50.25 -0.6241371194092294
50.5 -0.6286074327579976
50.75 -0.6330641760962629
51 -0.6375076455713643
51.25 -0.641938129835076
51.5 -0.6463559115712075
51.75 -0.6507612679498168
52 -0.6551544666092818
52.25 -0.6595356276661101
52.5 -0.6639050988003733
52.75 -0.668263125497359
53 -0.6726099484308077
53.25 -0.6769458038431563
53.5 -0.681270923925782
53.75 -0.6855855371992462
54 -0.6898898688935373
54.25 -0.6941841413283152
54.5 -0.6984684935762865
54.75 -0.7027430520833133
55 -0.7070080827095971
55.25 -0.7112637702795004
55.5 -0.7155102947743274
55.75 -0.7197478315012081
56 -0.7239765512619842
56.25 -0.7281966205220921
56.5 -0.7324082190689265
56.75 -0.7366115120121068
57 -0.7408066490870654
57.25 -0.7449937857877857
57.5 -0.7491730747154552
57.75 -0.753344665780103
58 -0.757508706402237
58.25 -0.7616653417144826
58.5 -0.7658146722859318
58.75 -0.7699568414132987
59 -0.7740919912513283
59.25 -0.7782202509150006
59.5 -0.7823417471157543
59.75 -0.7864566043022058
60 -0.7905649448008698
60.25 -0.7946668889568773
60.5 -0.798762518796892
60.75 -0.8028519635994611
61 -0.8069353358623534
61.25 -0.8110127431980547
61.5 -0.8150842911632779
61.75 -0.8191500833578631
62 -0.8232102215236762
62.25 -0.8272648037844863
62.5 -0.8313138954853158
62.75 -0.8353576090142716
63 -0.8393960348061524
63.25 -0.8434292612859761
63.5 -0.8474573749314823
63.75 -0.851480460335635
64 -0.8554986002691256
64.25 -0.8595118779735317
64.5 -0.8635203819165497
64.75 -0.8675241852814544
65 -0.8715233658907461
65.25 -0.8755180002826192
65.5 -0.8795081637860512
65.75 -0.8834939305958929
66 -0.8874753738479566
66.25 -0.8914525465368375
66.5 -0.8954254934660467
66.75 -0.8993943077709817
67 -0.903359055045882
67.25 -0.9073197998170808
67.5 -0.91127660560247
67.75 -0.9152295349709667
68 -0.919178649601979
68.25 -0.923124010344872
68.5 -0.9270656772784338
68.75 -0.9310037097703416
69 -0.9349381543837252
69.25 -0.9388690359660368
69.5 -0.9427964368410631
69.75 -0.946720410424309
70 -0.9506410093646573
70.25 -0.9545582855894255
70.5 -0.9584722903494214
70.75 -0.9623830742640003
71 -0.9662906873661217
71.25 -0.9701951791474055
71.5 -0.9740965986031888
71.75 -0.9779949857510202
72 -0.9818903367514613
72.25 -0.9857827346239535
72.5 -0.9896722222709117
72.75 -0.9935588418867696
73 -0.9974426349851089
73.25 -1.001323642425788
73.5 -1.005201904442072
73.75 -1.009077460667761
74 -1.012950350164321
74.25 -1.016820611448011
74.5 -1.020688281911587
74.75 -1.024553381951612
75 -1.028415959498038
75.25 -1.032276049914339
75.5 -1.036133688034539
75.75 -1.039988908185397
76 -1.043841744208598
76.25 -1.047692229482939
76.5 -1.051540396946518
76.75 -1.055386279118919
77 -1.059229908123406
77.25 -1.063071315709105
77.5 -1.066910498212953
77.75 -1.070747505322803
78 -1.07458236745567
78.25 -1.07841511222929
78.5 -1.082245766735117
78.75 -1.086074357550051
79 -1.089900910748164
79.25 -1.09372545191243
79.5 -1.097548006146451
79.75 -1.101368598086187
80 -1.105187251911684
80.25 -1.109004023986173
80.5 -1.112818926095523
80.75 -1.116631977797962
81 -1.120443204619274
81.25 -1.124252631970645
81.5 -1.128060285171676
81.75 -1.13186618947341
82 -1.135670370081339
82.25 -1.139472852178427
82.5 -1.143273660948123
82.75 -1.147072821597384
83 -1.150870287243292
83.25 -1.154666091776342
83.5 -1.158460278547909
83.75 -1.162252865193537
84 -1.166043868751917
84.25 -1.169833305658399
84.5 -1.173621191738508
84.75 -1.177407542201459
85 -1.181192371633669
85.25 -1.184975693992272
85.5 -1.188757522598636
85.75 -1.192537917151972
86 -1.196316899243676
86.25 -1.200094459076404
86.5 -1.203870613541209
86.75 -1.207645379439675
87 -1.211418773500756
87.25 -1.215190812397616
87.5 -1.218961512764451
87.75 -1.222730891213338
88 -1.226498964351061
88.25 -1.230265748795949
88.5 -1.234031265477426
88.75 -1.237795533976263
89 -1.24155856785546
89.25 -1.245320384648207
89.5 -1.249081002049404
89.75 -1.252840437935165
90 -1.256598710382324
90.25 -1.26035583768794
90.5 -1.264111838388805
90.75 -1.26786673128095
91 -1.271620535439149
91.25 -1.275373215044816
91.5 -1.279124712686986
91.75 -1.282875117195361
92 -1.286624438158719
92.25 -1.290372684560806
92.5 -1.294119864761543
92.75 -1.29786598647823
93 -1.301611056766756
93.25 -1.305355082002799
93.5 -1.309098067863037
93.75 -1.312840019306353
94 -1.31658094055504
94.25 -1.320320918512119
94.5 -1.324059936871467
94.75 -1.327797980562385
95 -1.331535058529431
95.25 -1.335271179587619
95.5 -1.339006352430586
95.75 -1.34274058563877
96 -1.346473887687579
96.25 -1.350206266955566
96.5 -1.3539377317326
96.75 -1.357668290228041
97 -1.361397957728189
97.25 -1.365126801924532
97.5 -1.368854790085343
97.75 -1.372581934687666
98 -1.376308248583903
98.25 -1.380033745026342
98.5 -1.383758437691694
98.75 -1.387482340705618
99 -1.391205468667255
99.25 -1.394927836673762
99.5 -1.398649460344837
99.75 -1.402370355847256
100 -1.406090524292775
101 -1.41134647732396
102 -1.413016540063869
103 -1.414011782272576
104 -1.414715804410399
105 -1.415258148283537
106 -1.415697551182257
107 -1.416066238352837
108 -1.416383169375918
109 -1.416660590693867
110 -1.416907149029336
111 -1.417128855566203
112 -1.417330043327119
113 -1.417514023061215
114 -1.417683419623159
115 -1.417840396168491
116 -1.417986553643032
117 -1.418123266011094
118 -1.418251611643872
119 -1.418372474873468
120 -1.41848668375996
121 -1.418594882303162
122 -1.41869767037831
123 -1.41879559275626
124 -1.418889028262891
125 -1.418978387896094
126 -1.419063995146455
127 -1.419146093453221
128 -1.41922501018366
129 -1.419300904192626
130 -1.419374031931669
131 -1.419444564537196
132 -1.41951266421478
133 -1.419578509188674
134 -1.419642223085076
135 -1.419703974405329
136 -1.419763854982758
137 -1.419821960158504
138 -1.419878384435074
139 -1.419933264337467
140 -1.419986643608639
141 -1.420038582379444
142 -1.420089162852866
143 -1.420138481498643
144 -1.420186566168939
145 -1.420233461434026
146 -1.420279243664244
147 -1.420323968834226
148 -1.42036766763865
149 -1.420410377938431
150 -1.420452161290162
151 -1.420493049388397
152 -1.420533074803599
153 -1.420572271558315
154 -1.420610694526016
155 -1.420648358338626
156 -1.420685289589781
157 -1.420721512132134
158 -1.420757047077354
159 -1.420791919870158
160 -1.420826184943559
161 -1.420859839405133
162 -1.420892900723474
163 -1.420925384319169
164 -1.4209573035648
165 -1.420988680875717
166 -1.421019562087741
167 -1.421049939448221
168 -1.421079825997041
169 -1.42110923346436
170 -1.42113817227061
171 -1.421166662143452
172 -1.421194733454087
173 -1.421222383358952
174 -1.421249622715614
175 -1.421276461601066
176 -1.421302909311736
177 -1.421328980994498
178 -1.421354693645642
179 -1.421380050342636
180 -1.421405060088087
181 -1.421429731365743
182 -1.421454072140489
183 -1.421478097681532
184 -1.421501819245429
185 -1.421525238122294
186 -1.421548361309393
187 -1.421571195354695
188 -1.421593746356876
189 -1.421616019965316
190 -1.421638021380102
191 -1.421659755352024
192 -1.42168123175228
193 -1.421702473083998
194 -1.42172346955124
195 -1.421744225887613
196 -1.421764746491176
197 -1.421785035424439
198 -1.42180509641437
199 -1.421824932852386
200 -1.421844547794359
201 -1.421863943960615
202 -1.421883151602604
203 -1.421902157167891
204 -1.421920963233677
205 -1.421939573166054
206 -1.42195799011699
207 -1.421976217024324
208 -1.421994256611773
209 -1.422012111388924
210 -1.422029783651241
211 -1.422047288986971
212 -1.422064628653032
213 -1.422081800436972
214 -1.422098807178482
215 -1.422115651590145
216 -1.422132336257442
217 -1.42214886363875
218 -1.422165236065342
219 -1.422181455741385
220 -1.422197528503398
221 -1.422213460679518
222 -1.422229250221875
223 -1.422244899504568
224 -1.422260410817471
225 -1.422275786366234
226 -1.422291028272279
227 -1.422306138572804
228 -1.422321119220781
229 -1.42233597323607
230 -1.422350710261064
231 -1.422365325467366
232 -1.422379820735776
233 -1.422394197874139
234 -1.422408458617346
235 -1.422422604627334
236 -1.422436637493086
237 -1.422450558730629
238 -1.422464369783037
239 -1.42247807202043
240 -1.422491666739972
241 -1.422505155165874
242 -1.422518538449391
243 -1.422531817668827
244 -1.422545002388937
245 -1.422558094786105
246 -1.422571090170016
247 -1.422583989769465
248 -1.422596794758783
249 -1.422609506257847
250 -1.422622125332068
251 -1.422634652992401
252 -1.422647090195341
253 -1.42265943784292
254 -1.422671696782715
255 -1.422683867807839
256 -1.422695951656946
257 -1.422707949014232
258 -1.422719860509432
259 -1.422731703759145
260 -1.422743466734543
261 -1.422755150160194
262 -1.422766754929556
263 -1.422778281901411
264 -1.422789731899859
265 -1.422801105714323
266 -1.42281240409955
267 -1.422823627775604
268 -1.422834777427874
269 -1.422845853707071
270 -1.422856857229225
271 -1.42286778857569
272 -1.422878648293139
273 -1.422889441686427
274 -1.422900173282899
275 -1.422910837895498
276 -1.422921436269202
277 -1.422931969128487
278 -1.422942437177329
279 -1.422952841099201
280 -1.422963181557075
281 -1.42297345919342
282 -1.422983674630206
283 -1.422993828468899
284 -1.423003921290465
285 -1.423013953655368
286 -1.423023926103569
287 -1.423033839154529
288 -1.423043698344699
289 -1.423053501427174
290 -1.423063248195138
291 -1.423072939254468
292 -1.423082575197496
293 -1.423092156603014
294 -1.423101684036269
295 -1.423111158048969
296 -1.423120579179277
297 -1.423129947951814
298 -1.423139264877661
299 -1.423148530454354
300 -1.423157745165888
301 -1.423166909482717
302 -1.423176025378822
303 -1.423185096419913
304 -1.423194119349976
305 -1.423203094650749
306 -1.423212022792232
307 -1.423220904232694
308 -1.423229739418669
309 -1.423238528784957
310 -1.423247272754626
311 -1.423255971739009
312 -1.423264626137707
313 -1.423273236338585
314 -1.423281802717776
315 -1.423290325639679
316 -1.423298805456959
317 -1.423307242510548
318 -1.423315637129645
319 -1.423323989631713
320 -1.423332300322483
321 -1.423340569495954
322 -1.423348797434387
323 -1.423356984408314
324 -1.42336513067653
325 -1.423373239511098
326 -1.423381315320376
327 -1.423389352706159
328 -1.423397351988257
329 -1.423405313477725
330 -1.423413237476863
331 -1.423421124279215
332 -1.42342897416957
333 -1.423436787423962
334 -1.423444564309668
335 -1.423452305085213
336 -1.423460010000365
337 -1.423467679296137
338 -1.423475313204785
339 -1.423482911949813
340 -1.423490475745967
341 -1.423498004799239
342 -1.423505499306866
343 -1.423512959457329
344 -1.423520385430355
345 -1.423527777396913
346 -1.423535135519221
347 -1.423542459950737
348 -1.423549754647816
349 -1.423557023171326
350 -1.423564260107645
351 -1.423571465691085
352 -1.423578640150398
353 -1.423585783708772
354 -1.423592896583834
355 -1.423599978987644
356 -1.423607031126702
357 -1.423614053201943
358 -1.423621045408741
359 -1.423628007936906
360 -1.423634940970683
361 -1.423641844688757
362 -1.423648719264249
363 -1.423655564864715
364 -1.42366238165215
365 -1.423669169782985
366 -1.423675929408089
367 -1.423682660672767
368 -1.423689363716762
369 -1.423696038674251
370 -1.423702685673851
371 -1.423709307981956
372 -1.423715907412922
373 -1.423722480458321
374 -1.423729027307688
375 -1.423735548147281
376 -1.423742043160084
377 -1.423748512525806
378 -1.423754956420879
379 -1.423761375018461
380 -1.423767768488433
381 -1.423774136997403
382 -1.423780480708702
383 -1.423786799782385
384 -1.423793094375234
385 -1.423799364640753
386 -1.423805610729172
387 -1.423811832787446
388 -1.423818030959253
389 -1.423824205384998
390 -1.423830356201809
391 -1.423836483543538
392 -1.423842587540763
393 -1.423848668320786
394 -1.423854727747988
395 -1.423860766399105
396 -1.423866782794096
397 -1.423872777087899
398 -1.423878749433296
399 -1.423884699980913
400 -1.423890628879218
401 -1.423896536274523
402 -1.423902422310984
403 -1.423908287130601
404 -1.423914130873214
405 -1.423919953676511
406 -1.423925755676021
407 -1.423931537005117
408 -1.423937297795014
409 -1.423943038174773
410 -1.423948758271297
411 -1.423954458209331
412 -1.423960138111467
413 -1.423965798098137
414 -1.423971438287619
415 -1.423977058796032
416 -1.423982659737341
417 -1.423988243157124
418 -1.423993809082494
419 -1.423999356139818
420 -1.424004884450638
421 -1.424010394134623
422 -1.424015885309576
423 -1.424021358091429
424 -1.424026812594246
425 -1.42403224893022
426 -1.424037667209678
427 -1.424043067541075
428 -1.424048450030999
429 -1.424053814784166
430 -1.424059161903426
431 -1.424064491489759
432 -1.424069803642274
433 -1.424075098458214
434 -1.424080376032949
435 -1.424085636459983
436 -1.424090879830951
437 -1.424096106235616
438 -1.424101315761874
439 -1.424106508495753
440 -1.424111684521408
441 -1.424116843921129
442 -1.424121986775334
443 -1.424127113162574
444 -1.424132223159528
445 -1.424137316841009
446 -1.42414239427996
447 -1.424147455547453
448 -1.424152500712693
449 -1.424157529843015
450 -1.424162543003885
451 -1.4241675402589
452 -1.424172521669788
453 -1.424177489235448
454 -1.424182445264311
455 -1.424187386229047
456 -1.424192312210584
457 -1.424197223288456
458 -1.424202119540801
459 -1.424207001044367
460 -1.424211867874504
461 -1.42421672010517
462 -1.424221557808929
463 -1.424226381056948
464 -1.424231189919005
465 -1.424235984463479
466 -1.424240764757357
467 -1.424245530866233
468 -1.424250282854305
469 -1.424255020784377
470 -1.424259744717861
471 -1.424264454714772
472 -1.424269150833733
473 -1.424273833131972
474 -1.424278501665323
475 -1.424283156488227
476 -1.424287797653728
477 -1.424292425213479
478 -1.424297039217737
479 -1.424301639715367
480 -1.424306226753837
481 -1.424310800379223
482 -1.424315360636206
483 -1.424319907568073
484 -1.424324441216718
485 -1.424328961622639
486 -1.424333468824942
487 -1.424337962861336
488 -1.42434244376814
489 -1.424346911687515
490 -1.424351367503099
491 -1.424355810701192
492 -1.424360241381201
493 -1.424364659645653
494 -1.424369065600197
495 -1.424373459353606
496 -1.424377841017772
497 -1.424382210707711
498 -1.424386535125655
499 -1.424389917426737
500 -1.424391919850804
500.25 -1.424392170053531
500.5 -1.424392496572141
500.75 -1.424392766452219
501 -1.424392982267275
501.25 -1.424393147110219
501.5 -1.424393264593359
501.75 -1.424393338848404
502 -1.42439337452646
502.25 -1.424393376798033
502.5 -1.424393203240598
502.75 -1.424391403262264
503 -1.424387246551381
503.25 -1.424371609621735
503.5 -1.424299478928962
503.75 -1.424023119123797
504 -1.423213553865178
504.25 -1.421499491332435
504.5 -1.418894027744677
504.75 -1.415759540840764
505 -1.412399634082371
505.25 -1.408958480658941
505.5 -1.405488405655529
505.75 -1.402008168657581
506 -1.398525568355353
506.25 -1.395043077517661
506.5 -1.391561179612298
506.75 -1.38808009467112
507 -1.384599883623091
507.25 -1.381120620134154
507.5 -1.377642375030421
507.75 -1.37416513447663
508 -1.370688877733098
508.25 -1.367213613368873
508.5 -1.363739457351996
508.75 -1.360266340111651
509 -1.356794261647838
509.25 -1.35332318587953
509.5 -1.349853365521536
509.75 -1.346384602099934
510 -1.342916908534747
510.25 -1.339450357177052
510.5 -1.335984951584418
510.75 -1.332520690491359
511 -1.329057590788836
511.25 -1.325595669367809
511.5 -1.32213494311924
511.75 -1.318675428934091
512 -1.315217132092095
512.25 -1.311760057030816
512.5 -1.308304232246227
512.75 -1.304849673201776
513 -1.301396395360914
513.25 -1.297944414187088
513.5 -1.294493745143749
513.75 -1.291044401922819
514 -1.287596383945858
514.25 -1.284149717161607
514.5 -1.28070441616319
514.75 -1.277260495543731
515 -1.273817969896353
515.25 -1.270376853814179
515.5 -1.266937161890332
515.75 -1.263498930699463
516 -1.260062167904096
516.25 -1.25662688500309
516.5 -1.253193097901793
516.75 -1.249760822505553
517 -1.246330074719718
517.25 -1.242900870449634
517.5 -1.239473265475837
517.75 -1.236047292341981
518 -1.232622933162292
518.25 -1.229200205620206
518.5 -1.22577912739916
518.75 -1.222359716182588
519 -1.218941989653928
519.25 -1.215525965496615
519.5 -1.212111661394086
519.75 -1.208699095029776
520 -1.205288284087123
520.25 -1.201879275080699
520.5 -1.198472186586295
520.75 -1.195066945590755
521 -1.19166357290084
521.25 -1.18826208932331
521.5 -1.184862515664926
521.75 -1.181464872732448
522 -1.178069181332638
522.25 -1.174675462272255
522.5 -1.171283736358061
522.75 -1.167894024396816
523 -1.164506347195281
523.25 -1.161120896103136
523.5 -1.157737580008797
523.75 -1.154356411883462
524 -1.150977416378192
524.25 -1.147600618144045
524.5 -1.144226041832084
524.75 -1.140853712093367
525 -1.137483653578954
525.25 -1.134115890939905
525.5 -1.13075044882728
525.75 -1.127387351892139
526 -1.12402673537139
526.25 -1.120668621654164
526.5 -1.117312989765167
526.75 -1.113959870376902
527 -1.110609294161869
527.25 -1.107261291792571
527.5 -1.103915893941509
527.75 -1.100573131281185
528 -1.097233034484099
528.25 -1.093895808415499
528.5 -1.090561395395686
528.75 -1.087229811817915
529 -1.083901095077891
529.25 -1.08057528257132
529.5 -1.077252411693909
529.75 -1.073932519841363
530 -1.070615644409389
530.25 -1.067301836249035
530.5 -1.063991256042603
530.75 -1.060683852019484
531 -1.057379666392938
531.25 -1.054078741376228
531.5 -1.050781119182614
531.75 -1.047486842025359
532 -1.044195952117723
532.25 -1.040908491672969
532.5 -1.037624646656931
532.75 -1.034344275137773
533 -1.03106751718469
533.25 -1.027794415919302
533.5 -1.024525014957296
533.75 -1.021259358408417
534 -1.017997490876478
534.25 -1.014739457459349
534.5 -1.011485303748966
534.75 -1.008235164040305
535 -1.00498911157062
535.25 -1.001747149029833
535.5 -0.998509334980118
535.75 -0.9952757291626469
536 -0.9920463924975895
536.25 -0.9888213870841146
536.5 -0.9856007762003891
536.75 -0.9823846243035783
537 -0.9791730428431606
537.25 -0.9759662375499925
537.5 -0.9727641763672581
537.75 -0.9695669420646958
538 -0.9663746194553915
538.25 -0.9631872953957772
538.5 -0.9600050587856316
538.75 -0.956828000568081
539 -0.9536562137295979
539.25 -0.9504897933000016
539.5 -0.9473288646750528
539.75 -0.9441735122082404
540 -0.9410238372089923
540.25 -0.9378799449530623
540.5 -0.9347419428858506
540.75 -0.9316099406224039
541 -0.9284840499474154
541.25 -0.9253643848152252
541.5 -0.9222510613498195
541.75 -0.9191441290982254
542 -0.9160435098931198
542.25 -0.9129491524225585
542.5 -0.9098610521175496
542.75 -0.9067794333881255
543 -0.9037044785789949
543.25 -0.9006364228020817
543.5 -0.8975754221426429
543.75 -0.8945215125552368
544 -0.8914749329487403
544.25 -0.8884358543716694
544.5 -0.8854043128818099
544.75 -0.8823804917920705
545 -0.8793645356851639
545.25 -0.8763565557236351
545.5 -0.8733566936172363
545.75 -0.870365085190496
546 -0.8673818996368829
546.25 -0.8644072734568757
546.5 -0.8614413465284999
546.75 -0.8584843664097439
547 -0.8555364488482934
547.25 -0.8525977306881715
547.5 -0.849668364403628
547.75 -0.8467485024689131
548 -0.8438383381196244
548.25 -0.8409382091659737
548.5 -0.8380481649838241
548.75 -0.8351683760336049
549 -0.8322990127757459
549.25 -0.8294402456706765
549.5 -0.8265923925702783
549.75 -0.8237556944811196
550 -0.8209302567989127
550.25 -0.8181162712076649
550.5 -0.8153139293913831
550.75 -0.8125234230340741
551 -0.8097452810927162
551.25 -0.8069795551230146
551.5 -0.8042264447159146
551.75 -0.8014861686520439
552 -0.79875894571203
552.25 -0.7960450918063265
552.5 -0.7933450737976279
552.75 -0.7906589639374462
553 -0.787987009668614
553.25 -0.785329458433964
553.5 -0.7826865576763283
553.75 -0.7800588077939464
554 -0.7774464958576693
554.25 -0.7748497998021086
554.5 -0.7722689976437426
554.75 -0.76970436739905
555 -0.7671561941376817
555.25 -0.7646251193812896
555.5 -0.7621112673751098
555.75 -0.7596149541363338
556 -0.7571364956821534
556.25 -0.7546763082098484
556.5 -0.7522349230259495
556.75 -0.7498125555369196
557 -0.747409557419826
557.25 -0.7450262803517359
557.5 -0.7426632582527959
557.75 -0.74032089119456
558 -0.7379994946123758
558.25 -0.7356994508179169
558.5 -0.7334211421228567
558.75 -0.7311652776257439
559 -0.728931997346684
559.25 -0.7267218149245123
559.5 -0.7245351280452643
559.75 -0.7223724193728382
560 -0.7202342886268797
560.25 -0.7181210458061102
560.5 -0.7160331464422491
560.75 -0.7139710549099889
561 -0.7119352444269955
561.25 -0.7099261970539079
561.5 -0.7079444289445259
561.75 -0.7059905480743226
562 -0.7040650053447675
562.25 -0.702168333830964
562.5 -0.7003010767171345
562.75 -0.6984637872966193
563 -0.6966570289718772
563.25 -0.6948813500860357
563.5 -0.6931370832153652
563.75 -0.6914249156260514
564 -0.6897454043351584
564.25 -0.6880991118225662
564.5 -0.6864866060309689
564.75 -0.6849080885856187
565 -0.6833629156032028
565.25 -0.6818521878556557
565.5 -0.6803766119365331
565.75 -0.6789365960359715
566 -0.6775326870020055
566.25 -0.6761652107437373
566.5 -0.6748346039972468
566.75 -0.6735411624475862
567 -0.6722852218904696
567.25 -0.6710670598160823
567.5 -0.6698868183223849
567.75 -0.6687447884707982
568 -0.6676412573141119
568.25 -0.666576177434723
568.5 -0.6655496739168398
568.75 -0.6645619930376911
569 -0.6636129587455719
569.25 -0.662702419023399
569.5 -0.6618305546893801
569.75 -0.6609970683206221
570 -0.6602014400049488
570.25 -0.6594437597833347
570.5 -0.6587236849276239
570.75 -0.6580403998153194
571 -0.6573937484109758
571.25 -0.6567828936533843
571.5 -0.6562071993304324
571.75 -0.6556661305572017
572 -0.6551585221180004
572.25 -0.6546838224439928
572.5 -0.6542409571046285
572.75 -0.6538289536655743
573 -0.6534469023709895
573.25 -0.6530933634345887
573.5 -0.6527674775034258
573.75 -0.6524680825779696
574 -0.652193924336482
574.25 -0.6519438488420768
574.5 -0.6517164706040021
574.75 -0.6515103147311493
575 -0.6513238601157529
575.25 -0.6511559337836248
575.5 -0.6510053796803831
575.75 -0.6508706796474255
576 -0.6507506814048987
576.25 -0.6506443835119887
576.5 -0.650550520669295
576.75 -0.6504680139036816
577 -0.6503958722010165
577.25 -0.650333070087492
577.5 -0.6502786580293709
577.75 -0.6502317422495708
578 -0.6501914579363242
578.25 -0.6501570096998658
578.5 -0.6501277299919865
578.75 -0.6501029116118269
579 -0.6500819466819899
579.25 -0.650064384175458
579.5 -0.650049697153778
579.75 -0.6500374656215845
580 -0.6500273223148223
580.25 -0.6500189138421635
580.5 -0.6500120029229395
580.75 -0.650006388115224
581 -0.6500018900872014
581.25 -0.6499981399963928
581.5 -0.6499951351213649
581.75 -0.6499928028511676
582 -0.6499910701374375
582.25 -0.6499895897284045
582.5 -0.6499884574959992
582.75 -0.649987649853051
583 -0.6499871372045876
583.25 -0.649986675680531
583.5 -0.6499863517301142
583.75 -0.6499861552452157
584 -0.6499860714152852
584.25 -0.6499859575145933
584.5 -0.6499858644365755
584.75 -0.6499857848000661
585 -0.6499857149144177
585.25 -0.6499856308537038
585.5 -0.6499855507674691
585.75 -0.6499854860925467
586 -0.6499854220320481
586.25 -0.6499853682963058
586.5 -0.6499853122051268
586.75 -0.6499852685954547
587 -0.6499852401895317
587.25 -0.6499851588133174
587.5 -0.6499850820411952
587.75 -0.6499850166693166
588 -0.649984969493833
588.25 -0.649984947310896
588.5 -0.6499849084330721
588.75 -0.6499848659047079
589 -0.6499848313912361
589.25 -0.6499848064632532
589.5 -0.6499847926913562
589.75 -0.6499847834277965
590 -0.6499847694665529
590.25 -0.6499847590634675
590.5 -0.6499847519751473
590.75 -0.6499847479581989
591 -0.6499847466600076
591.25 -0.6499847455290373
591.5 -0.6499847454693894
591.75 -0.6499847460399133
592 -0.6499847467994571
592.25 -0.6499847473068699
592.5 -0.6499847572406289
592.75 -0.6499847727291547
593 -0.6499847893574223
593.25 -0.6499848068316157
593.5 -0.6499848248579188
593.75 -0.6499848431425154
594 -0.6499848613915897
594.25 -0.6499848793113256
594.5 -0.649984896607907
594.75 -0.6499849129875178
595 -0.6499849281563421
595.25 -0.6499849418205637
595.5 -0.6499849536863668
595.75 -0.649984963459935
596 -0.6499849708474524
596.25 -0.649984975555103
596.5 -0.6499849772890709
596.75 -0.6499849938799889
597 -0.6499850110115475
597.25 -0.6499850277843386
597.5 -0.6499850440915976
597.75 -0.6499850598265595
598 -0.6499850748824595
598.25 -0.6499850891525327
598.5 -0.6499851025300144
598.75 -0.6499851149081397
599 -0.6499851261801438
599.25 -0.6499851362392619
599.5 -0.6499851449787292
599.75 -0.6499851522917807
600 -0.6499851580716518
600.25 -0.6499851622115774
600.5 -0.6499851646047929
600.75 -0.6499851670490194
601 -0.6499851753768676
601.25 -0.6499851832939121
601.5 -0.6499851907856327
601.75 -0.6499851978375094
602 -0.6499852044350221
602.25 -0.6499852105636503
602.5 -0.6499852162088743
602.75 -0.6499852213561738
603 -0.6499852259910284
603.25 -0.6499852300989182
603.5 -0.649985233665323
603.75 -0.6499852366757226
604 -0.6499852391155969
604.25 -0.6499852409704256
604.5 -0.6499852422256889
604.75 -0.6499852428668662
605 -0.6499852513131861
605.25 -0.6499852521427263
605.5 -0.6499852529194151
605.75 -0.6499852536432524
606 -0.6499852543142383
606.25 -0.6499852549323727
606.5 -0.6499852554976556
606.75 -0.6499852560100871
607 -0.6499852564696671
607.25 -0.6499852568763956
607.5 -0.6499852572302727
607.75 -0.6499852575312982
608 -0.6499852577794724
608.25 -0.649985257974795
608.5 -0.6499852581172663
608.75 -0.649985258206886
609 -0.6499852582436543
609.25 -0.6499852582398986
609.5 -0.6499852582308824
609.75 -0.6499852582121062
610 -0.6499852581730012
610.25 -0.6499852581338963
610.5 -0.6499852580305465
610.75 -0.6499852579082108
611 -0.6499852565697289
611.25 -0.6499852522096137
611.5 -0.6499852478494983
611.75 -0.6499852434893829
612 -0.6499852391292675
612.25 -0.649985234769152
612.5 -0.6499852304090368
612.75 -0.6499852260489214
613 -0.649985221688806
613.25 -0.6499851749012915
613.5 -0.6499850903995354
613.75 -0.6499850058977793
614 -0.649984921396023
614.25 -0.649984836894267
614.5 -0.6499847523925109
614.75 -0.6499846678907547
615 -0.6499845833889987
615.25 -0.6499844988872424
615.5 -0.6499843317642894
615.75 -0.6499841402171226
616 -0.6499839426933924
616.25 -0.6499835292040372
616.5 -0.649983115714682
616.75 -0.6499825563975479
617 -0.6499816258320201
617.25 -0.6499806952664925
617.5 -0.6499796177948608
617.75 -0.6499779068226913
618 -0.6499761958505216
618.25 -0.6499737788426778
618.5 -0.6499710703334861
618.75 -0.649966692710491
619 -0.6499630564924177
619.25 -0.6499583655069591
619.5 -0.6499526007103903
619.75 -0.6499455649242772
620 -0.6499367960729489
620.25 -0.6499265076431844
620.5 -0.6499135809183331
620.75 -0.6498984792712044
621 -0.6498804568329548
621.25 -0.6498592038143908
621.5 -0.6498338845927208
621.75 -0.6498044355861204
622 -0.6497696293258758
622.25 -0.6497294743980414
622.5 -0.6496831311015898
622.75 -0.6496299927272523
623 -0.6495691720624821
623.25 -0.6494997834417846
623.5 -0.6494209486892387
623.75 -0.6493319436906835
624 -0.649231880809555
624.25 -0.6491200904478545
624.5 -0.6489958217950124
624.75 -0.648858390423347
625 -0.648707486143651
625.25 -0.6485424325962771
625.5 -0.6483627808416369
625.75 -0.6481687905623088
626 -0.6479601914704026
626.25 -0.6477370335411012
626.5 -0.6474999875333338
626.75 -0.6472495440894245
627 -0.6469863390756684
627.25 -0.6467114275082931
627.5 -0.6464260347450059
627.75 -0.6461314427027569
628 -0.6458291188821743
628.25 -0.6455206422375152
628.5 -0.6452078941195422
628.75 -0.6448927639078537
629 -0.6445767838251375
629.25 -0.6442621607292258
629.5 -0.6439507894849877
629.75 -0.6436440443877773
630 -0.6433440386458852
630.25 -0.6430523490321676
630.5 -0.6427700762644296
630.75 -0.6424988801999898
631 -0.6422398304985616
631.25 -0.6419936640952332
631.5 -0.6417613777159834
631.75 -0.6415434861852176
632 -0.6413402902599384
632.25 -0.6411520810986777
632.5 -0.6409788834417918
632.75 -0.6408205433121695
633 -0.6406767352016375
633.25 -0.6405471268281308
633.5 -0.64043115105096
633.75 -0.6403280388882466
634 -0.6402372585431775
634.25 -0.6401579262399985
634.5 -0.6400890367491323
634.75 -0.6400300069652597
635 -0.6399797723526421
635.25 -0.6399373021347824
635.5 -0.639902042224222
635.75 -0.6398729331482725
636 -0.6398490613004223
636.25 -0.6398299807733263
636.5 -0.6398147670032794
636.75 -0.6398027449676695
637 -0.6397934657965437
637.25 -0.6397863481194348
637.5 -0.6397809692538958
637.75 -0.6397768634669867
638 -0.6397737911403348
638.25 -0.6397716131273381
638.5 -0.6397700286081924
638.75 -0.6397688191949703
639 -0.6397680306645606
639.25 -0.6397675938586742
639.5 -0.6397672694847029
639.75 -0.6397671093775953
640 -0.639767078110411
640.25 -0.6397671255573691
640.5 -0.6397672090177418
640.75 -0.6397672656392338
641 -0.6397673437435615
641.25 -0.63976742551053
641.5 -0.6397674614366123
641.75 -0.6397674839218953
642 -0.6397675322766027
642.25 -0.6397675644987642
642.5 -0.6397675673692793
642.75 -0.6397675805559037
643 -0.6397675936799259
643.25 -0.6397675983853902
643.5 -0.6397675936305314
643.75 -0.6397675931610307
644 -0.6397675909946664
644.25 -0.6397675878916068
644.5 -0.6397675844635058
644.75 -0.6397675812116166
645 -0.6397675787569507
645.25 -0.6397675775966247
645.5 -0.6397675773357607
645.75 -0.6397675767875899
646 -0.6397675768927567
646.25 -0.6397675773046273
646.5 -0.6397675794681915
646.75 -0.6397675816317557
647 -0.6397676127949955
647.25 -0.639767647380029
647.5 -0.6397678266583366
647.75 -0.6397680747367354
648 -0.6397693082921355
648.25 -0.6397707338362185
648.5 -0.6397741851988226
648.75 -0.6397812803801093
649 -0.639795139456333
649.25 -0.6398222076903992
649.5 -0.6398775442768921
649.75 -0.6399861161675012
650 -0.6401923470393194
650.25 -0.6405681893312485
650.5 -0.6412238347448872
650.75 -0.6422932342014662
651 -0.6439095536175108
651.25 -0.6461509379233602
651.5 -0.6490040225144688
651.75 -0.6523665398419244
652 -0.6560999007839854
652.25 -0.6600817400032384
652.5 -0.6642164670257401
652.75 -0.6684390499003305
653 -0.6727086247239009
653.25 -0.6770010720945407
653.5 -0.6813021060392309
653.75 -0.6856032022280499
654 -0.6898997376009787
654.25 -0.6941895941004783
654.5 -0.698471577663927
654.75 -0.7027450800316798
655 -0.7070095103172913
655.25 -0.7112646834323209
655.5 -0.715510793748003
655.75 -0.7197480104400445
656 -0.7239765942036124
656.25 -0.7281966760752686
656.5 -0.7324084051527886
656.75 -0.7366117474146091
657 -0.740806937305959
657.25 -0.7449940015276635
657.5 -0.7491731974250124
657.75 -0.7533446935976051
658 -0.7575086611695261
658.25 -0.761665278374282
658.5 -0.7658146424469545
658.75 -0.769956885344267
659 -0.7740920966025537
659.25 -0.7782204883628765
659.5 -0.7823421085339078
659.75 -0.7864569914300065
660 -0.7905653386471531
660.25 -0.7946673005106024
660.5 -0.7987629204803744
660.75 -0.8028523234532694
661 -0.8069356669049307
661.25 -0.8110130429423346
661.5 -0.815084563245698
661.75 -0.819150316766179
662 -0.8232104179432727
662.25 -0.8272649697178088
662.5 -0.8313140507832704
662.75 -0.8353577591806837
663 -0.8393961822780122
663.25 -0.8434294208822792
663.5 -0.8474575540631502
663.75 -0.8514806595122943
664 -0.8554988144414163
664.25 -0.8595120929228176
664.5 -0.8635205747476303
664.75 -0.8675243844619129
665 -0.8715235654780398
665.25 -0.8755181905727345
665.5 -0.8795083304927174
665.75 -0.8834940539547066
666 -0.8874754445847362
666.25 -0.8914525829517567
666.5 -0.8954255258940327
666.75 -0.8993943405571395
667 -0.9033590926806272
667.25 -0.9073198465980222
667.5 -0.911276661854064
667.75 -0.9152296004426441
668 -0.9191787222380523
668.25 -0.923124085220867
668.5 -0.9270657458984003
668.75 -0.9310037618126727
669 -0.9349381993532756
669.25 -0.9388691058083851
669.5 -0.9427965344548928
669.75 -0.9467205373579002
670 -0.950641165370719
670.25 -0.9545584728395198
670.5 -0.958472510158266
670.75 -0.962383321894215
671 -0.96629095469008
671.25 -0.9701954540170211
671.5 -0.9740968641746454
671.75 -0.9779952282910072
672 -0.981890588322608
672.25 -0.985782985054396
672.5 -0.9896724740666314
672.75 -0.9935591189309833
673 -0.9974429366519723
673.25 -1.001323966684437
673.5 -1.005202247526311
673.75 -1.009077816718625
674 -1.012950710845505
674.25 -1.016820965534173
674.5 -1.020688615454946
674.75 -1.024553701243528
675 -1.028416291640303
675.25 -1.032276394362264
675.5 -1.036134043337384
675.75 -1.039989271736419
676 -1.043842111972911
676.25 -1.047692595703187
676.5 -1.051540753826359
676.75 -1.055386616484325
677 -1.059230213061767
677.25 -1.063071593044608
677.5 -1.066910771904461
677.75 -1.070747777920673
678 -1.074582638915359
678.25 -1.078415382043565
678.5 -1.082246033793273
678.75 -1.086074619985395
679 -1.089901165773777
679.25 -1.093725695645198
679.5 -1.097548267101751
679.75 -1.101368892875709
680 -1.105187591448411
680.25 -1.109004387619362
680.5 -1.112819305706379
680.75 -1.116632369545595
681 -1.120443602491452
681.25 -1.124253027416707
681.5 -1.128060666712432
681.75 -1.131866543968229
682 -1.135670680718919
682.25 -1.139473097166287
682.5 -1.143273813916174
682.75 -1.14707285110043
683 -1.150870228376915
683.25 -1.154665964929503
683.5 -1.158460079468076
683.75 -1.162252590228527
684 -1.16604351497276
684.25 -1.16983287098869
684.5 -1.173620728172873
684.75 -1.177407085816063
685 -1.181191949953092
685.25 -1.184975339488344
685.5 -1.188757273041668
685.75 -1.192537768948368
686 -1.196316845259211
686.25 -1.200094519740423
686.5 -1.203870809873689
686.75 -1.207645732856155
687 -1.211419305600427
687.25 -1.21519147034937
687.5 -1.218962286418559
687.75 -1.222731770854651
688 -1.226499935401484
688.25 -1.230266791302767
688.5 -1.234032349302082
688.75 -1.237796619642882
689 -1.24155961206849
689.25 -1.245321335822101
689.5 -1.249081799646784
689.75 -1.252841026575664
690 -1.256599202332537
690.25 -1.260356209312659
690.5 -1.264112063872749
690.75 -1.267866782407961
691 -1.271620381351886
691.25 -1.275372877176551
691.5 -1.279124286392416
691.75 -1.28287462554838
692 -1.286623911231776
692.25 -1.290372160068375
692.5 -1.294119358176968
692.75 -1.297865428840443
693 -1.301610463479711
693.25 -1.305354471985605
693.5 -1.309097463904838
693.75 -1.312839448440009
694 -1.316580434449596
694.25 -1.32032043044796
694.5 -1.324059444605344
694.75 -1.327797484747874
695 -1.331534558357559
695.25 -1.335270695426648
695.5 -1.339005928650367
695.75 -1.342740238006614
696 -1.346473632677172
696.25 -1.350206121669077
696.5 -1.353937713814621
696.75 -1.357668417771346
697 -1.361398242022052
697.25 -1.365127194874789
697.5 -1.368855284462863
697.75 -1.372582518744832
698 -1.37630890334799
698.25 -1.380034442036167
698.5 -1.383759140302825
698.75 -1.387483028147394
699 -1.391206124821342
699.25 -1.394928446863944
699.5 -1.398649976809975
699.75 -1.402370731185734
700 -1.406089960095926
701 -1.411343397140404
702 -1.413014756603133
703 -1.414010548284696
704 -1.414714896287561
705 -1.415257444783256
706 -1.415696962275122
707 -1.416065734394006
708 -1.416382733220435
709 -1.41666023527881
710 -1.416906821738794
711 -1.417128553190686
712 -1.417329774026878
713 -1.417513785655397
714 -1.417683206581437
715 -1.417840171163736
716 -1.417986322912555
717 -1.418123068979659
718 -1.418251407889701
719 -1.418372307074855
720 -1.418486532524217
721 -1.41859474282145
722 -1.418697543686538
723 -1.418795449489371
724 -1.418888901369636
725 -1.418978235161319
726 -1.419063853794577
727 -1.419145971146807
728 -1.419224875646568
729 -1.41930080500222
730 -1.419373921939485
731 -1.419444472136811
732 -1.419512584920829
733 -1.419578431301899
734 -1.419642156957919
735 -1.419703886251185
736 -1.419763765292154
737 -1.419821878066164
738 -1.419878310556193
739 -1.419933160263817
740 -1.419986542829345
741 -1.42003849987288
742 -1.420089086267785
743 -1.420138385236146
744 -1.420186480555471
745 -1.420233398983742
746 -1.420279181974286
747 -1.420323901096363
748 -1.420367610177832
749 -1.42041033701541
750 -1.420452117260362
751 -1.420493005636041
752 -1.420533036771323
753 -1.420572239550441
754 -1.420610643974852
755 -1.420648302873695
756 -1.42068523295993
757 -1.420721457898377
758 -1.420757000585064
759 -1.420791881411383
760 -1.420826118264094
761 -1.420859765453609
762 -1.420892828025311
763 -1.420925318397593
764 -1.420957251685717
765 -1.420988641133578
766 -1.421019498113708
767 -1.421049870498559
768 -1.421079762116204
769 -1.421109179076905
770 -1.421138132953523
771 -1.421166634122287
772 -1.421194691762794
773 -1.421222339190181
774 -1.421249583624222
775 -1.421276429640143
776 -1.421302887114094
777 -1.421328965209203
778 -1.421354672375571
779 -1.421380027830916
780 -1.421405040327552
781 -1.421429715069626
782 -1.42145406035376
783 -1.421478084002688
784 -1.421501793365251
785 -1.421525205323588
786 -1.42154832652604
787 -1.421571159473276
788 -1.421593710659441
789 -1.421615986168322
790 -1.421637991673347
791 -1.421659732437585
792 -1.421681213313745
793 -1.42170243874418
794 -1.421723416539553
795 -1.421744171043076
796 -1.421764691340113
797 -1.421784981883146
798 -1.421805046818202
799 -1.421824889984844
800 -1.421844514916173
801 -1.421863924838831
802 -1.421883122672996
803 -1.421902111032388
804 -1.421920910454937
805 -1.421939522133372
806 -1.42195794230459
807 -1.421976174176469
808 -1.421994220761344
809 -1.422012084876006
810 -1.422029769141701
811 -1.42204727598413
812 -1.422064607633451
813 -1.422081769473131
814 -1.42209877846637
815 -1.422115625752138
816 -1.422132314044059
817 -1.422148845939704
818 -1.422165223920595
819 -1.422181450352203
820 -1.422197527483947
821 -1.422213457449195
822 -1.422229242265266
823 -1.422244890540656
824 -1.422260403333319
825 -1.42227578057277
826 -1.422291024455705
827 -1.422306137101936
828 -1.422321120554384
829 -1.422335976779081
830 -1.42235070766517
831 -1.422365315024907
832 -1.422379802477901
833 -1.422394177999995
834 -1.422408437354472
835 -1.422422582293706
836 -1.422436614503473
837 -1.422450535602945
838 -1.422464347144694
839 -1.422478050614695
840 -1.422491647432319
841 -1.422505138950336
842 -1.422518526454917
843 -1.422531811165633
844 -1.422544994235453
845 -1.422558076750747
846 -1.422571059731281
847 -1.422583948633939
848 -1.422596752243956
849 -1.422609462928083
850 -1.422622081847761
851 -1.422634610114716
852 -1.422647048790958
853 -1.42265939888878
854 -1.422671661370761
855 -1.422683837149764
856 -1.422695927088935
857 -1.422707932001705
858 -1.422719852651791
859 -1.422731689753192
860 -1.422743443970191
861 -1.422755115917358
862 -1.422766712521052
863 -1.422778240039834
864 -1.422789691099192
865 -1.422801066553058
866 -1.422812367223713
867 -1.422823593901781
868 -1.422834747346234
869 -1.42284582828439
870 -1.422856837411911
871 -1.422867775392807
872 -1.422878642859433
873 -1.422889440412491
874 -1.422900168621028
875 -1.422910828022437
876 -1.422921419122457
877 -1.422931948085443
878 -1.42294241748407
879 -1.422952822994386
880 -1.422963165310804
881 -1.422973445109027
882 -1.422983663046048
883 -1.422993819760152
884 -1.423003915870911
885 -1.42301395197919
886 -1.423023928667143
887 -1.423033846498214
888 -1.423043706017137
889 -1.423053507749937
890 -1.423063252203929
891 -1.423072939867718
892 -1.423082574571454
893 -1.42309215681399
894 -1.423101685148781
895 -1.423111160144942
896 -1.423120582359229
897 -1.42312995233604
898 -1.42313927060742
899 -1.423148537693053
900 -1.423157754100269
901 -1.423166920324041
902 -1.423176036846984
903 -1.423185104139358
904 -1.423194122659064
905 -1.423203092851649
906 -1.4232120151503
907 -1.42322089385398
908 -1.423229727984975
909 -1.423238516381485
910 -1.423247259488981
911 -1.423255957742231
912 -1.423264611565296
913 -1.423273221371529
914 -1.423281787563577
915 -1.423290310533383
916 -1.423298790662178
917 -1.423307228320492
918 -1.423315623868145
919 -1.423323977654251
920 -1.423332290017218
921 -1.423340561284748
922 -1.423348791773833
923 -1.423356981790764
924 -1.423365131631121
925 -1.423373241579779
926 -1.423381311910905
927 -1.423389342887962
928 -1.423397334763705
929 -1.423405287780182
930 -1.42341320410785
931 -1.423421089888887
932 -1.423428938963869
933 -1.423436751632375
934 -1.423444528185997
935 -1.423452268908337
936 -1.423459974075009
937 -1.423467643953638
938 -1.42347527880386
939 -1.423482878877323
940 -1.423490444417685
941 -1.423497975660616
942 -1.423505472833797
943 -1.423512936156922
944 -1.423520365841694
945 -1.423527762091828
946 -1.42353512510305
947 -1.423542455063098
948 -1.423549752151721
949 -1.423557016540679
950 -1.423564248393743
951 -1.423571447866696
952 -1.423578615107332
953 -1.423585750255456
954 -1.423592860872401
955 -1.423599943557648
956 -1.423606996176792
957 -1.423614018946792
958 -1.423621012079534
959 -1.423627975781827
960 -1.423634910255404
961 -1.423641815696925
962 -1.423648692297972
963 -1.423655540245053
964 -1.423662359719599
965 -1.423669150897967
966 -1.423675913951438
967 -1.423682649046218
968 -1.423689356343436
969 -1.423696035999147
970 -1.423702688164331
971 -1.42370931298489
972 -1.423715910601652
973 -1.423722481150371
974 -1.423729024761722
975 -1.423735541561309
976 -1.423742031669657
977 -1.42374849708099
978 -1.423754941737742
979 -1.423761361184195
980 -1.423767755597783
981 -1.423774125152953
982 -1.42378047002116
983 -1.423786790370876
984 -1.423793086367582
985 -1.423799358173773
986 -1.423805605948955
987 -1.423811829849649
988 -1.423818030029385
989 -1.423824206638707
990 -1.423830359825171
991 -1.423836489733346
992 -1.423842596504812
993 -1.423848680278163
994 -1.423854741189004
995 -1.423860779369952
996 -1.423866794950639
997 -1.423872788057704
998 -1.423878758814805
999 -1.423884707342607
1000 -1.42389063375879
1001 -1.423896540987454
1002 -1.423902427524619
1003 -1.423908292867295
1004 -1.423914137159501
1005 -1.42391996054329
1006 -1.423925763158748
1007 -1.423931545143995
1008 -1.423937306635183
1009 -1.423943047766498
1010 -1.42394876867016
1011 -1.423954469476418
1012 -1.42396015031356
1013 -1.423965811307904
1014 -1.4239714525838
1015 -1.423977074263635
1016 -1.423982676467825
1017 -1.423988259314823
1018 -1.423993822921112
1019 -1.423999367401209
1020 -1.424004892867666
1021 -1.424010399431067
1022 -1.424015887200028
1023 -1.4240213562812
1024 -1.424026807890382
1025 -1.42403224351975
1026 -1.424037661118913
1027 -1.4240430608017
1028 -1.424048442680236
1029 -1.424053806864942
1030 -1.424059153464532
1031 -1.424064482586016
1032 -1.424069794334702
1033 -1.424075088814188
1034 -1.424080366126373
1035 -1.424085626371447
1036 -1.424090869647899
1037 -1.424096096052508
1038 -1.424101305680355
1039 -1.42410649862481
1040 -1.424111674977543
1041 -1.424116834828516
1042 -1.424121978265989
1043 -1.424127105376515
1044 -1.424132216244944
1045 -1.42413731095442
1046 -1.424142389586384
1047 -1.424147452220569
1048 -1.424152498935007
1049 -1.424157529806024
1050 -1.42416254490824
1051 -1.424167544314572
1052 -1.424172528096232
1053 -1.424177496322725
1054 -1.424182449061856
1055 -1.42418738637972
1056 -1.424192308340711
1057 -1.424197215007517
1058 -1.424202106441121
1059 -1.424206982700802
1060 -1.424211843844134
1061 -1.424216691473599
1062 -1.424221528491424
1063 -1.424226351131751
1064 -1.424231159470186
1065 -1.424235953581061
1066 -1.42424073353744
1067 -1.424245499411112
1068 -1.424250251272595
1069 -1.424254989191138
1070 -1.424259713234717
1071 -1.424264423470036
1072 -1.424269119962529
1073 -1.424273802776357
1074 -1.424278471974411
1075 -1.424283127618309
1076 -1.424287769768399
1077 -1.424292398483757
1078 -1.424297013822188
1079 -1.424301615840225
1080 -1.424306204593129
1081 -1.424310780134891
1082 -1.424315342518229
1083 -1.424319891794592
1084 -1.424324428014154
1085 -1.424328951225821
1086 -1.424333461477225
1087 -1.424337958814728
1088 -1.424342443283421
1089 -1.424346914927122
1090 -1.424351373788378
1091 -1.424355819908466
1092 -1.424360253327389
1093 -1.424364674083882
1094 -1.424369082215404
1095 -1.424373477758147
1096 -1.42437786074703
1097 -1.424382231215698
1098 -1.424386509293892
1099 -1.424390104232598
1100 -1.424392726852359
1100.25 -1.42439324536257
1100.5 -1.424393739876257
1100.75 -1.424394175893683
1101 -1.424394551856028
1101.25 -1.424394866323655
1101.5 -1.424395117976107
1101.75 -1.424395305612108
1102 -1.424395428149564
1102.25 -1.424395484625563
1102.5 -1.424395208827732
1102.75 -1.424393586272841
1103 -1.424389977598981
1103.25 -1.424374167478682
1103.5 -1.424301800558983
1103.75 -1.424025122729399
1104 -1.423215024588945
1104.25 -1.421500873996554
1104.5 -1.418895458174144
1104.75 -1.415758962376538
1105 -1.412399335359533
1105.25 -1.408958215731683
1105.5 -1.405488282412859
1105.75 -1.402008154661179
1106 -1.398525614682348
1106.25 -1.395043094610355
1106.5 -1.391561181468212
1106.75 -1.388080088992111
1107 -1.384599879024599
1107.25 -1.381120618974075
1107.5 -1.377642364849021
1107.75 -1.374165130231757
1108 -1.370688883750755
1108.25 -1.367213625406016
1108.5 -1.363739453753707
1108.75 -1.360266345674899
1109 -1.356794280133975
1109.25 -1.353323257130935
1109.5 -1.349853339055897
1109.75 -1.346384602408182
1110 -1.342916933374578
1110.25 -1.33945035616325
1110.5 -1.3359849630386
1110.75 -1.332520710760887
1111 -1.329057615915461
1111.25 -1.325595695087676
1111.5 -1.322134964862883
1111.75 -1.318675441826434
1112 -1.31521714256368
1112.25 -1.311760081597765
1112.5 -1.308304251485237
1112.75 -1.304849685210415
1113 -1.301396398297774
1113.25 -1.297944406271785
1113.5 -1.294493724656925
1113.75 -1.291044368977665
1114 -1.287596354758481
1114.25 -1.28414969702895
1114.5 -1.280704397907232
1114.75 -1.277260481811809
1115 -1.273817963716223
1115.25 -1.270376858594013
1115.5 -1.26693718141872
1115.75 -1.263498947163886
1116 -1.260062170803051
1116.25 -1.256626867309754
1116.5 -1.25319309122861
1116.75 -1.249760832139467
1117 -1.246330106362084
1117.25 -1.242900930415979
1117.5 -1.239473320820668
1117.75 -1.236047294095666
1118 -1.232622866760491
1118.25 -1.22920005533466
1118.5 -1.225778972565666
1118.75 -1.222359569856543
1119 -1.218941861164784
1119.25 -1.215525865199089
1119.5 -1.212111600668153
1119.75 -1.208699086280676
1120 -1.205288340745353
1120.25 -1.201879382770884
1120.5 -1.198472231065965
1120.75 -1.195066904339294
1121 -1.191663421299568
1121.25 -1.188261926131511
1121.5 -1.184862369469293
1121.75 -1.181464754167096
1122 -1.178069102142693
1122.25 -1.174675435313855
1122.5 -1.171283775598353
1122.75 -1.167894144913961
1123 -1.164506565178449
1123.25 -1.161121058309589
1123.5 -1.157737646225153
1123.75 -1.154356350842913
1124 -1.150977333568475
1124.25 -1.147600563994965
1124.5 -1.144226029065453
1124.75 -1.140853754758351
1125 -1.137483767052074
1125.25 -1.134116091925037
1125.5 -1.130750755355652
1125.75 -1.127387783322334
1126 -1.124027201803498
1126.25 -1.120669036777556
1126.5 -1.117313314222923
1126.75 -1.113960176389438
1127 -1.110609641376729
1127.25 -1.107261691766028
1127.5 -1.103916359850716
1127.75 -1.100573677924175
1128 -1.097233678279786
1128.25 -1.093896393210931
1128.5 -1.090561855010992
1128.75 -1.087230102003934
1129 -1.083901361895404
1129.25 -1.080575533232773
1129.5 -1.077252655314925
1129.75 -1.073932767440744
1130 -1.070615908909113
1130.25 -1.067302119018915
1130.5 -1.063991437069034
1130.75 -1.060683902358353
1131 -1.057379608188096
1131.25 -1.054078651487186
1131.5 -1.050781010157926
1131.75 -1.047486728505518
1132 -1.044195850835165
1132.25 -1.040908421452069
1132.5 -1.037624484661435
1132.75 -1.034344084768464
1133 -1.03106726607836
1133.25 -1.027794255334952
1133.5 -1.024524863114575
1133.75 -1.021259244458212
1134 -1.017997444865061
1134.25 -1.014739510358771
1134.5 -1.011485487487437
1134.75 -1.008235423323603
1135 -1.004989365464265
1135.25 -1.001747396977676
1135.5 -0.9985099944684952
1135.75 -0.9952771556100563
1136 -0.9920485234061469
1136.25 -0.9888241879943311
1136.5 -0.985604148832069
1136.75 -0.9823885648199779
1137 -0.9791775221824611
1137.25 -0.9759712494644536
1137.5 -0.9727696462790193
1137.75 -0.9695727849928779
1138 -0.9663809785816595
1138.25 -0.9631940459529362
1138.5 -0.960011733491081
1138.75 -0.9568353188768596
1139 -0.9536638723328834
1139.25 -0.9504975084656512
1139.5 -0.9473366337507401
1139.75 -0.9441812031196999
1140 -0.9410313401771713
1140.25 -0.9378871685277951
1140.5 -0.9347487414114996
1140.75 -0.9316161834853398
1141 -0.9284896204577269
1141.25 -0.9253691649542386
1141.5 -0.9222548952527561
1141.75 -0.919146882497302
1142 -0.9160452567746098
1142.25 -0.9129501206375316
1142.5 -0.9098615798746889
1142.75 -0.9067797630277856
1143 -0.9037047625901005
1143.25 -0.9006366846195485
1143.5 -0.8975756351740459
1143.75 -0.8945218903369766
1144 -0.8914754952620226
1144.25 -0.8884365328316151
1144.5 -0.8854051181035468
1144.75 -0.8823813661356105
1145 -0.879365391985599
1145.25 -0.8763573107113052
1145.5 -0.873357255230515
1145.75 -0.8703655985576328
1146 -0.8673823168304599
1146.25 -0.8644075450362889
1146.5 -0.8614414181624133
1146.75 -0.858484071196126
1147 -0.8555357309216687
1147.25 -0.8525967751390107
1147.5 -0.8496671917914292
1147.75 -0.8467471423638654
1148 -0.8438367883412602
1148.25 -0.840936291208555
1148.5 -0.8380459455080002
1148.75 -0.8351660160928224
1149 -0.8322965819633972
1149.25 -0.8294378257268883
1149.5 -0.8265899299904594
1149.75 -0.8237530773612743
1150 -0.8209276930451747
1150.25 -0.8181137497765205
1150.5 -0.8153115502093262
1150.75 -0.8125212834559473
1151 -0.8097431415760384
1151.25 -0.8069773195765524
1151.5 -0.8042242332860022
1151.75 -0.8014840113587274
1152 -0.7987568728108994
1152.25 -0.7960430574349716
1152.5 -0.7933428106848449
1152.75 -0.7906563836758683
1153 -0.7879841162617622
1153.25 -0.785326382610271
1153.5 -0.7826833928651177
1153.75 -0.7800554505606403
1154 -0.7774428674453018
1154.25 -0.7748459634816905
1154.5 -0.7722650668465207
1154.75 -0.7697004954823696
1155 -0.7671526004782336
1155.25 -0.7646217331991503
1155.5 -0.7621082519288069
1155.75 -0.7596125229390882
1156 -0.7571349204900751
1156.25 -0.7546757225329379
1156.5 -0.7522351884937909
1156.75 -0.7498137850528702
1157 -0.7474118822227486
1157.25 -0.745029854903863
1157.5 -0.7426680828845144
1157.75 -0.7403269508408676
1158 -0.7380066731063912
1158.25 -0.7357077091105845
1158.5 -0.7334304428113838
1158.75 -0.7311752527301544
1159 -0.7289425201660515
1159.25 -0.726732629196021
1159.5 -0.7245460644300266
1159.75 -0.7223833297431195
1160 -0.7202447571907443
1160.25 -0.7181307748497812
1160.5 -0.7160418163885508
1160.75 -0.7139783210668142
1161 -0.7119407337357728
1161.25 -0.7099309730415582
1161.5 -0.7079494259415841
1161.75 -0.7059959910032525
1162 -0.7040710561632481
1162.25 -0.7021750978785861
1162.5 -0.7003085648942049
1162.75 -0.6984717622350393
1163 -0.6966654922295865
1163.25 -0.6948898580454665
1163.5 -0.6931454716835616
1163.75 -0.6914328055627087
1164 -0.6897524296585619
1164.25 -0.6881048970971438
1164.5 -0.686490863819212
1164.75 -0.6849106165309472
1165 -0.6833647814366168
1165.25 -0.6818537927252651
1165.5 -0.6803780153817259
1165.75 -0.6789379627408823
1166 -0.6775338863733567
1166.25 -0.6761662677995069
1166.5 -0.6748355335480677
1166.75 -0.6735419139569404
1167 -0.6722857344804963
1167.25 -0.6710674091407373
1167.5 -0.6698871240511675
1167.75 -0.668744937589835
1168 -0.6676412546238741
1168.25 -0.6665761283409355
1168.5 -0.6655496604462404
1168.75 -0.6645619102783025
1169 -0.6636130859556965
1169.25 -0.6627027566516243
1169.5 -0.6618310298090887
1169.75 -0.6609977909388493
1170 -0.6602027817172682
1170.25 -0.6594455479917266
1170.5 -0.6587257362588684
1170.75 -0.6580428449525979
1171 -0.6573963861647774
1171.25 -0.6567857604567543
1171.5 -0.6562102499944137
1171.75 -0.6556690963924644
1172 -0.6551616195223651
1172.25 -0.6546869022952672
1172.5 -0.6542440198712274
1172.75 -0.6538319984327072
1173 -0.6534498162042374
1173.25 -0.6530963573621431
1173.5 -0.6527704560957898
1173.75 -0.6524711055547922
1174 -0.6521970148944383
1174.25 -0.6519468442899949
1174.5 -0.6517192354668268
1174.75 -0.6515127733157804
1175 -0.6513262307886786
1175.25 -0.6511585472441119
1175.5 -0.651008180168661
1175.75 -0.6508737477456827
1176 -0.6507542647975307
1176.25 -0.6506485170236349
1176.5 -0.6505551792414352
1176.75 -0.6504730380280515
1177 -0.6504013845567005
1177.25 -0.6503389842401828
1177.5 -0.6502848235586829
1177.75 -0.6502380128906194
1178 -0.6501978982107818
1178.25 -0.6501635782663122
1178.5 -0.6501343158893865
1178.75 -0.6501095097515637
1179 -0.6500886071122781
1179.25 -0.6500710523123048
1179.5 -0.6500563826186398
1179.75 -0.650044131352447
1180 -0.6500339602772127
1180.25 -0.6500255751245084
1180.5 -0.6500187360361651
1180.75 -0.6500130926578426
1181 -0.6500084068815624
1181.25 -0.6500045992058084
1181.5 -0.6500015751334677
1181.75 -0.6499991664966491
1182 -0.6499970792084979
1182.25 -0.6499953927404308
1182.5 -0.6499940842699148
1182.75 -0.6499931379139698
1183 -0.6499922233229051
1183.25 -0.6499914814665118
1183.5 -0.6499909130539381
1183.75 -0.6499905385416845
1184 -0.6499901770689236
1184.25 -0.6499898562154859
1184.5 -0.6499896106478124
1184.75 -0.6499894533935887
1185 -0.6499893320617456
1185.25 -0.6499892005342834
1185.5 -0.6499890995925987
1185.75 -0.6499890344872664
1186 -0.6499889990320327
1186.25 -0.6499889495458352
1186.5 -0.6499889114351908
1186.75 -0.6499888861716321
1187 -0.6499888668609771
1187.25 -0.649988855841615
1187.5 -0.6499888446633719
1187.75 -0.6499888357356159
1188 -0.6499888314677152
1188.25 -0.6499888152558061
1188.5 -0.6499887930103522
1188.75 -0.6499887714132384
1189 -0.6499887516370509
1189.25 -0.6499887348543757
1189.5 -0.649988722237799
1189.75 -0.6499887149599071
1190 -0.6499887077005092
1190.25 -0.6499886932374606
1190.5 -0.6499886801511394
1190.75 -0.6499886687582118
1191 -0.6499886593753438
1191.25 -0.6499886523192012
1191.5 -0.6499886479064501
1191.75 -0.6499886462103063
1192 -0.6499886407508971
1192.25 -0.6499886361279678
1192.5 -0.6499886323295818
1192.75 -0.6499886293438029
1193 -0.6499886271586945
1193.25 -0.6499886257623206
1193.5 -0.6499886251427448
1193.75 -0.6499886213234727
1194 -0.6499886219950372
1194.25 -0.6499886225575313
1194.5 -0.6499886230109553
1194.75 -0.6499886233553089
1195 -0.6499886235905925
1195.25 -0.6499886237168059
1195.5 -0.6499886241315289
1195.75 -0.6499886252481391
1196 -0.6499886263283924
1196.25 -0.649988627372289
1196.5 -0.649988628379829
1196.75 -0.6499886293510121
1197 -0.6499886302858385
1197.25 -0.6499886311843082
1197.5 -0.6499886320464211
1197.75 -0.6499886328721772
1198 -0.6499886336615768
1198.25 -0.6499886344146194
1198.5 -0.6499886351313054
1198.75 -0.6499886358116347
1199 -0.6499886364556071
1199.25 -0.6499886370632229
1199.5 -0.6499886376344819
1199.75 -0.6499886381693841
1200 -0.6499886386679297
