0 -0
0.25 -0.1807795358556985
0.5 -0.3615590717113943
0.75 -0.5423386075670928
1 -0.7231181434227887
1.25 -0.9038976792784871
1.5 -1.084677215134183
1.75 -1.265456750989881
2 -1.446236286845577
2.25 -1.627015822701276
2.5 -1.807795358556974
2.75 -1.98857489441267
3 -2.169354430268369
3.25 -2.350133966124064
3.5 -2.530913501979763
3.75 -2.711693037835459
4 -2.892472573691157
4.25 -3.073252109546856
4.5 -3.254031645402552
4.75 -3.43481118125825
5 -3.615590717113946
5.25 -3.796370252969645
5.5 -3.97714978882534
5.75 -4.157929324681039
6 -4.338708860536737
6.25 -4.519488396392433
6.5 -4.700267932248129
6.75 -4.881047468090493
7 -5.061827003853779
7.25 -5.242606539617062
7.5 -5.423386075380347
7.75 -5.604165611143631
8 -5.784945146906914
8.25 -5.965724682670196
8.5 -6.146504218433482
8.75 -6.327283754196767
9 -6.50806328996005
9.25 -6.688842825723334
9.5 -6.869622361486621
9.75 -7.050401897249902
10 -7.231181433013184
10.25 -7.411960968776468
10.5 -7.592740504539755
10.75 -7.773520040303038
11 -7.954299576066322
11.25 -8.135079111829608
11.5 -8.31585864759289
11.75 -8.496638183356174
12 -8.677417719119457
12.25 -8.858197254882743
12.5 -9.038976790646025
12.75 -9.219756326409309
13 -9.400535862172594
13.25 -9.581315397935878
13.5 -9.762094933699162
13.75 -9.942874469462446
14 -10.12365400522573
14.25 -10.30443354098901
14.5 -10.48521307662655
14.75 -10.66599261218918
15 -10.84677214724268
15.25 -11.02755168186318
15.5 -11.20833120992152
15.75 -11.38911073797986
16 -11.56989026603821
16.25 -11.7506697693003
16.5 -11.93144924462728
16.75 -12.11222871995427
17 -12.29300819528126
17.25 -12.47378176753322
17.5 -12.65455462507347
17.75 -12.8353274826137
18 -13.01610034015395
18.25 -13.1968731976942
18.5 -13.37764605523444
18.75 -13.55841891277468
19 -13.73919177031493
19.25 -13.91996462785516
19.5 -14.10073085135743
19.75 -14.28148992542016
20 -14.46224089601574
20.25 -14.64295163946543
20.5 -14.82365655783927
20.75 -15.00430325220467
21 -15.18489218356443
21.25 -15.36539075479017
21.5 -15.54572907980636
21.75 -15.72592671368314
22 -15.90579818804802
22.25 -16.08520013580751
22.5 -16.26388026774567
22.75 -16.44149989172005
23 -16.61751835069792
23.25 -16.79115584914253
23.5 -16.96136925737918
23.75 -17.12652664394523
24 -17.28432341208
24.25 -17.431646243313
24.5 -17.56439711089821
24.75 -17.67738660860284
25 -17.76430556893221
25.25 -17.8180711710426
25.5 -17.83181504875551
25.75 -17.79999634802933
26 -17.71979959642109
26.25 -17.59185220167696
26.5 -17.42015807597513
26.75 -17.21153404537776
27 -16.97396624485184
27.25 -16.71550865087088
27.5 -16.44340090397
27.75 -16.16358170955173
28 -15.88062252812751
28.25 -15.597902235477
28.5 -15.31779265629514
28.75 -15.04189873199478
29 -14.77126865401725
29.25 -14.50655606846209
29.5 -14.24813590713298
29.75 -13.99618777694205
30 -13.7507581767241
30.25 -13.51180794959079
30.5 -13.27923315075665
30.75 -13.05288857761456
31 -12.83261392682933
31.25 -12.61823814716712
31.5 -12.40958495190379
31.75 -12.20647767076924
32 -12.00873321214064
32.25 -11.8161803056023
32.5 -11.62864368048233
32.75 -11.44596105506962
33 -11.26796860829322
33.25 -11.094511873533
33.5 -10.9254409928914
33.75 -10.76061295094605
34 -10.5998830543631
34.25 -10.44312081339187
34.5 -10.29020189198291
34.75 -10.14100679733611
35 -9.995408042481376
35.25 -9.853299498845884
35.5 -9.71457172730066
35.75 -9.579118463438455
36 -9.446842206230285
36.25 -9.317640012615129
36.5 -9.191418004043346
36.75 -9.06808577140991
37 -8.94755587424633
37.25 -8.829744176061901
37.5 -8.714569665046239
37.75 -8.60195449230592
38 -8.491824372832051
38.25 -8.384105289052927
38.5 -8.278725495194802
38.75 -8.175618159785419
39 -8.074722366414571
39.25 -7.975971172403239
39.5 -7.879302055024548
39.75 -7.784658100380754
40 -7.691986162306617
40.25 -7.60122918149558
40.5 -7.512334314144232
40.75 -7.425250947083392
41 -7.339930129854023
41.25 -7.256324101220211
41.5 -7.174386819594867
41.75 -7.09407412087454
42 -7.015343075582138
42.25 -6.938151915169065
42.5 -6.862460236787157
42.75 -6.788229903840049
43 -6.715422785725083
43.25 -6.644001878721661
43.5 -6.573931357131312
43.75 -6.505176309606925
44 -6.437702663639092
44.25 -6.371480433383302
44.5 -6.306480259880257
44.75 -6.242669309485854
45 -6.180017806014803
45.25 -6.118496699074569
45.5 -6.058077606066552
45.75 -5.998734202468784
46 -5.940445977781462
46.25 -5.883184048895186
46.5 -5.826923957884985
46.75 -5.771641917911753
47 -5.71731477502999
47.25 -5.663919969995569
47.5 -5.61143719441351
47.75 -5.559844593076984
48 -5.509121443366401
48.25 -5.459247633228069
48.5 -5.410203522232385
48.75 -5.361969907757711
49 -5.314530576117162
49.25 -5.267868368509046
49.5 -5.221964986344529
49.75 -5.176803699418683
50 -5.132368209891501
50.25 -5.088642629225563
50.5 -5.045611492362474
50.75 -5.003259751537742
51 -4.961572579841059
51.25 -4.92053552563501
51.5 -4.880134436074171
51.75 -4.840355434364645
52 -4.801185120925529
52.25 -4.762617482004701
52.5 -4.724635110654428
52.75 -4.68722571641027
53 -4.650377249702637
53.25 -4.614077882819538
53.5 -4.578315990869338
53.75 -4.543080132743418
54 -4.508359032078945
54.25 -4.47414155822162
54.5 -4.440420748358392
54.75 -4.40719027185171
55 -4.374436818146871
55.25 -4.342151133828803
55.5 -4.310324207954924
55.75 -4.278947263599878
56 -4.248011749400004
56.25 -4.217509331098077
56.5 -4.187431007459822
56.75 -4.157768512108342
57 -4.128514348390659
57.25 -4.099660731346223
57.5 -4.071200020845231
57.75 -4.043124711493303
58 -4.015427422536482
58.25 -3.988100887765908
58.5 -3.961140072090179
58.75 -3.934537801217158
59 -3.908286958028528
59.25 -3.882381078254702
59.5 -3.856813817961791
59.75 -3.831578946506372
60 -3.806670339490115
60.25 -3.782081971714633
60.5 -3.757809736433652
60.75 -3.73384716118845
61 -3.710188613666594
61.25 -3.686828706142275
61.5 -3.663762153813901
61.75 -3.640983769852702
62 -3.618488460451233
62.25 -3.596271312945659
62.5 -3.574329055772578
62.75 -3.552656062109949
63 -3.531247804249832
63.25 -3.510099855105993
63.5 -3.489207885084608
63.75 -3.468567658955016
64 -3.448175032720423
64.25 -3.428025838808661
64.5 -3.408115647996777
64.75 -3.388440796291468
65 -3.368997387432064
65.25 -3.349781589457959
65.5 -3.33078963094913
65.75 -3.312017797266782
66 -3.293462426793898
66.25 -3.275120866303522
66.5 -3.256990872663387
66.75 -3.239067782957456
67 -3.221348313145023
67.25 -3.203829232651207
67.5 -3.186507361389758
67.75 -3.169379566785752
68 -3.152442760798414
68.25 -3.135693896943937
68.5 -3.11912996731819
68.75 -3.102747999619497
69 -3.086545662618606
69.25 -3.07052171230313
69.5 -3.05467202705105
69.75 -3.038993932562098
70 -3.023484792917725
70.25 -3.00814200832529
70.5 -2.99296301286224
70.75 -2.977945272220311
71 -2.963086281449781
71.25 -2.948383562703596
71.5 -2.933834662981576
71.75 -2.919437578765475
72 -2.905192502280555
72.25 -2.891095277076158
72.5 -2.877143755200291
72.75 -2.86333582414677
73 -2.849669405496972
73.25 -2.836142453561533
73.5 -2.82275295402211
73.75 -2.809498922573175
74 -2.79637840356372
74.25 -2.783389468638981
74.5 -2.770530245693543
74.75 -2.75779971355325
75 -2.74519547255753
75.25 -2.732715752198941
75.5 -2.720358808477537
75.75 -2.70812292279005
76 -2.696006400818963
76.25 -2.684007571421694
76.5 -2.672124785519709
76.75 -2.660356414987709
77 -2.648700851542643
77.25 -2.637156505633033
77.5 -2.625723560653723
77.75 -2.614399528933147
78 -2.603182887613208
78.25 -2.592072253984542
78.5 -2.581066271686615
78.75 -2.570163610120621
79 -2.559362963862256
79.25 -2.548663052074559
79.5 -2.538062617920764
79.75 -2.527560427977071
80 -2.517155271645574
80.25 -2.506844327045106
80.5 -2.496627004104495
80.75 -2.486502323621612
81 -2.476469007622788
81.25 -2.46652578387183
81.5 -2.456671384717665
81.75 -2.446904545941903
82 -2.437224005606526
82.25 -2.427628502901489
82.5 -2.418116776992328
82.75 -2.40868756586787
83 -2.399343216767894
83.25 -2.390082032931052
83.5 -2.380901843927847
83.75 -2.371801766817226
84 -2.362780948540214
84.25 -2.353838566244711
84.5 -2.344973827610102
84.75 -2.336185971171987
85 -2.327474266646938
85.25 -2.318838015257121
85.5 -2.310276550055077
85.75 -2.301786882140616
86 -2.293367930519003
86.25 -2.285020185703995
86.5 -2.276742802028347
86.75 -2.268534938304023
87 -2.260395756979283
87.25 -2.252324423295811
87.5 -2.244320104445866
87.75 -2.236381968729483
88 -2.2285091847115
88.25 -2.220700920378784
88.5 -2.212956127878986
88.75 -2.205273826881318
89 -2.197653338340822
89.25 -2.190093784440851
89.5 -2.182594279268715
89.75 -2.175153927839059
90 -2.167771825117274
90.25 -2.160447055042881
90.5 -2.153178689553029
90.75 -2.145965787605776
91 -2.138807394203601
91.25 -2.131705302639657
91.5 -2.124662387250753
91.75 -2.117674200689813
92 -2.110740262885099
92.25 -2.103860124056455
92.5 -2.097033365656155
92.75 -2.090259601309897
93 -2.083538477757665
93.25 -2.076869675794776
93.5 -2.070252911212695
93.75 -2.063687935740016
94 -2.057174537983471
94.25 -2.050708367057138
94.5 -2.044290239343186
94.75 -2.037920909371158
95 -2.031599929322817
95.25 -2.02532685786582
95.5 -2.019101259744548
95.75 -2.012922705370872
96 -2.006790770415115
96.25 -2.00070503539667
96.5 -1.994665085275015
96.75 -1.988670509040436
97 -1.982720541369184
97.25 -1.97681179321967
97.5 -1.970945903338314
97.75 -1.965122247049539
98 -1.959340180885115
98.25 -1.953599041356027
98.5 -1.947898143724241
98.75 -1.942236780774619
99 -1.936614221586605
99.25 -1.931029710306159
99.5 -1.925482464917548
99.75 -1.919971676015107
100 -1.914497287937625
101 -1.651352785100476
102 -1.567739437189472
103 -1.517911648649769
104 -1.482664081872692
105 -1.455511097815012
106 -1.433511955767353
107 -1.415053266804726
108 -1.39918580071296
109 -1.385296427205455
110 -1.372952239534332
111 -1.361852281815257
112 -1.351779616970468
113 -1.342568489060159
114 -1.334087482131318
115 -1.326228295655829
116 -1.318910776692885
117 -1.31206613635616
118 -1.305640384921843
119 -1.299589247426032
120 -1.293871266219351
121 -1.288454198812208
122 -1.283308011855861
123 -1.27840543085686
124 -1.273727489521772
125 -1.269253610833513
126 -1.264967598914861
127 -1.260857265738409
128 -1.256906221337239
129 -1.253106512485335
130 -1.249445299681508
131 -1.245914014811728
132 -1.242504536893126
133 -1.239207942951556
134 -1.236018043518863
135 -1.232926402408103
136 -1.229928421892695
137 -1.227019328623939
138 -1.224194391240005
139 -1.221446774481429
140 -1.21877428831362
141 -1.216173922225809
142 -1.213641560644022
143 -1.211172373715115
144 -1.208764966992843
145 -1.206417109022374
146 -1.204124976246822
147 -1.201885766240712
148 -1.199697942244449
149 -1.197559608713869
150 -1.195467683756982
151 -1.193420580554509
152 -1.191416668433986
153 -1.189454244022771
154 -1.187530560026113
155 -1.185644883882257
156 -1.183795884154393
157 -1.181982366635792
158 -1.180203274349817
159 -1.178457333381471
160 -1.176741818487903
161 -1.175056874481217
162 -1.173401626778988
163 -1.171775303334166
164 -1.170177234635166
165 -1.168606298435315
166 -1.167060199918671
167 -1.165539327229439
168 -1.164043027512884
169 -1.162570713486974
170 -1.161121863442415
171 -1.159695489694323
172 -1.158290071678369
173 -1.156905751760332
174 -1.155541986345449
175 -1.154198270918934
176 -1.152874140045965
177 -1.151568835383257
178 -1.150281505994691
179 -1.149011997803816
180 -1.147759860086119
181 -1.146524668094364
182 -1.145306023058672
183 -1.144103160511059
184 -1.142915516880851
185 -1.141743027577183
186 -1.140585342275028
187 -1.139442133143763
188 -1.138313094847148
189 -1.137197944543345
190 -1.136096421884915
191 -1.135008289018798
192 -1.133933051733614
193 -1.132869583388065
194 -1.131818374425376
195 -1.1307791878529
196 -1.12975180347744
197 -1.128736017905322
198 -1.127731644542316
199 -1.126738513593686
200 -1.125756472064192
201 -1.124785383758057
202 -1.123823734106346
203 -1.122872201625167
204 -1.121930657284448
205 -1.120998932557414
206 -1.120076869637723
207 -1.119164321439454
208 -1.118261151597123
209 -1.117367234465664
210 -1.116482455120436
211 -1.115606033120416
212 -1.114737905536729
213 -1.113878183137951
214 -1.113026723752222
215 -1.112183391571291
216 -1.111348057150505
217 -1.110520597408813
218 -1.109700895628734
219 -1.108888841456424
220 -1.108084142680745
221 -1.107286482477286
222 -1.1064959633747
223 -1.105712466511321
224 -1.104935877242326
225 -1.104166085139726
226 -1.103402983992364
227 -1.102646471805928
228 -1.101896450802936
229 -1.101152769791126
230 -1.100414946014476
231 -1.099683221211501
232 -1.098957501218089
233 -1.098237695522669
234 -1.097523717266192
235 -1.096815483242145
236 -1.096112913896547
237 -1.095415933327956
238 -1.094724469287452
239 -1.09403845317866
240 -1.093357820057731
241 -1.092682508633351
242 -1.092012461266737
243 -1.091347623971646
244 -1.090687517879013
245 -1.09003203402609
246 -1.089381407238096
247 -1.08873557599426
248 -1.088094481500424
249 -1.087458067688987
250 -1.086826281218953
251 -1.086199071475916
252 -1.085576390572043
253 -1.084958193346096
254 -1.084344437363422
255 -1.083735082915963
256 -1.083130093022234
257 -1.082529433427355
258 -1.081933072603022
259 -1.08134012855665
260 -1.080751203523564
261 -1.080166261227448
262 -1.079585256936436
263 -1.079008147654845
264 -1.078434892123221
265 -1.077865450818309
266 -1.077299785953038
267 -1.076737861476591
268 -1.076179643074308
269 -1.075625098167773
270 -1.075074195914747
271 -1.074526907209214
272 -1.073983204681372
273 -1.073442822738506
274 -1.07290553471452
275 -1.072371600304596
276 -1.071840982210661
277 -1.071313644161085
278 -1.07078955091066
279 -1.070268668240609
280 -1.069750962958593
281 -1.06923640289872
282 -1.068724956921494
283 -1.068216594913894
284 -1.067711287789304
285 -1.067209007487541
286 -1.066709726974869
287 -1.066213420243975
288 -1.065719810107017
289 -1.065229009057475
290 -1.064741027449753
291 -1.064255834950089
292 -1.063773401902746
293 -1.063293699329977
294 -1.062816698932054
295 -1.062342373087265
296 -1.061870694851879
297 -1.061401637960202
298 -1.060935176824538
299 -1.060471286535198
300 -1.060009942860496
301 -1.05955112224675
302 -1.059094725864504
303 -1.058640575193119
304 -1.058188833248003
305 -1.057739475910591
306 -1.057292479649793
307 -1.056847821521969
308 -1.056405479170928
309 -1.055965430827943
310 -1.055527655311731
311 -1.055092132028482
312 -1.054658840971828
313 -1.054227762722856
314 -1.053798878450122
315 -1.053372169909622
316 -1.052947619444818
317 -1.052525209986631
318 -1.052104925053429
319 -1.051686748751031
320 -1.05127066577273
321 -1.050856661399251
322 -1.050444721498804
323 -1.050034832527021
324 -1.049626981527026
325 -1.049221004679765
326 -1.04881668127641
327 -1.048414281583449
328 -1.048013789589259
329 -1.047615189720583
330 -1.047218466842485
331 -1.046823606258395
332 -1.046430593710058
333 -1.046039415377563
334 -1.045650057879362
335 -1.045262508272207
336 -1.044876754051227
337 -1.044492783149872
338 -1.04411058393994
339 -1.043730145231561
340 -1.043351456273205
341 -1.042974506751704
342 -1.042599286792191
343 -1.042225786958179
344 -1.041853998251488
345 -1.041483912112309
346 -1.041115520419142
347 -1.040748815488847
348 -1.040383599242665
349 -1.040019693402139
350 -1.039657369005747
351 -1.039296614322302
352 -1.038937417899139
353 -1.038579768562121
354 -1.038223655415627
355 -1.037869067842556
356 -1.037515995504335
357 -1.037164428340898
358 -1.036814356570715
359 -1.036465770690771
360 -1.036118661476572
361 -1.035773019982152
362 -1.035428837540044
363 -1.035086105761323
364 -1.034744816535574
365 -1.034404962030917
366 -1.034066534693984
367 -1.033729527249915
368 -1.033393932702385
369 -1.0330597443336
370 -1.032726955704262
371 -1.032395403279085
372 -1.032064996220614
373 -1.031735910181722
374 -1.031408135673178
375 -1.031081663369739
376 -1.030756484110164
377 -1.03043258889716
378 -1.030109968897469
379 -1.029788615441771
380 -1.029468520024765
381 -1.029149674305105
382 -1.028832070105464
383 -1.02851569941248
384 -1.028200554376774
385 -1.027886627312956
386 -1.027573910699622
387 -1.027262397179358
388 -1.026952079558724
389 -1.026642950808279
390 -1.026335004062559
391 -1.026028232620079
392 -1.02572262994334
393 -1.025418189658849
394 -1.025114818424521
395 -1.024812487365526
396 -1.024511270581566
397 -1.024211160315494
398 -1.023912148918132
399 -1.023614228848272
400 -1.023317392672696
401 -1.023021633066118
402 -1.022726942811264
403 -1.022433314798801
404 -1.022140742027377
405 -1.021849217603612
406 -1.021558734742091
407 -1.02126928676537
408 -1.020980867103988
409 -1.020693469296439
410 -1.020407086989199
411 -1.020121713936697
412 -1.019837344001347
413 -1.019553971153541
414 -1.019271589471611
415 -1.018990193141905
416 -1.018709776458691
417 -1.018430237008045
418 -1.018151573432561
419 -1.017873854504476
420 -1.017597074138763
421 -1.017321226343989
422 -1.017046305222289
423 -1.016772304969373
424 -1.016499219874551
425 -1.016227044320697
426 -1.015955772784265
427 -1.0156853998353
428 -1.01541592013742
429 -1.015147328447816
430 -1.014879619617278
431 -1.01461278859016
432 -1.014346830404398
433 -1.014081740191509
434 -1.013817513176609
435 -1.013554144678353
436 -1.013291630109019
437 -1.013029964974443
438 -1.012769144874041
439 -1.012509165500811
440 -1.012250022641333
441 -1.011991712175768
442 -1.011734230077867
443 -1.011477572414929
444 -1.011221735347876
445 -1.010966715131171
446 -1.010712508112882
447 -1.010459110734651
448 -1.010206519531694
449 -1.009954731132814
450 -1.009703742260391
451 -1.009453549730392
452 -1.009204150452341
453 -1.008955444349318
454 -1.008707315847502
455 -1.008459941546159
456 -1.00821331739355
457 -1.007967439407728
458 -1.00772230367656
459 -1.007477906357701
460 -1.007234243678586
461 -1.006991311936485
462 -1.006749107498425
463 -1.006507626801265
464 -1.006266866351627
465 -1.006026822725963
466 -1.005787492570492
467 -1.005548872601259
468 -1.005310959604088
469 -1.005073750434603
470 -1.004837242018221
471 -1.004601431350162
472 -1.004366315495455
473 -1.004131891588897
474 -1.003898156835114
475 -1.003665108508506
476 -1.003432743953275
477 -1.003201060583426
478 -1.002970055882766
479 -1.002739727404877
480 -1.002510072773159
481 -1.002281089680809
482 -1.002052775890804
483 -1.001825129235933
484 -1.001598147618782
485 -1.001371829011724
486 -1.001146171456947
487 -1.000921173066404
488 -1.000696832021878
489 -1.000473141205791
490 -1.000250056378072
491 -1.00002760325751
492 -0.9998057768672841
493 -0.9995845720742251
494 -0.9993639835888858
495 -0.9991440059655301
496 -0.9989246336020829
497 -0.9987058607401893
498 -0.9984893544656912
499 -0.9983200162064911
500 -0.9982197628590183
500.25 -0.8174277003555673
500.5 -0.6366318170217249
500.75 -0.45583876935218
501 -0.275048428501585
501.25 -0.09426063962036914
501.5 0.08652477814532183
501.75 0.2673080316534956
502 0.4480893537664699
502.25 0.6288690033507239
502.5 0.8096398498812148
502.75 0.9903292680359083
503 1.170900694037482
503.25 1.350897351497329
503.5 1.52806559265985
503.75 1.695008900698666
504 1.835256748727316
504.25 1.930220043392478
504.5 1.980554459896265
504.75 2.004402799242804
505 2.016965269940073
505.25 2.025460045749028
505.5 2.03250683396356
505.75 2.039044851840162
506 2.045464548543395
506.25 2.051889725697223
506.5 2.05834458859637
506.75 2.064840153353924
507 2.071379470438981
507.25 2.077966228009989
507.5 2.084603972046578
507.75 2.091292009872609
508 2.098029303135283
508.25 2.104816280852492
508.5 2.111658749079273
508.75 2.118553224683641
509 2.125499707665626
509.25 2.132496391592829
509.5 2.139555928882865
509.75 2.146668382741962
510 2.153834400023829
510.25 2.161057603056971
510.5 2.168338169954589
510.75 2.175676037358855
511 2.183072050932457
511.25 2.190527056338166
511.5 2.198041899238687
511.75 2.20561742529674
512 2.213253898847521
512.25 2.220951542061972
512.5 2.228711781619283
512.75 2.23653539171234
513 2.244423146534097
513.25 2.252375820277448
513.5 2.260394187135348
513.75 2.268478932607494
514 2.276630027733675
514.25 2.284848771663383
514.5 2.293135895015852
514.75 2.301492128410286
515 2.309918202465857
515.25 2.31841484780181
515.5 2.326982795037305
515.75 2.335623875318481
516 2.344338472277201
516.25 2.353127161615325
516.5 2.361990739649822
516.75 2.370930002697747
517 2.37994574707606
517.25 2.389038769101773
517.5 2.398211861482713
517.75 2.407466653549239
518 2.416802249832301
518.25 2.426219535670682
518.5 2.435719396403155
518.75 2.445302717368459
519 2.45497038390542
519.25 2.464723281352751
519.5 2.474562295049277
519.75 2.484488310333721
520 2.49450221254489
520.25 2.504606330481094
520.5 2.514806600756869
520.75 2.525099367896154
521 2.535485673610029
521.25 2.545966559609624
521.5 2.556543067606047
521.75 2.567216239310427
522 2.577987116433853
522.25 2.588856740687467
522.5 2.599826153782371
522.75 2.610896397429657
523 2.622068513340488
523.25 2.633352081626448
523.5 2.644742540695585
523.75 2.656240539963904
524 2.66784731361118
524.25 2.679564095817145
524.5 2.691392120761627
524.75 2.703332622624357
525 2.715386835585103
525.25 2.727555993823664
525.5 2.739841331519784
525.75 2.752244082853262
526 2.764771018593992
526.25 2.777423259676125
526.5 2.790199755950737
526.75 2.803102043067063
527 2.81613165667433
527.25 2.829290132421756
527.5 2.842579005958533
527.75 2.855999812933923
528 2.869554088997135
528.25 2.883252090929959
528.5 2.897090930941092
528.75 2.911071429775055
529 2.925195459684978
529.25 2.939464892923987
529.5 2.953881601745203
529.75 2.968447458401736
530 2.983164335146729
530.25 2.998034777888327
530.5 3.013066831345467
530.75 3.02825790357118
531 3.043610108014258
531.25 3.059125558123527
531.5 3.074806367347787
531.75 3.090654649135873
532 3.106672516936603
532.25 3.122862084198786
532.5 3.139232661486448
532.75 3.155777142841452
533 3.172502540966857
533.25 3.189411014789512
533.5 3.206504747971949
533.75 3.2237859489124
534 3.241256850744901
534.25 3.25891971133916
534.5 3.276776813300632
534.75 3.294834880240538
535 3.313097578854619
535.25 3.331565043816536
535.5 3.350240207099611
535.75 3.369126059704895
536 3.388225651661099
536.25 3.407542092024743
536.5 3.427078548880016
536.75 3.446838249338853
537 3.466826773229951
537.25 3.487054420672752
537.5 3.507519586710938
537.75 3.528226415293605
538 3.549179152672051
538.25 3.570382147399663
538.5 3.591839850332102
538.75 3.613556814627209
539 3.635537695744937
539.25 3.657787251447498
539.5 3.680311759798069
539.75 3.703115444037732
540 3.726203376323492
540.25 3.749580827390447
540.5 3.773253176599122
540.75 3.797225911935569
541 3.821504630011377
541.25 3.846095036063633
541.5 3.87100294395488
541.75 3.896230834306226
542 3.921774793593065
542.25 3.947632252832009
542.5 3.973802983271955
542.75 4.0002982202238
543 4.02712709295628
543.25 4.05430137258113
543.5 4.081828873661578
543.75 4.109711396298258
544 4.13796090170112
544.25 4.1665859535838
544.5 4.195588357215122
544.75 4.224977290337701
545 4.254759991628544
545.25 4.284942026550674
545.5 4.315530489943455
545.75 4.346532181996674
546 4.377955573549178
546.25 4.409807498632842
546.5 4.442094960379803
546.75 4.474830353026334
547 4.50801947159515
547.25 4.541669167318044
547.5 4.57578707396959
547.75 4.610380825324375
548 4.645460095914321
548.25 4.681041798542814
548.5 4.717128405261406
548.75 4.753728450340629
549 4.790850468050992
549.25 4.828502992662997
549.5 4.86670193774645
549.75 4.905459369534285
550 4.944780564767386
550.25 4.984675120295767
550.5 5.025152632969383
550.75 5.066222699638204
551 5.107911803058117
551.25 5.15022252441666
551.5 5.19316485643251
551.75 5.236749752574836
552 5.280988166312803
552.25 5.325895914016702
552.5 5.371496369630467
552.75 5.417793150497742
553 5.464798645089433
553.25 5.512525241876418
553.5 5.560985329329593
553.75 5.61020396038324
554 5.660195507524317
554.25 5.710968879225672
554.5 5.762537994658122
554.75 5.814916772992478
555 5.868119486523611
555.25 5.92217825366949
555.5 5.977099294891111
555.75 6.032898431902682
556 6.089591486418411
556.25 6.147199295768037
556.5 6.205748460340109
556.75 6.265249764672881
557 6.325720815827625
557.25 6.38717922086561
557.5 6.449651711028677
557.75 6.513158316296053
558 6.577714829251371
558.25 6.643340390707849
558.5 6.710054141478704
558.75 6.777891583286253
559 6.846859726375996
559.25 6.916984286585793
559.5 6.988285174461543
559.75 7.060786555050152
560 7.134518453910655
560.25 7.20949639143658
560.5 7.285743174275386
560.75 7.363282051806748
561 7.442136716142582
561.25 7.522331302127026
561.5 7.603891651512121
561.75 7.6868482031931
562 7.771223531999357
562.25 7.857044326864806
562.5 7.944337782846415
562.75 8.033131601124195
563 8.123453989001156
563.25 8.215332399819998
563.5 8.308783484341641
563.75 8.403841651229495
564 8.500534788095482
564.25 8.59889105605281
564.5 8.698938889715915
564.75 8.800688383653062
565 8.90410730120743
565.25 9.009250753617954
565.5 9.116154117192023
565.75 9.22483782837376
566 9.33532926565254
566.25 9.447644745990894
566.5 9.56180613501394
566.75 9.677828236487162
567 9.795727862356108
567.25 9.915518905442225
567.5 10.03720848002086
567.75 10.1608111583708
568 10.28634131207476
568.25 10.41379656712339
568.5 10.54318318598169
568.75 10.67451349876342
569 10.80777869126533
569.25 10.94297115260132
569.5 11.08009993561437
569.75 11.21915014953225
570 11.36009576443606
570.25 11.50294128831654
570.5 11.64766956214853
570.75 11.79423975098255
571 11.94264404274925
571.25 12.09284052914877
571.5 12.2447973575905
571.75 12.39848774853038
572 12.5538533642888
572.25 12.71086659002481
572.5 12.86947363330696
572.75 13.02962580824564
573 13.19127756701214
573.25 13.3543568252777
573.5 13.51882055868449
573.75 13.68461059057323
574 13.85166412208169
574.25 14.01992338021484
574.5 14.18931899900371
574.75 14.35977713656173
575 14.53122163711953
575.25 14.70359377456071
575.5 14.87683566987575
575.75 15.0508713149481
576 15.22564301974372
576.25 15.40110064613476
576.5 15.57718084565146
576.75 15.75382959843333
577 15.93099728837469
577.25 16.10863257411201
577.5 16.28668791629671
577.75 16.46511856709246
578 16.64388122884016
578.25 16.82293607956214
578.5 17.00224969779502
578.75 17.18178667682618
579 17.36151658267067
579.25 17.54141683421343
579.5 17.72146104975801
579.75 17.90162820181976
580 18.08189990295943
580.25 18.26225846028958
580.5 18.44269199411813
580.75 18.62319041905522
581 18.80374475667556
581.25 18.98433654051452
581.5 19.16496563432087
581.75 19.34562840275533
582 19.52632118857914
582.25 19.70702660628791
582.5 19.88774945580497
582.75 20.06848855621523
583 20.24924242581702
583.25 20.42999885501294
583.5 20.61076217196965
583.75 20.79153187061397
584 20.97230720944102
584.25 21.15308104274559
584.5 21.33385591855798
584.75 21.51463146733283
585 21.69540750429421
585.25 21.87618283156686
585.5 22.05695835782578
585.75 22.23773465566732
586 22.4185109842706
586.25 22.59928782979306
586.5 22.78006455738823
586.75 22.96084190988242
587 23.14162002356741
587.25 23.32239548524221
587.5 23.50317117742543
587.75 23.68394744037318
588 23.8647246143415
588.25 24.04550303958643
588.5 24.22628062898531
588.75 24.40705803561626
589 24.58783584352075
589.25 24.76861413133226
589.5 24.94939297768427
589.75 25.13017204975066
590 25.31095088662285
590.25 25.49172990163775
590.5 25.67250908260966
590.75 25.85328841735286
591 26.03406788821331
591.25 26.21484736744586
591.5 26.39562690031523
591.75 26.57640646473477
592 26.75718603861778
592.25 26.9379655998776
592.5 27.1187456330768
592.75 27.29952594438091
593 27.48030631274732
593.25 27.66108672346585
593.5 27.84186716182629
593.75 28.02264761311846
594 28.20342806263217
594.25 28.38420849565723
594.5 28.56498889748342
594.75 28.74576925340059
595 28.92654954869851
595.25 29.10732976866703
595.5 29.28810989859593
595.75 29.46888992377501
596 29.6496698294941
596.25 29.830449601043
596.5 30.01122922371151
596.75 30.19200959020798
597 30.37278998377216
597.25 30.55357035937428
597.5 30.73435071166908
597.75 30.91513103531125
598 31.09591132495552
598.25 31.27669157525659
598.5 31.45747178086918
598.75 31.638251936448
599 31.81903203664777
599.25 31.99981207612318
599.5 32.18059204952898
599.75 32.36137195151986
600 32.54215177675054
600.25 32.36137244816432
600.5 32.18059303212734
600.75 31.99981361864426
601 31.81903449973055
601.25 31.63825536024953
601.5 31.45747619947426
601.75 31.27669701667777
602 31.09591781113309
602.25 30.91513858211324
602.5 30.73435932889128
602.75 30.55358005074024
603 30.37280074693314
603.25 30.19202141674302
603.5 30.01124205944292
603.75 29.83046267430587
604 29.6496832606049
604.25 29.46890381761304
604.5 29.28812434460334
604.75 29.10734484084882
605 28.9265657278665
605.25 28.74578623354257
605.5 28.56500673657256
605.75 28.3842272369565
606 28.20344773469438
606.25 28.02266822978619
606.5 27.84188872223195
606.75 27.66110921203163
607 27.48032969918527
607.25 27.29955018369284
607.5 27.11877066555434
607.75 26.93799114476979
608 26.75721162133918
608.25 26.57643209526251
608.5 26.39565256653977
608.75 26.21487303517098
609 26.03409350115611
609.25 25.85331396511239
609.5 25.67253442880529
609.75 25.49175489200954
610 25.31097535419601
610.25 25.13019581638249
610.5 24.94941627535248
610.75 24.76863673337193
611 24.58785713050381
611.25 24.40707737635461
611.5 24.22629762220541
611.75 24.04551786805621
612 23.86473811390701
612.25 23.68395835975781
612.5 23.50317860560862
612.75 23.32239885145942
613 23.14161909731022
613.25 22.96083721899119
613.5 22.78005345247124
613.75 22.59926968595129
614 22.41848591943133
614.25 22.23770215291138
614.5 22.05691838639144
614.75 21.87613461987149
615 21.69535085335153
615.25 21.51456708683158
615.5 21.33377918379944
615.75 21.15299005794481
616 20.9722006328676
616.25 20.79140039525712
616.5 20.61060015764664
616.75 20.42979261902373
617 20.24896649348169
617.25 20.06814036793966
617.5 19.88730688739778
617.75 19.706441690023
618 19.5255764926482
618.25 19.34467594689693
618.5 19.16376080684149
618.75 18.98276210094759
619 18.80180051422663
619.25 18.62078611953011
619.5 18.43971796341505
619.75 18.25858617394754
620 18.07736761685068
620.25 17.89607298055186
620.5 17.71464625539213
620.75 17.53311064059087
621 17.35142879348449
621.25 17.16958520416967
621.5 16.98753803636236
621.75 16.80528410677541
622 16.62276196096993
622.25 16.43997202881527
622.5 16.25687226984642
622.75 16.07343230856195
623 15.88960772578551
623.25 15.70535417979546
623.5 15.5206277038431
623.75 15.33539204443457
624 15.1496027611647
624.25 14.96322632994537
624.5 14.77622516070057
624.75 14.5885649868794
625 14.40023027855147
625.25 14.21118717310001
625.5 14.02141319391917
625.75 13.83092134227485
626 13.63969808593569
626.25 13.44774592695878
626.5 13.25509844755538
626.75 13.0617802122202
627 12.86782305623012
627.25 12.67327980001925
627.5 12.47821179233686
627.75 12.28268321362681
628 12.08676753576394
628.25 11.89054381065958
628.5 11.69410623000612
628.75 11.49754938746755
629 11.30094999529285
629.25 11.10441854200875
629.5 10.90804989590479
629.75 10.7119128624413
630 10.51611324148778
630.25 10.3207299757416
630.5 10.12581817373167
630.75 9.931460937861345
631 9.73771182170537
631.25 9.54460772065004
631.5 9.352198536770304
631.75 9.160510045260789
632 8.969557303819178
632.25 8.779354889586235
632.5 8.589904041212456
632.75 8.401197049680993
633 8.213217618102222
633.25 8.025949110444909
633.5 7.839363132247797
633.75 7.653421183670242
634 7.468096639777209
634.25 7.283345253458784
634.5 7.099116696898922
634.75 6.91538177635132
635 6.732087194778127
635.25 6.549181345331377
635.5 6.366636487072793
635.75 6.184399576451129
636 6.002424872850003
636.25 5.820690051475814
636.5 5.639148823129433
636.75 5.457767392134095
637 5.276523285370289
637.25 5.095387395948819
637.5 4.914338561853647
637.75 4.733353465703075
638 4.552420110765553
638.25 4.371531530528407
638.5 4.190672664149711
638.75 4.009832577821211
639 3.829013563408266
639.25 3.648212158432519
639.5 3.467416382472146
639.75 3.286628830695264
640 3.105847729416968
640.25 2.925070569040304
640.5 2.744295211710954
640.75 2.563518510666434
641 2.382742885181389
641.25 2.201967443070092
641.5 2.021189705889341
641.75 1.840411295781645
642 1.659634180852346
642.25 1.478856258231126
642.5 1.298076866090621
642.75 1.117297990436351
643 0.9365191116478538
643.25 0.7557398113758921
643.5 0.5749600374634709
643.75 0.3941804781017584
644 0.2134008337848791
644.25 0.03262114257142713
644.5 -0.1481585649155485
644.75 -0.3289382635803045
645 -0.509717922331293
645.25 -0.6904975162798577
645.5 -0.8712770651959642
645.75 -1.05205662849638
646 -1.232836159086799
646.25 -1.413615674321784
646.5 -1.594395101856492
646.75 -1.775174529391205
647 -1.955952505028385
647.25 -2.136730309350071
647.5 -2.317500869459432
647.75 -2.498267985023992
648 -2.678985761704791
648.25 -2.859693926281711
648.5 -3.040300666244609
648.75 -3.220724974810194
649 -3.400810642265421
649.25 -3.580234980128715
649.5 -3.758244034883276
649.75 -3.933587811323526
650 -4.104042193983926
650.25 -4.266004812628218
650.5 -4.413958810396768
650.75 -4.541197801527999
651 -4.641054702299716
651.25 -4.709617109248411
651.5 -4.747554134559375
651.75 -4.759985904526613
652 -4.753851021021764
652.25 -4.735275826058723
652.5 -4.709046151548956
652.75 -4.678417886644256
653 -4.645436923194056
653.25 -4.611310822983394
653.5 -4.576754827424339
653.75 -4.542195715551221
654 -4.507864945450343
654.25 -4.47386855977368
654.5 -4.440266340451006
654.75 -4.40708874060486
655 -4.374365343551363
655.25 -4.342105415926929
655.5 -4.310299226342834
655.75 -4.278938304849512
656 -4.248009599484787
656.25 -4.217506549773179
656.5 -4.187421690986654
656.75 -4.157756726448533
657 -4.128499918425812
657.25 -4.09964993011521
657.5 -4.071193877269517
657.75 -4.043123318782459
658 -4.015429687157032
658.25 -3.988104058955894
658.5 -3.961141566008176
658.75 -3.934535601769646
659 -3.908281683514911
659.25 -3.88236919019123
659.5 -3.856795723203377
659.75 -3.83155956456897
660 -3.80665062118522
660.25 -3.782061366869089
660.5 -3.757789625751598
660.75 -3.733829144750529
661 -3.710172039691545
661.25 -3.68681369914753
661.5 -3.663748531737609
661.75 -3.640972084033805
662 -3.618478626509276
662.25 -3.59626300532925
662.5 -3.574321280626416
662.75 -3.55264854387955
663 -3.531240420924871
663.25 -3.510091864758742
663.5 -3.489198916679944
663.75 -3.468557686977965
664 -3.448164309972215
664.25 -3.428015077159412
664.5 -3.408105993717423
664.75 -3.388430824124206
665 -3.368987394896196
665.25 -3.349772062394555
665.5 -3.330781284614501
665.75 -3.312011621185388
666 -3.293458885286859
666.25 -3.275119043154467
666.5 -3.256989249124098
666.75 -3.239066141485938
667 -3.22134642892417
667.25 -3.203826890516964
667.5 -3.186504545097898
667.75 -3.169376288881271
668 -3.15243912420134
668.25 -3.135690148202965
668.5 -3.119126531791492
668.75 -3.102745394068564
669 -3.086543411173448
669.25 -3.070518215576668
669.5 -3.054667139917826
669.75 -3.038987577505925
670 -3.023476982319474
670.25 -3.008132633463554
670.5 -2.992952007914369
670.75 -2.97793287436794
671 -2.963072897610603
671.25 -2.948369801083598
671.5 -2.93382136688313
671.75 -2.919425435760404
672 -2.905179907121515
672.25 -2.891082739027605
672.5 -2.877131148797782
672.75 -2.863321953653365
673 -2.849654302246179
673.25 -2.836126219230584
673.5 -2.822735777169293
673.75 -2.809481096533413
674 -2.796360345702381
674.25 -2.783371740963974
674.5 -2.770513546514386
674.75 -2.757783727886747
675 -2.745178843525534
675.25 -2.732698507071853
675.5 -2.720341019888115
675.75 -2.708104721247483
676 -2.69598798833382
676.25 -2.683989236241681
676.5 -2.672106917976383
676.75 -2.660339524453934
677 -2.64868558450104
677.25 -2.63714262055591
677.5 -2.625709858016886
677.75 -2.614385881050357
678 -2.603169296714563
678.25 -2.592058745465156
678.5 -2.581052901155093
678.75 -2.570150471034787
679 -2.559350195751955
679.25 -2.548650849351727
679.5 -2.53804955293476
679.75 -2.527545669047234
680 -2.517138272402505
680.25 -2.506826121388771
680.5 -2.496607998510353
680.75 -2.486482710387741
681 -2.476449087757515
681.25 -2.466505985472386
681.5 -2.456652282501235
681.75 -2.446886797807106
682 -2.437208453227911
682.25 -2.427616237341194
682.5 -2.418109118495112
682.75 -2.408686088768637
683 -2.399346163971418
683.25 -2.390088383643868
683.5 -2.380911811057172
683.75 -2.371815533213228
684 -2.362798660844661
684.25 -2.353860328414889
684.5 -2.34499703648354
684.75 -2.336208820559616
685 -2.327495378503388
685.25 -2.318855763847962
685.5 -2.310289044372303
685.75 -2.301794302101075
686 -2.29337063330479
686.25 -2.285017148499738
686.5 -2.276732972447952
686.75 -2.268517244157294
687 -2.26036911688139
687.25 -2.252291482288452
687.5 -2.244281370685423
687.75 -2.236337928614502
688 -2.228460568108752
688.25 -2.220648726240706
688.5 -2.21290186512233
688.75 -2.205219471904998
689 -2.197601058779543
689.25 -2.19004616297619
689.5 -2.182554346764631
689.75 -2.175124456968531
690 -2.167747195141822
690.25 -2.160428449282642
690.5 -2.153167400475682
690.75 -2.145963227881233
691 -2.138815108735295
691.25 -2.131722218349561
691.5 -2.124683730111334
691.75 -2.117698815483658
692 -2.110766644005214
692.25 -2.103886383290348
692.5 -2.097058728315474
692.75 -2.090287519998959
693 -2.083568181262162
693.25 -2.076900216910783
693.5 -2.070283148979064
693.75 -2.063716516729855
694 -2.057199876654649
694.25 -2.050732802473486
694.5 -2.044314885135011
694.75 -2.037945732816504
695 -2.031624970923807
695.25 -2.025351097865136
695.5 -2.019122476721597
695.75 -2.012940109919609
696 -2.006803537764118
696.25 -2.000712309308856
696.5 -1.994665982356431
696.75 -1.988664123458343
697 -1.982706307914877
697.25 -1.976792119775194
697.5 -1.970921151837322
697.75 -1.965093005648108
698 -1.959307399471509
698.25 -1.953564144867646
698.5 -1.947862966800925
698.75 -1.942202363320094
699 -1.936581370581318
699.25 -1.930999160529327
699.5 -1.925456607578046
699.75 -1.919952884321796
700 -1.914525535012598
701 -1.651506997545988
702 -1.567828727920586
703 -1.517973429477185
704 -1.482709547943493
705 -1.455546319254481
706 -1.433541439987277
707 -1.415078498003564
708 -1.399207637269914
709 -1.385314221412855
710 -1.37296862566001
711 -1.361867420545496
712 -1.351793099754182
713 -1.342580375017977
714 -1.334098148276507
715 -1.326239560742125
716 -1.318922328443159
717 -1.312076000930394
718 -1.30565058607659
719 -1.299597648430063
720 -1.293878837986863
721 -1.288461182102511
722 -1.283314354805115
723 -1.278412603655797
724 -1.273733842558485
725 -1.269261257651506
726 -1.26497467583682
727 -1.260863389130405
728 -1.256912957070224
729 -1.253111478551428
730 -1.249450806549309
731 -1.245918640928676
732 -1.242508506823419
733 -1.239211842430215
734 -1.236021354240575
735 -1.232930815932763
736 -1.229932912341803
737 -1.227023438658386
738 -1.224198090059483
739 -1.221451985031959
740 -1.218779333928979
741 -1.216178052998793
742 -1.21364539495208
743 -1.211177193192516
744 -1.208769253316082
745 -1.20642023565779
746 -1.204128064815797
747 -1.201889157604019
748 -1.19970081907731
749 -1.197561657565465
750 -1.195469888152562
751 -1.193422771059622
752 -1.191418572557595
753 -1.189455846528717
754 -1.18753309092033
755 -1.185647660789032
756 -1.183798719384064
757 -1.181985081902626
758 -1.180205602032434
759 -1.178459258858171
760 -1.176745156861491
761 -1.175060576937635
762 -1.173405266484638
763 -1.171778603763251
764 -1.170179832012932
765 -1.168608288164884
766 -1.167063402842084
767 -1.165542779262633
768 -1.164046225770324
769 -1.162573436448854
770 -1.161123831891386
771 -1.159696892601734
772 -1.15829215899432
773 -1.15690796311371
774 -1.155543943494716
775 -1.154199871074242
776 -1.152875251392915
777 -1.1515696256897
778 -1.150282570901921
779 -1.149013124875381
780 -1.147760849416911
781 -1.14652548397564
782 -1.145306613172947
783 -1.14410384535598
784 -1.142916812597674
785 -1.14174466967696
786 -1.140587083738074
787 -1.139443929582586
788 -1.138314882074634
789 -1.137199636623398
790 -1.13609790918309
791 -1.135009436252924
792 -1.133933974877174
793 -1.132871302645111
794 -1.131821028508107
795 -1.130781933699033
796 -1.129754564670135
797 -1.128738698503287
798 -1.12773412762366
799 -1.126740659799712
800 -1.125758118143189
801 -1.124786341109127
802 -1.123825182495829
803 -1.122874511444924
804 -1.121933299704456
805 -1.121001487559279
806 -1.120079263412956
807 -1.119166466659847
808 -1.118262946484403
809 -1.117368561861219
810 -1.11648318155499
811 -1.115606684120567
812 -1.114738957902898
813 -1.11387973337338
814 -1.113028161252578
815 -1.112184685176723
816 -1.111349169285582
817 -1.110521483529129
818 -1.109701503667524
819 -1.108889111271149
820 -1.108084193720581
821 -1.107286644206592
822 -1.106496361730179
823 -1.105712915298463
824 -1.104936251943796
825 -1.104166375195256
826 -1.103403175072918
827 -1.102646545446396
828 -1.101896384034796
829 -1.101152592406765
830 -1.100415075980467
831 -1.09968374402359
832 -1.098958415316709
833 -1.098238690541397
834 -1.097524781813069
835 -1.09681660139737
836 -1.09611406489432
837 -1.095417091238416
838 -1.094725602698532
839 -1.094039524877993
840 -1.093358786714544
841 -1.092683320480345
842 -1.092013061781985
843 -1.091347949560478
844 -1.090687926091259
845 -1.090032936984186
846 -1.089382931183546
847 -1.088737635485147
848 -1.088096610047446
849 -1.087460237036603
850 -1.08682845830392
851 -1.086201218189758
852 -1.085578463523539
853 -1.084960143623774
854 -1.084346210298018
855 -1.083736617842896
856 -1.083131323044104
857 -1.082530285176396
858 -1.081933466003601
859 -1.081340829778625
860 -1.080752343243399
861 -1.080167975628969
862 -1.079587380160286
863 -1.079010243496222
864 -1.078436934849102
865 -1.077867411465902
866 -1.077301632178398
867 -1.076739557403146
868 -1.076181149141473
869 -1.075626370979526
870 -1.075075188088238
871 -1.074527567223308
872 -1.073983476725249
873 -1.073442886519349
874 -1.072905768115702
875 -1.072372094609175
876 -1.071841840679441
877 -1.07131469770197
878 -1.070790536873235
879 -1.070269574676161
880 -1.069751776344286
881 -1.069237108047856
882 -1.068725536893845
883 -1.068217030925965
884 -1.067711559124637
885 -1.067209091407009
886 -1.066709598626976
887 -1.066213052575133
888 -1.065719425978813
889 -1.065228692502056
890 -1.064740826745661
891 -1.064255804247124
892 -1.063773433246173
893 -1.06329368876727
894 -1.062816643233046
895 -1.062342268150286
896 -1.06187053564443
897 -1.06140141845958
898 -1.060934889958494
899 -1.060470924122566
900 -1.060009495551855
901 -1.059550579465082
902 -1.059094151699596
903 -1.058640188711427
904 -1.058188667575234
905 -1.05773956598434
906 -1.05729286225072
907 -1.056848341142593
908 -1.056406051610114
909 -1.055966051820083
910 -1.055528319469426
911 -1.055092832791087
912 -1.054659570554058
913 -1.054228512063375
914 -1.053799637160098
915 -1.053372926221321
916 -1.052948360160191
917 -1.052525920425866
918 -1.052105589003568
919 -1.051687348414535
920 -1.051271181716053
921 -1.050857072501427
922 -1.050445004900028
923 -1.050034963577228
924 -1.049626933734467
925 -1.049220901109199
926 -1.048816851974922
927 -1.048414773141185
928 -1.048014651953534
929 -1.047616476293596
930 -1.047220137495249
931 -1.046825328044297
932 -1.046432356318424
933 -1.04604120731886
934 -1.045651866446801
935 -1.045264319503415
936 -1.044878552689821
937 -1.044494552607124
938 -1.04411230625637
939 -1.043731801038578
940 -1.043353024754731
941 -1.042975965605778
942 -1.042600612192631
943 -1.042226953516167
944 -1.041854978977221
945 -1.041484678376598
946 -1.041116041915062
947 -1.040749060193338
948 -1.040383724212137
949 -1.040020025372106
950 -1.039657955473867
951 -1.039297506718013
952 -1.038938671705094
953 -1.038581443435618
954 -1.038225443343955
955 -1.037870841680442
956 -1.037517745306243
957 -1.037166143359023
958 -1.036816025230551
959 -1.036467380566717
960 -1.036120199267492
961 -1.035774471487003
962 -1.035430187633435
963 -1.035087338369128
964 -1.034745914610503
965 -1.034405907528106
966 -1.034067308546571
967 -1.033730109344661
968 -1.033394301855244
969 -1.033059878265304
970 -1.032726831015917
971 -1.032395152802274
972 -1.032064836573691
973 -1.031735875533575
974 -1.031408263139459
975 -1.031081993102955
976 -1.030757059389818
977 -1.0304333621572
978 -1.030110704023333
979 -1.029789308068033
980 -1.029469165407937
981 -1.029150267309275
982 -1.02883260518784
983 -1.028516170609028
984 -1.028200955287798
985 -1.027886951088721
986 -1.027574150025904
987 -1.027262544263074
988 -1.026952126113522
989 -1.026642888040115
990 -1.026334822655327
991 -1.026027922721181
992 -1.025722181149302
993 -1.025417591000893
994 -1.025114145486737
995 -1.024811837967188
996 -1.0245106619522
997 -1.024210611101302
998 -1.023911679223589
999 -1.023613860277764
1000 -1.023317148372087
1001 -1.023021397108538
1002 -1.022726681785451
1003 -1.022433027585511
1004 -1.022140427298211
1005 -1.021848873811551
1006 -1.02155836011196
1007 -1.021268879284371
1008 -1.020980424512163
1009 -1.020692989077204
1010 -1.020406566359814
1011 -1.020121149838805
1012 -1.019836733091439
1013 -1.019553309793471
1014 -1.019270873719105
1015 -1.01898941874103
1016 -1.018708938830394
1017 -1.018429428056834
1018 -1.018150880588434
1019 -1.017873290691774
1020 -1.017596652731888
1021 -1.017320961172282
1022 -1.017046210574941
1023 -1.016772395600304
1024 -1.016499455378145
1025 -1.016227315201271
1026 -1.015956077724485
1027 -1.015685737248814
1028 -1.01541628816063
1029 -1.015147724931637
1030 -1.014880042118914
1031 -1.014613234364862
1032 -1.014347296397254
1033 -1.014082223029196
1034 -1.013818009159151
1035 -1.013554649770912
1036 -1.013292139933636
1037 -1.013030474801822
1038 -1.012769649615333
1039 -1.012509659699346
1040 -1.012250500464429
1041 -1.011992167406456
1042 -1.011734656106665
1043 -1.011477962231669
1044 -1.011222081533376
1045 -1.010967009849087
1046 -1.010712743101434
1047 -1.010459277298395
1048 -1.010206608533289
1049 -1.009954732984809
1050 -1.00970364691697
1051 -1.009453346679144
1052 -1.009203828706051
1053 -1.008955089517758
1054 -1.008707125719683
1055 -1.008459934002598
1056 -1.008213511142598
1057 -1.007967854001153
1058 -1.007722959525062
1059 -1.007478824746491
1060 -1.007235446782938
1061 -1.006992745404495
1062 -1.0067505753084
1063 -1.006509125035969
1064 -1.006268390801966
1065 -1.006028368884831
1066 -1.00578905562664
1067 -1.00555044743314
1068 -1.005312540773739
1069 -1.005075332181472
1070 -1.00483881825307
1071 -1.004602995648883
1072 -1.004367861092929
1073 -1.004133411372898
1074 -1.003899643340116
1075 -1.003666553909579
1076 -1.003434140059924
1077 -1.003202398833454
1078 -1.002971327336114
1079 -1.002740922737537
1080 -1.002511182270982
1081 -1.002282103233361
1082 -1.002053682985275
1083 -1.001825918950941
1084 -1.001598808618257
1085 -1.001372349538764
1086 -1.001146539327682
1087 -1.000921375663849
1088 -1.000696856289791
1089 -1.000472979011669
1090 -1.000249741699323
1091 -1.00002714228622
1092 -0.9998051787695148
1093 -0.9995838492099796
1094 -0.9993631517320748
1095 -0.9991430845239132
1096 -0.9989236458372349
1097 -0.9987048339874757
1098 -0.9984906477585128
1099 -0.9983106635857047
1100 -0.9981793595255306
1100.25 -0.8173738639416999
1100.5 -0.6365695697676774
1100.75 -0.4557682042669932
1101 -0.2749698454835036
1101.25 -0.09417456549410444
1101.5 0.08661756959126117
1101.75 0.2674064996294983
1102 0.4481921704445251
1102.25 0.6289745338271168
1102.5 0.8097402615908202
1102.75 0.9904385626261772
1103 1.17103742664499
1103.25 1.35102541314296
1103.5 1.528181827370107
1103.75 1.695109213200882
1104 1.835330381971836
1104.25 1.930289267843291
1104.5 1.98062607576667
1104.75 2.004373837857481
1105 2.016950314084824
1105.25 2.025446781903005
1105.5 2.032500663697008
1105.75 2.039044151096431
1106 2.045466867950352
1106.25 2.051890581459928
1106.5 2.05834468151453
1106.75 2.064839869028714
1107 2.071379240210879
1107.25 2.07796616992951
1107.5 2.084603462304721
1107.75 2.091291797348864
1108 2.098029604415287
1108.25 2.104816883503989
1108.5 2.111658568927337
1108.75 2.118553503213135
1109 2.125500633192394
1109.25 2.132499958865104
1109.5 2.139554603854406
1109.75 2.146668398174697
1110 2.153835643654641
1110.25 2.161057552299964
1110.5 2.168338743419568
1110.75 2.175677052172852
1111 2.183073308921904
1111.25 2.190528344028843
1111.5 2.198042987855745
1111.75 2.205618070764704
1112 2.213254423117833
1112.25 2.220952772030655
1112.5 2.228712744839416
1112.75 2.236535992936767
1113 2.244423293570887
1113.25 2.252375423989952
1113.5 2.260393161442169
1113.75 2.26847728317568
1114 2.276628566438707
1114.25 2.284847763701946
1114.5 2.293134981013202
1114.75 2.301491440908012
1115 2.309917893051525
1115.25 2.31841508710895
1115.5 2.326983772745429
1115.75 2.335624699626138
1116 2.344338617416252
1116.25 2.353126275780938
1116.5 2.361990405550277
1116.75 2.370930485029173
1117 2.379947331282531
1117.25 2.389041771376331
1117.5 2.398214632376582
1117.75 2.407466741349246
1118 2.416798925360281
1118.25 2.426212011475692
1118.5 2.435711644510708
1118.75 2.44529539140983
1119 2.454963950968964
1119.25 2.464718259857573
1119.5 2.474559254745198
1119.75 2.484487872301312
1120 2.494505049195429
1120.25 2.504611722097056
1120.5 2.514808827675672
1120.75 2.525097302600812
1121 2.535478083541946
1121.25 2.545958389250336
1121.5 2.556535748176641
1121.75 2.567210303218445
1122 2.577983151710692
1122.25 2.588855390988404
1122.5 2.599828118386551
1122.75 2.610902431240103
1123 2.622079426884084
1123.25 2.633360202653437
1123.5 2.644745855883167
1123.75 2.656237483908253
1124 2.667843167660567
1124.25 2.679561384789725
1124.5 2.691391481587564
1124.75 2.703334758689119
1125 2.715392516729454
1125.25 2.727566056343683
1125.5 2.739856678166827
1125.75 2.752265682833991
1126 2.764794370980211
1126.25 2.777444043240586
1126.5 2.790216000250169
1126.75 2.803117363888266
1127 2.816149040330743
1127.25 2.829310157489659
1127.5 2.842602332165186
1127.75 2.856027181157544
1128 2.869586321266906
1128.25 2.883281369293428
1128.5 2.897113942037348
1128.75 2.911085958226009
1129 2.925208818168473
1129.25 2.939477442538293
1129.5 2.953893798873073
1129.75 2.968459854710372
1130 2.983177577587801
1130.25 2.998048935042913
1130.5 3.01307589461331
1130.75 3.02826042383658
1131 3.043607193931047
1131.25 3.059121057739451
1131.5 3.074800908918592
1131.75 3.090648965652408
1132 3.10666744612482
1132.25 3.122858568519801
1132.5 3.139224551021237
1132.75 3.155767611813117
1133 3.172489969079328
1133.25 3.189402974974717
1133.5 3.206497145815497
1133.75 3.223780243882313
1134 3.241254547137701
1134.25 3.258922359801212
1134.5 3.276786012349456
1134.75 3.294847861516089
1135 3.313110290291839
1135.25 3.331577457571279
1135.5 3.350273225039486
1135.75 3.369197476209594
1136 3.38833233771206
1136.25 3.407682322373468
1136.5 3.427247403031
1136.75 3.447035535201712
1137 3.467051035795899
1137.25 3.487305347142469
1137.5 3.507793443269858
1137.75 3.528518947289699
1138 3.549497528637422
1138.25 3.570720120740932
1138.5 3.592174026082278
1138.75 3.613923213016565
1139 3.635921131316384
1139.25 3.658173518869813
1139.5 3.680700726279905
1139.75 3.703500497149955
1140 3.726579019868928
1140.25 3.749942482825816
1140.5 3.773593551530428
1140.75 3.797538467061884
1141 3.821783523136522
1141.25 3.846334358465626
1141.5 3.871194892108944
1141.75 3.896368685962592
1142 3.921862252947909
1142.25 3.947680727475186
1142.5 3.973829405956707
1142.75 4.000314723960416
1143 4.027141312254035
1143.25 4.054314480732351
1143.5 4.081839539290118
1143.75 4.109730310315848
1144 4.137989054473463
1144.25 4.166619921354068
1144.5 4.195628671440224
1144.75 4.225021065214457
1145 4.254802863159345
1145.25 4.284979825757379
1145.5 4.315558607669416
1145.75 4.346557884231681
1146 4.377976460759495
1146.25 4.40982109552559
1146.5 4.442098546802743
1146.75 4.474815572863684
1147 4.507983527886441
1147.25 4.541621326801325
1147.5 4.575728365976528
1147.75 4.610312730315829
1148 4.645382504723015
1148.25 4.680945774101875
1148.5 4.71701728500238
1148.75 4.753610297564098
1149 4.790728767019186
1149.25 4.828381835776459
1149.5 4.866578646244739
1149.75 4.905328340832835
1150 4.944652207893036
1150.25 4.984548882344057
1150.5 5.025033516859362
1150.75 5.066115579536651
1151 5.107804686033074
1151.25 5.150110599565187
1151.5 5.193054139000025
1151.75 5.236641745544733
1152 5.280884384461213
1152.25 5.32579406119656
1152.5 5.371383064643798
1152.75 5.41766396714202
1153 5.464653783804906
1153.25 5.512371247711763
1153.5 5.560826879916583
1153.75 5.610035877167117
1154 5.660013847459457
1154.25 5.710776810038007
1154.5 5.762341195395538
1154.75 5.814722921642619
1155 5.867939566398147
1155.25 5.922008721101316
1155.5 5.976948323580389
1155.75 6.032776711600636
1156 6.0895126228643
1156.25 6.147169973272472
1156.5 6.205761751250954
1156.75 6.265311321608728
1157 6.325837209392342
1157.25 6.3873581843641
1157.5 6.449893261002086
1157.75 6.513461698500101
1158 6.578074227675897
1158.25 6.643753850323151
1158.5 6.710519789676852
1158.75 6.778390996784677
1159 6.847386561767123
1159.25 6.917525713817511
1159.5 6.988832715414442
1159.75 7.061332793562254
1160 7.135042572946201
1160.25 7.209983485659965
1160.5 7.286177243738269
1160.75 7.363645839156825
1161 7.442411543832358
1161.25 7.522570416686901
1161.5 7.604141831127262
1161.75 7.6871207088298
1162 7.771526472229492
1162.25 7.857382975619494
1162.5 7.944712685860324
1162.75 8.033530874327974
1163 8.123877710394611
1163.25 8.21575835924949
1163.5 8.309203461323932
1163.75 8.404236668735704
1164 8.500886517881364
1164.25 8.599180701564
1164.5 8.699152060108375
1164.75 8.800814947743859
1165 8.90420071600836
1165.25 9.00933110300711
1165.5 9.116224382067932
1165.75 9.224906253811
1166 9.335389313369108
1166.25 9.447697668536691
1166.5 9.561852673897977
1166.75 9.677865861548534
1167 9.795753525684333
1167.25 9.915536394727633
1167.5 10.03722378663566
1167.75 10.16081862416331
1168 10.28634117738534
1168.25 10.41379410919422
1168.5 10.54318251156276
1168.75 10.67450935533252
1169 10.80778506016641
1169.25 10.94298805629337
1169.5 11.08012372295393
1169.75 11.21918632813069
1170 11.36016293859442
1170.25 11.50303081674373
1170.5 11.64777226408238
1170.75 11.79436216920618
1171 11.94277610451019
1171.25 12.09298405850358
1171.5 12.24495009210923
1171.75 12.39863623601516
1172 12.55400843891119
1172.25 12.71102078583432
1172.5 12.86962697375525
1172.75 13.02977824753281
1173 13.19142345096446
1173.25 13.35450671923092
1173.5 13.5189696848662
1173.75 13.68476193890688
1174 13.85181885393185
1174.25 14.02007335028659
1174.5 14.189457424604
1174.75 14.3599002280404
1175 14.53134032721145
1175.25 14.70372462005277
1175.5 14.8769758790997
1175.75 15.05102492233115
1176 15.22582242585086
1176.25 15.4013075944961
1176.5 15.57741408168734
1176.75 15.75408113620425
1177 15.93127326993071
1177.25 16.10892867203379
1177.5 16.28699659963842
1177.75 16.46543251295754
1178 16.64420366757016
1178.25 16.82326494135783
1178.5 17.00257942728209
1178.75 17.182117019238
1179 17.36185004372074
1179.25 17.54175068109999
1179.5 17.72179576418883
1179.75 17.90196192824833
1180 18.0822322391319
1180.25 18.26259196399871
1180.5 18.44302909411157
1180.75 18.62352608863286
1181 18.80407102645042
1181.25 18.98465992724197
1181.5 19.16528805991581
1181.75 19.34594700497961
1182 19.52662203868326
1182.25 19.70731713984208
1182.5 19.88803116582327
1182.75 20.06876332142972
1183 20.24949706737642
1183.25 20.4302394614558
1183.5 20.61099053917209
1183.75 20.79175132470027
1184 20.97251276306357
1184.25 21.1532762350736
1184.5 21.33404347634011
1184.75 21.51481513910708
1185 21.69558860036368
1185.25 21.87636155116649
1185.5 22.05713603327661
1185.75 22.23791230956926
1186 22.4186900703235
1186.25 22.59946712860363
1186.5 22.78024475641211
1186.75 22.96102302742267
1187 23.14180159647127
1187.25 23.32258058063168
1187.5 23.50335955683754
1187.75 23.68413864571628
1188 23.8649179678953
1188.25 24.04569669208567
1188.5 24.22647511420066
1188.75 24.40725356877542
1189 24.58803211451667
1189.25 24.76881081013108
1189.5 24.94958971432535
1189.75 25.13036888580617
1190 25.31114805821291
1190.25 25.49192686996173
1190.5 25.67270575063778
1190.75 25.85348471609526
1191 26.03426378218835
1191.25 26.21504296477127
1191.5 26.3958222796982
1191.75 26.57660173063477
1192 26.75738099315975
1192.25 26.9381602975639
1192.5 27.11893964324963
1192.75 27.29971902961934
1193 27.48049845607542
1193.25 27.66127792202028
1193.5 27.8420574268563
1193.75 28.02283677149634
1194 28.20361634097458
1194.25 28.38439590499212
1194.5 28.56517546354893
1194.75 28.74595501664504
1195 28.92673456428043
1195.25 29.10751410645513
1195.5 29.28829366307435
1195.75 29.46907325483424
1196 29.64985284477389
1196.25 29.83063243289332
1196.5 30.01141201919249
1196.75 30.19219160367144
1197 30.37297118633015
1197.25 30.55375076716862
1197.5 30.73453034618685
1197.75 30.91530992338485
1198 31.09608949876262
1198.25 31.27686907232015
1198.5 31.45764864405744
1198.75 31.63842821397449
1199 31.81920778207132
1199.25 31.99998734834789
1199.5 32.18076691280424
1199.75 32.36154647544036
1200 32.54232603625622
