0 -0
0.25 -0.004109118850000028
0.5 -0.008218237699999993
0.75 -0.01232735655000002
1 -0.01643647539999999
1.25 -0.02054559425000001
1.5 -0.02465471309999998
1.75 -0.02876383195
2 -0.03287295079999997
2.25 -0.03698206965
2.5 -0.04109118850000002
2.75 -0.04520030735
3 -0.04930942620000002
3.25 -0.05341854504999998
3.5 -0.0575276639
3.75 -0.06163678274999998
4 -0.0657459016
4.25 -0.06985502045000003
4.5 -0.0739641393
4.75 -0.07807325815000002
5 -0.08218237699999999
5.25 -0.08629149585000002
5.5 -0.09040061469999999
5.75 -0.09450973355000002
6 -0.09861885240000004
6.25 -0.10272797125
6.5 -0.1068370901
6.75 -0.1109462089496969
7 -0.1150553277975964
7.25 -0.1191644466454958
7.5 -0.1232735654933953
7.75 -0.1273826843412947
8 -0.1314918031891942
8.25 -0.1356009220370936
8.5 -0.1397100408849931
8.75 -0.1438191597328925
9 -0.1479282785807919
9.25 -0.1520373974286914
9.5 -0.1561465162765909
9.75 -0.1602556351244903
10 -0.1643647539723897
10.25 -0.1684738728202891
10.5 -0.1725829916681886
10.75 -0.176692110516088
11 -0.1808012293639875
11.25 -0.184910348211887
11.5 -0.1890194670597864
11.75 -0.1931285859076858
12 -0.1972377047555853
12.25 -0.2013468236034847
12.5 -0.2054559424513842
12.75 -0.2095650612992836
13 -0.2136741801471831
13.25 -0.2177832989950825
13.5 -0.2218924178429819
13.75 -0.2260015366908814
14 -0.2301106555387809
14.25 -0.2342197743866803
14.5 -0.2383288932317214
14.75 -0.24243801207506
15 -0.2465471309068262
15.25 -0.25065624972875
15.5 -0.2547653684015163
15.75 -0.2588744870742823
16 -0.2629836057470485
16.25 -0.2670927238561958
16.5 -0.2712018413303782
16.75 -0.2753109588045606
17 -0.279420076278743
17.25 -0.2835290595760301
17.5 -0.2876380266279199
17.75 -0.2917469936798095
18 -0.2958559607316993
18.25 -0.2999649277835891
18.5 -0.3040738948354788
18.75 -0.3081828618873685
19 -0.3122918289392583
19.25 -0.3164007959911479
19.5 -0.3205096122513544
19.75 -0.3246182660048003
20 -0.3287267355664377
20.25 -0.3328342907650493
20.5 -0.3369417135596867
20.75 -0.3410478129226122
21 -0.3451525993324196
21.25 -0.3492553318563805
21.5 -0.3533544219839986
21.75 -0.3574503142020177
22 -0.3615387928143316
22.25 -0.3656165990869046
22.5 -0.369677998485859
22.75 -0.3737152925387967
23 -0.3777161921113637
23.25 -0.3816629724510098
23.5 -0.3855319232202288
23.75 -0.3892859506168752
24 -0.3928726711565784
24.25 -0.3962213191105046
24.5 -0.3992387463307163
24.75 -0.4018069976135425
25 -0.4037826655818291
25.25 -0.4050047577177983
25.5 -0.4053171560582126
25.75 -0.4045939169907067
26 -0.4027710448266514
26.25 -0.3998628005441172
26.5 -0.3959601930669148
26.75 -0.3912181688514365
27 -0.3858182527454824
27.25 -0.3799435116342952
27.5 -0.373758502547238
27.75 -0.3673982122581108
28 -0.3609665500643383
28.25 -0.3545403178123921
28.5 -0.3481734270775886
28.75 -0.3419023581782414
29 -0.3357509365058121
29.25 -0.3297340194361434
29.5 -0.3238601291691326
29.75 -0.3181333481698929
30 -0.3125547333569388
30.25 -0.3071233946941987
30.5 -0.3018369695166986
30.75 -0.296692157369179
31 -0.2916853145568307
31.25 -0.2868125530851086
31.5 -0.2820698659567732
31.75 -0.277453237456585
32 -0.2729585059119567
32.25 -0.2685817783463403
32.5 -0.2643190708573633
32.75 -0.2601666947817324
33 -0.2561209264665049
33.25 -0.252178254885405
33.5 -0.2483352737684215
33.75 -0.2445887323750038
34 -0.2409353418256732
34.25 -0.2373721360883972
34.5 -0.2338962890047716
34.75 -0.2305050845034497
35 -0.2271956248056017
35.25 -0.2239654976087669
35.5 -0.220812215361544
35.75 -0.2177333626739561
36 -0.2147267233476144
36.25 -0.2117899574867419
36.5 -0.2089209312319052
36.75 -0.2061175895841472
37 -0.2033779450216191
37.25 -0.200700085121887
37.5 -0.198082168486501
37.75 -0.1955224256101136
38 -0.1930191679944725
38.25 -0.190570713220173
38.5 -0.1881754305057778
38.75 -0.1858318007719225
39 -0.1835384393886032
39.25 -0.1812938247487256
39.5 -0.179096535710708
39.75 -0.1769452786216545
40 -0.1748388454692294
40.25 -0.1727759392953945
40.5 -0.1707553589604984
40.75 -0.1687759540272055
41 -0.166836611851582
41.25 -0.1649362468207354
41.5 -0.1630738124093913
41.75 -0.1612483047674783
42 -0.159458748107982
42.25 -0.1577041930317928
42.5 -0.155983721182172
42.75 -0.1542964657142843
43 -0.1526415599195311
43.25 -0.1510181627033434
43.5 -0.1494254597475947
43.75 -0.1478626575173654
44 -0.1463289815445166
44.25 -0.1448237502508025
44.5 -0.1433462963070782
44.75 -0.1418958734046135
45 -0.1404718047307165
45.25 -0.1390734299699649
45.5 -0.1377001039858927
45.75 -0.1363512284221154
46 -0.1350263370749726
46.25 -0.1337247734313876
46.5 -0.1324459815627257
46.75 -0.1311894207941341
47 -0.1299545648364316
47.25 -0.1287409009179993
47.5 -0.1275479674290191
47.75 -0.1263752676006399
48 -0.1252223304077183
48.25 -0.124088698703274
48.5 -0.1229739260603421
48.75 -0.1218775760033328
49 -0.1207992799951431
49.25 -0.1197386480162106
49.5 -0.1186952641396112
49.75 -0.1176687480877867
50 -0.1166587294108338
50.25 -0.115664846962297
50.5 -0.114686749221399
50.75 -0.1137240941524529
51 -0.1127765447397873
51.25 -0.1118437724976838
51.5 -0.1109254557319659
51.75 -0.1100212790231084
52 -0.1091309377986373
52.25 -0.1082542953659669
52.5 -0.1073909560651752
52.75 -0.1065406405340054
53 -0.1057030748857409
53.25 -0.1048779902764881
53.5 -0.1040651224724601
53.75 -0.1032642114172579
54 -0.1024750007991544
54.25 -0.1016972376183774
54.5 -0.1009307636101863
54.75 -0.1001754348791894
55 -0.09943094887647839
55.25 -0.09869709527192869
55.5 -0.09797366924681541
55.75 -0.09726047130162524
56 -0.09655730706386211
56.25 -0.09586398709585929
56.5 -0.09518030679956176
56.75 -0.09450607828022263
57 -0.09384113113891966
57.25 -0.09318528842349964
57.5 -0.09253837647381209
57.75 -0.09190022469224278
58 -0.09127066531425423
58.25 -0.09064953317891908
58.5 -0.09003671383860977
58.75 -0.08943204422166599
59 -0.08883536255598845
59.25 -0.08824652190872938
59.5 -0.0876653780822715
59.75 -0.08709178945408984
60 -0.08652561681661032
60.25 -0.0859667232170736
60.5 -0.08541501530913691
60.75 -0.08487034597381346
61 -0.08433258718864167
61.25 -0.08380161649061391
61.5 -0.08327731375618998
61.75 -0.08275956108875193
62 -0.08224824270605653
62.25 -0.08174324694325483
62.5 -0.08124449943771068
62.75 -0.08075187229175915
63 -0.08026526259059868
63.25 -0.07978456970655923
63.5 -0.07930969522797314
63.75 -0.07884054288804751
64 -0.07837701849373523
64.25 -0.07791902731612087
64.5 -0.07746646867896674
64.75 -0.07701925929970507
65 -0.07657731061633082
65.25 -0.07614053552837939
65.5 -0.07570884831147372
65.75 -0.07528216453187396
66 -0.07486040096102531
66.25 -0.07444349729107906
66.5 -0.07403140253563879
66.75 -0.07362401070662297
67 -0.07322124715778637
67.25 -0.07282303845816195
67.5 -0.07242931232438921
67.75 -0.07203999755304015
68 -0.07165502395294795
68.25 -0.07127432227753569
68.5 -0.07089782415714246
68.75 -0.07052546203135117
69 -0.07015718291132092
69.25 -0.06979295852065015
69.5 -0.06943269517487037
69.75 -0.0690763320871365
70 -0.06872380934301989
70.25 -0.06837506784923383
70.5 -0.06803004928235871
70.75 -0.06768869603756768
71 -0.06735095117735353
71.25 -0.06701675838025274
71.5 -0.06668606188957124
71.75 -0.06635881616533926
72 -0.06603502557683701
72.25 -0.06571459564794106
72.5 -0.0653974775557026
72.75 -0.06508362328285608
73 -0.06477298558694616
73.25 -0.06446551796945364
73.5 -0.06416117464492256
73.75 -0.06385991051008827
74 -0.06356168111300337
74.25 -0.06326644262216403
74.5 -0.06297415248461423
74.75 -0.06268478748906538
75 -0.06239829309123266
75.25 -0.06211462904748193
75.5 -0.06183375571669442
75.75 -0.06155563403501784
76 -0.06128022549061504
76.25 -0.0610074920984151
76.5 -0.06073739637486299
76.75 -0.06046990131267063
77 -0.06020497035556428
77.25 -0.05994256737303885
77.5 -0.05968269653365913
77.75 -0.05942530129265044
78 -0.05917034703544822
78.25 -0.05891780233306863
78.5 -0.05866763635543677
78.75 -0.05841981885804172
79 -0.05817432016858909
79.25 -0.05793111117365474
79.5 -0.05769016330533898
79.75 -0.05745144852791882
80 -0.05721493932450391
80.25 -0.05698057155373527
80.5 -0.05674833180329517
80.75 -0.05651819781591925
81 -0.05629014054326598
81.25 -0.05606413106740669
81.5 -0.05584014057463253
81.75 -0.05561814032925946
82 -0.05539810164743632
82.25 -0.05517999587095086
82.5 -0.05496379434103561
82.75 -0.05474946837217669
83 -0.05453707131713422
83.25 -0.05432656460852281
83.5 -0.05411789891247996
83.75 -0.05391105415975554
84 -0.05370601096031907
84.25 -0.05350275061074228
84.5 -0.05330125510157763
84.75 -0.05310150712473927
85 -0.05290349008088489
85.25 -0.05270718808679436
85.5 -0.05251258598275192
85.75 -0.0523196158310562
86 -0.05212825306069693
86.25 -0.0519385088210518
86.5 -0.05175036389010434
86.75 -0.05156379914765044
87 -0.0513787955561391
87.25 -0.05119533414151377
87.5 -0.05101339597405453
87.75 -0.05083296214922114
88 -0.05065401376849239
88.25 -0.05047653192020977
88.5 -0.05030049278668935
88.75 -0.05012587408501235
89 -0.04995266038048688
89.25 -0.04978083172034056
89.5 -0.04961036796777789
89.75 -0.04944124877978181
90 -0.04927345358491565
90.25 -0.04910696156112469
90.5 -0.04894175161354035
90.75 -0.04877780235227929
91 -0.04861509207024785
91.25 -0.0484536615289994
91.5 -0.0482935760622096
91.75 -0.04813473458167944
92 -0.04797712617537831
92.25 -0.04782074061980324
92.5 -0.0476655684013644
92.75 -0.04751160073777395
93 -0.04735882959943173
93.25 -0.04720724773081527
93.5 -0.04705684867186456
93.75 -0.04690762677937058
94 -0.0467595772483643
94.25 -0.04661260118320874
94.5 -0.04646671714027062
94.75 -0.04632194227000642
95 -0.04617826639350763
95.25 -0.0460356794792901
95.5 -0.04589417163399358
95.75 -0.04575373309307992
96 -0.04561435421153556
96.25 -0.04547602545456631
96.5 -0.0453387373883011
96.75 -0.04520248067048912
97 -0.04506723790532155
97.25 -0.04493293205988309
97.5 -0.04479960038287988
97.75 -0.04466722867543601
98 -0.04453580231151866
98.25 -0.04440530621002248
98.5 -0.044275724806852
98.75 -0.0441470420270071
99 -0.04401924125666354
99.25 -0.04389230531525899
99.5 -0.04376621642757587
99.75 -0.04364095619582338
100 -0.04351652335482223
101 -0.03753524880533382
102 -0.0356347174073167
103 -0.03450213177380924
104 -0.03370095458096629
105 -0.03308376725333522
106 -0.03258372675459193
107 -0.03216416075447143
108 -0.03180349325020558
109 -0.03148778779037999
110 -0.03120720440461536
111 -0.03095490236566079
112 -0.03072595069373873
113 -0.03051658175633741
114 -0.03032380846884485
115 -0.03014516916025699
116 -0.02997884195422928
117 -0.02982326327937552
118 -0.02967720594927349
119 -0.0295396635939937
120 -0.02940969388116584
121 -0.02928656393900149
122 -0.02916959110948373
123 -0.02905815544337642
124 -0.02895182583682987
125 -0.02885013457424576
126 -0.0287527135233348
127 -0.02865928565023404
128 -0.02856947841099543
129 -0.02848311102879166
130 -0.02839989166176067
131 -0.02831962555667058
132 -0.02824212812358077
133 -0.02816719654328887
134 -0.02809469012918375
135 -0.02802441712673618
136 -0.02795627302962096
137 -0.02789014933962213
138 -0.02782593851288531
139 -0.02776348518396288
140 -0.02770273957336859
141 -0.02764363325219263
142 -0.02758607267343861
143 -0.02752994805454457
144 -0.02747522769974732
145 -0.02742186088807855
146 -0.02736976071009026
147 -0.02731886346665138
148 -0.02726913422721632
149 -0.02722052990606625
150 -0.0271729804517962
151 -0.02712644979600399
152 -0.02708090087350451
153 -0.02703629496663758
154 -0.02699256962939354
155 -0.02694970821064371
156 -0.02690768044682935
157 -0.02686645919363154
158 -0.02682602042597135
159 -0.02678633518776082
160 -0.02674734153423004
161 -0.02670904275695806
162 -0.02667141897668639
163 -0.0266344526447856
164 -0.02659812854325733
165 -0.02656242116343472
166 -0.0265272783441514
167 -0.02649270890792515
168 -0.02645869801536785
169 -0.02642523231755892
170 -0.0263922999560461
171 -0.02635987848075196
172 -0.02632793332924932
173 -0.02629646773751235
174 -0.02626546934963206
175 -0.02623492669798738
176 -0.02620482920324478
177 -0.02617515962826143
178 -0.02614589863125933
179 -0.02611704271008073
180 -0.02608858161975749
181 -0.02606050570578489
182 -0.02603280590412361
183 -0.02600546483841636
184 -0.02597846969870174
185 -0.02595181901682937
186 -0.02592550482991138
187 -0.02589951968635774
188 -0.02587385664587568
189 -0.02584850927947023
190 -0.02582347166944412
191 -0.02579873840939727
192 -0.02577429826590504
193 -0.02575012563041072
194 -0.0257262316506888
195 -0.02570261093989641
196 -0.0256792584930422
197 -0.02565616968698797
198 -0.02563334028044684
199 -0.02561076641398448
200 -0.0255884446100191
201 -0.02556637177282063
202 -0.02554451347623725
203 -0.02552288514294004
204 -0.02550148384007551
205 -0.02548030573703001
206 -0.02545934724686544
207 -0.0254386050263188
208 -0.02541807597580261
209 -0.02539775723940453
210 -0.02537764620488751
211 -0.02535772513282705
212 -0.02533799259284985
213 -0.02531845110272563
214 -0.02529909743088801
215 -0.02527992849041544
216 -0.02526094133903098
217 -0.02524213317910231
218 -0.02522350135764112
219 -0.02520504336630451
220 -0.02518675256313334
221 -0.02516862174670871
222 -0.02515065324750693
223 -0.02513284436380233
224 -0.02511519248971807
225 -0.02509769511522597
226 -0.02508034982614644
227 -0.02506315430414874
228 -0.02504610632675074
229 -0.0250292024573523
230 -0.02501243172290904
231 -0.02499579961813741
232 -0.02497930400268716
233 -0.02496294281923028
234 -0.02494671409346054
235 -0.02493061593409394
236 -0.02491464653286851
237 -0.02489880416454444
238 -0.02488308718690378
239 -0.02486749404075096
240 -0.02485202324991223
241 -0.02483667342123606
242 -0.02482144324459292
243 -0.02480633149287551
244 -0.02479132728138997
245 -0.02477642813341302
246 -0.02476163938652192
247 -0.02474695964234952
248 -0.02473238756450464
249 -0.02471792187857066
250 -0.0247035613721068
251 -0.02468930489464757
252 -0.02467515135770253
253 -0.02466109973475677
254 -0.02464714906127059
255 -0.02463329843467984
256 -0.02461954701439537
257 -0.02460589402180378
258 -0.02459233874026668
259 -0.02457886112209264
260 -0.02456547485609062
261 -0.0245521791176999
262 -0.0245389728901652
263 -0.02452585519619463
264 -0.02451282509796082
265 -0.02449988169710015
266 -0.02448702413471256
267 -0.02447425159136291
268 -0.02446156328707903
269 -0.02444895848135348
270 -0.02443643647314219
271 -0.02442399660086543
272 -0.02441163824240758
273 -0.02439935536084625
274 -0.02438714280406104
275 -0.02437500647492347
276 -0.02436294552564832
277 -0.02435095913178147
278 -0.02433904649219929
279 -0.02432720682910903
280 -0.02431543938804883
281 -0.0243037434378879
282 -0.02429211827082556
283 -0.0242805632023928
284 -0.02426907757145089
285 -0.0242576607401918
286 -0.02424631209413878
287 -0.02423503104214556
288 -0.02422381128373249
289 -0.0242126553758764
290 -0.02420156355393288
291 -0.02419053512841552
292 -0.02417956942524941
293 -0.02416866578577037
294 -0.02415782356672559
295 -0.02414704214027353
296 -0.02413632089398322
297 -0.0241256592308354
298 -0.02411505656922175
299 -0.02410451234294506
300 -0.02409402600121906
301 -0.02408359700866863
302 -0.02407322311890017
303 -0.02406290027413959
304 -0.0240526321797271
305 -0.02404241828744773
306 -0.0240322580624398
307 -0.02402215098319437
308 -0.02401209654155519
309 -0.02400209424271915
310 -0.02399214360523565
311 -0.02398224416100741
312 -0.02397239545528964
313 -0.0239625970466905
314 -0.02395284850717127
315 -0.0239431494220457
316 -0.02393349938998072
317 -0.02392389802299612
318 -0.02391434494646444
319 -0.02390483979911093
320 -0.02389538223301414
321 -0.02388597191360498
322 -0.02387660851966781
323 -0.02386729174333918
324 -0.02385802129010929
325 -0.02384879343637105
326 -0.0238396031654128
327 -0.02383045662039179
328 -0.02382135343736387
329 -0.02381229326234885
330 -0.02380327575132969
331 -0.02379430057025332
332 -0.02378536739502961
333 -0.02377647591153201
334 -0.0237676258155979
335 -0.02375881681302727
336 -0.0237500486195844
337 -0.02374132096099658
338 -0.02373263357295485
339 -0.02372398620111339
340 -0.02371537860108994
341 -0.02370681053846622
342 -0.02369828178878651
343 -0.02368979213755942
344 -0.02368134138025633
345 -0.02367292932231278
346 -0.02366455577912709
347 -0.0236562205760615
348 -0.02364791921078577
349 -0.02363964763103062
350 -0.02363141199750063
351 -0.02362321204354592
352 -0.02361504750884742
353 -0.02360691813941702
354 -0.02359882368759721
355 -0.02359076391206129
356 -0.02358273857781353
357 -0.0235747474561886
358 -0.02356679032485235
359 -0.02355886696780123
360 -0.02355097717536248
361 -0.02354312074419432
362 -0.02353529747728519
363 -0.02352750718395488
364 -0.0235197496798536
365 -0.02351202478696273
366 -0.02350433233359426
367 -0.02349667215439057
368 -0.02348904409032521
369 -0.02348144798870273
370 -0.02347388370315788
371 -0.02346634751653359
372 -0.02345883736409455
373 -0.02345135723843055
374 -0.02344390692385133
375 -0.02343648620839417
376 -0.02342909488382403
377 -0.02342173274563246
378 -0.02341439959303947
379 -0.02340709522899146
380 -0.0233998194601629
381 -0.02339257209695504
382 -0.02338535295349721
383 -0.02337816184764568
384 -0.02337099860098407
385 -0.0233638630388235
386 -0.02335675499020242
387 -0.02334967428788681
388 -0.02334262076836979
389 -0.02333559427187219
390 -0.02332859464234197
391 -0.0233216217274544
392 -0.02331467537861212
393 -0.02330775545094564
394 -0.02330085982278936
395 -0.02329398783781842
396 -0.02328714118031899
397 -0.02328031967397119
398 -0.02327352314490914
399 -0.02326675142172122
400 -0.02326000433545039
401 -0.02325328171959285
402 -0.02324658341010002
403 -0.02323990924537675
404 -0.02323325906628228
405 -0.0232266327161301
406 -0.02322003004068772
407 -0.02321345088817686
408 -0.02320689510927365
409 -0.02320036255710807
410 -0.02319385308726449
411 -0.02318736655778113
412 -0.02318090282915062
413 -0.02317446176431999
414 -0.02316804322868973
415 -0.02316164709011551
416 -0.02315527321890605
417 -0.02314891928719287
418 -0.02314258526412211
419 -0.02313627271288674
420 -0.02312998149517409
421 -0.02312371147479887
422 -0.02311746251770262
423 -0.02311123449195385
424 -0.02310502726774856
425 -0.02309884071740945
426 -0.02309267471538634
427 -0.02308652913825636
428 -0.02308040386472355
429 -0.02307429877561885
430 -0.02306821375390073
431 -0.02306214868465434
432 -0.02305610345509197
433 -0.023050077954553
434 -0.02304407207450433
435 -0.02303808570853896
436 -0.023032118752378
437 -0.02302617110386909
438 -0.02302024266298696
439 -0.02301433333183344
440 -0.02300844301463751
441 -0.02300257161775521
442 -0.02299671904966992
443 -0.02299088522099133
444 -0.02298507004445723
445 -0.02297927343493152
446 -0.02297349530940581
447 -0.02296773558699862
448 -0.0229619941889554
449 -0.02295627103864887
450 -0.02295056606157869
451 -0.02294487918537181
452 -0.02293921033978172
453 -0.02293355725006001
454 -0.02292791728921372
455 -0.02292229447134419
456 -0.02291668870435538
457 -0.02291109989773767
458 -0.0229055279625682
459 -0.02289997281151054
460 -0.02289443435881426
461 -0.02288891252031629
462 -0.02288340721343921
463 -0.02287791835719276
464 -0.02287244587217249
465 -0.02286698968056114
466 -0.02286154970612727
467 -0.02285612587422662
468 -0.02285071811180093
469 -0.02284532634737853
470 -0.02283995051107417
471 -0.02283459053458918
472 -0.02282924635121169
473 -0.02282391789581563
474 -0.02281860510486214
475 -0.02281330791639833
476 -0.02280802627005794
477 -0.02280276010706128
478 -0.02279750937021528
479 -0.02279227400391285
480 -0.02278705395413391
481 -0.02278184916844478
482 -0.02277665959599796
483 -0.02277148518753277
484 -0.02276632589537491
485 -0.02276118167343649
486 -0.02275605247721641
487 -0.02275093826379937
488 -0.02274583899185728
489 -0.02274075449960763
490 -0.02273568378147358
491 -0.02273062742204321
492 -0.02272558530819337
493 -0.02272055732324714
494 -0.02271554334697537
495 -0.0227105432555965
496 -0.02270555692177535
497 -0.0227005842146245
498 -0.02269566302700516
499 -0.02269181396837355
500 -0.02268953520978548
500.25 -0.01858013162908205
500.5 -0.01447064120090381
500.75 -0.01036121522737505
501 -0.006251850779841027
501.25 -0.00214254433857099
501.5 0.001966708207243165
501.75 0.006075911559483956
502 0.01018507101111186
502.25 0.01429419244616195
502.5 0.01840311378780001
502.75 0.02251018426245619
503 0.02661457277547196
503.25 0.0307058967995343
503.5 0.03473293092115839
503.75 0.03852755231288069
504 0.0417153858985719
504.25 0.04387390158631102
504.5 0.04501800287344211
504.75 0.04556007562678894
505 0.04584562058573786
505.25 0.0460387068398754
505.5 0.04619888033599171
505.75 0.04634748948232689
506 0.04649340918839137
506.25 0.04663945346509788
506.5 0.04678617249879549
506.75 0.04693381668573469
507 0.04708245536307804
507.25 0.04723217236266704
507.5 0.04738304828461871
507.75 0.0475350673844044
508 0.04768820606026498
508.25 0.04784247406377715
508.5 0.04799800336657187
508.75 0.04815471479705917
509 0.04831260835523968
509.25 0.04847164298090499
509.5 0.04863210626350752
509.75 0.04879377233972479
510 0.04895665591254164
510.25 0.04912083931748494
510.5 0.0492863266030678
510.75 0.04945311632916678
511 0.04962122771769473
511.25 0.04979067999056652
511.5 0.04996149236969535
511.75 0.05013368407699489
512 0.05030726112080415
512.25 0.05048222855106863
512.5 0.05065861879620631
512.75 0.05083644945362149
513 0.05101573812072002
513.25 0.05119650239490638
513.5 0.05137875987358646
513.75 0.05156252613816834
514 0.05174780053038644
514.25 0.05193461257990869
514.5 0.05212297889371033
514.75 0.05231291607876579
515 0.05250444074204892
515.25 0.05269756949053515
515.5 0.05289231893119794
515.75 0.05308873068598907
516 0.05328681347486077
516.25 0.05348658038351634
516.5 0.05368804951224045
516.75 0.05389123896131979
517 0.05409616683103885
517.25 0.05430285122168331
517.5 0.05451135561150206
517.75 0.0547217170351742
518 0.05493391513868821
518.25 0.05514797004579461
518.5 0.05536390188024372
518.75 0.05558173076578508
519 0.0558014768261702
519.25 0.05602316018514803
519.5 0.05624680096647007
519.75 0.05647241929388547
520 0.05670003529114535
520.25 0.05692970189183526
520.5 0.05716155403520363
520.75 0.05739550863227958
521 0.05763158936115595
521.25 0.05786981989992676
521.5 0.05811022392668544
521.75 0.058352825119526
522 0.05859764715654149
522.25 0.05884471371582611
522.5 0.05909404847547331
522.75 0.0593456751135761
523 0.05959961730822929
523.25 0.05985609281536916
523.5 0.06011499795001065
523.75 0.06037634747337954
524 0.06064016943838212
524.25 0.06090649189792371
524.5 0.06117534290491178
524.75 0.06144675051225164
525 0.06172074277284938
525.25 0.06199734773961189
525.5 0.06227659346544469
525.75 0.06255850800325465
526 0.06284324525264144
526.25 0.06313083069243833
526.5 0.06342124045276025
526.75 0.06371450943891434
527 0.06401067255620753
527.25 0.06430976470994651
527.5 0.06461182080543747
527.75 0.06491687574798807
528 0.06522496444290488
528.25 0.06553632002683797
528.5 0.06585087686029101
528.75 0.06616865359878701
529 0.06648969279863955
529.25 0.06681403701616223
529.5 0.06714172880766846
529.75 0.06747281072947145
530 0.06780732533788515
530.25 0.06814533050140167
530.5 0.06848700907648246
530.75 0.06883230214817292
531 0.06918125775516408
531.25 0.06953392393614777
531.5 0.0698903487298152
531.75 0.07025058017485838
532 0.07061466630996899
532.25 0.07098265517383841
532.5 0.07135475839558697
532.75 0.07173081445678621
533 0.07211098275617667
533.25 0.0724953123661656
533.5 0.0728838529214024
533.75 0.07327665461877884
534 0.07367376821743159
534.25 0.07407524503873912
534.5 0.07448113696632336
534.75 0.07489159682786743
535 0.07530670796736549
535.25 0.07572647344594985
535.5 0.07615095990737415
535.75 0.07658023533709227
536 0.07701436906225677
536.25 0.07745343175172241
536.5 0.07789749541604278
536.75 0.07834663340747214
537 0.0788009725555168
537.25 0.07926074698189164
537.5 0.07972592020593962
537.75 0.08019658641962364
538 0.08067284214023571
538.25 0.08115478621039433
538.5 0.08164251979804868
538.75 0.08213614639647646
539 0.0826357718242824
539.25 0.08314150422540162
539.5 0.08365348630021011
539.75 0.08417181404297765
540 0.08469660274383298
540.25 0.08522797220658486
540.5 0.08576604470409803
540.75 0.08631094497829549
541 0.08686280024015861
541.25 0.08742174016972638
541.5 0.08798789691609442
541.75 0.08856132686378053
542 0.08914194105837037
542.25 0.08972968110687156
542.5 0.09032454180977154
542.75 0.09092677854568698
543 0.09153659882289625
543.25 0.09215427019876909
543.5 0.09277997029832766
543.75 0.09341374003785941
544 0.09405585129566646
544.25 0.09470649872495977
544.5 0.09536572335949974
544.75 0.09603373380937595
545 0.09671069460971679
545.25 0.09739673226349682
545.5 0.09809200803641474
545.75 0.09879667649678441
546 0.0995109301867728
546.25 0.1002349244439245
546.5 0.1009688184494329
546.75 0.1017128939242886
547 0.1024672825893577
547.25 0.1032321401731391
547.5 0.1040076401913288
547.75 0.104793956159623
548 0.1055913079801325
548.25 0.1064000800808782
548.5 0.1072203286515918
548.75 0.1080522476762425
549 0.108896031138799
549.25 0.1097518730232299
549.5 0.1106201350449768
549.75 0.1115010914695143
550 0.1123948622371627
550.25 0.1133016654843228
550.5 0.1142217193473941
550.75 0.1151552419627764
551 0.116102835283511
551.25 0.1170645579799907
551.5 0.118040637186711
551.75 0.119031321876026
552 0.12003686102029
552.25 0.1210576141255996
552.5 0.1220941124817005
552.75 0.1231464383108137
553 0.1242148732028828
553.25 0.125299698747851
553.5 0.1264011965356616
553.75 0.127519936019511
554 0.1286562438860277
554.25 0.1298103226247995
554.5 0.1309824886185791
554.75 0.132173058250119
555 0.1333823559286817
555.25 0.1346111117059075
555.5 0.135859466972875
555.75 0.137127781357148
556 0.1384164144862905
556.25 0.1397258399928075
556.5 0.1410566625035307
556.75 0.1424091271510146
557 0.1437836341437619
557.25 0.1451805836902753
557.5 0.1466005833916818
557.75 0.1480440885294093
558 0.1495114580688837
558.25 0.1510031270807894
558.5 0.1525195306358109
558.75 0.1540614756880965
559 0.1556291215805264
559.25 0.1572230528340951
559.5 0.1588437220155109
559.75 0.1604916783962899
560 0.1621676044573892
560.25 0.1638718529773535
560.5 0.1656049423512795
560.75 0.1673674010375674
561 0.1691597675579209
561.25 0.1709825904973473
561.5 0.1728364572388705
561.75 0.1747220596585792
562 0.1766399108823454
562.25 0.178590617549637
562.5 0.180574797804099
562.75 0.1825930812935529
563 0.1846461091699963
563.25 0.1867345054479085
563.5 0.1888586485990855
563.75 0.1910193207324464
564 0.1932171557334103
564.25 0.1954527937040804
564.5 0.1977268809632427
564.75 0.2000396469604341
565 0.2023903589564449
565.25 0.2047802696297361
565.5 0.2072101830837747
565.75 0.2096805638389355
566 0.2121920342082822
566.25 0.214744965076373
566.5 0.2173398534488669
566.75 0.2199770358153532
567 0.2226568943113543
567.25 0.2253797447207017
567.5 0.2281457487508741
567.75 0.2309552376297683
568 0.2338085380234593
568.25 0.2367055959707147
568.5 0.2396465538173638
568.75 0.2426316918268925
569 0.245660809652461
569.25 0.248733734298628
569.5 0.2518506715365145
569.75 0.255011282898868
570 0.2582149767256318
570.25 0.2614618554834349
570.5 0.2647515291476362
570.75 0.2680830695398334
571 0.2714562990916904
571.25 0.2748702652275515
571.5 0.278324243938032
571.75 0.2818176265240955
572 0.2853490869702844
572.25 0.2889179975912639
572.5 0.2925231356850673
572.75 0.2961633946214234
573 0.299837739098186
573.25 0.303544530638562
573.5 0.3072827912988985
573.75 0.3110511987237294
574 0.3148483254949168
574.25 0.3186728584322834
574.5 0.3225232208473544
574.75 0.3263977343140481
575 0.3302946678117268
575.25 0.334212686495765
575.5 0.3381504747762758
575.75 0.3421063049887703
576 0.3460788658387748
576.25 0.3500670176866431
576.5 0.3540693206216576
576.75 0.3580845467723897
577 0.3621115683647568
577.25 0.3661492184095659
577.5 0.3701964163374242
577.75 0.3742521450300116
578 0.3783154203315369
578.25 0.3823853370884475
578.5 0.3864611356308807
578.75 0.3905420111642591
579 0.3946272719241045
579.25 0.3987164046416712
579.5 0.4028088096609995
579.75 0.4069040090273631
580 0.4110015847942678
580.25 0.4151011348023823
580.5 0.4192023890263051
580.75 0.4233051182251251
581 0.4274091183192354
581.25 0.4315139695658949
581.5 0.4356196688681133
581.75 0.4397261335946286
582 0.4438332806164038
582.25 0.4479407147609243
582.5 0.452048545130447
582.75 0.4561567448827721
583 0.4602652803388208
583.25 0.4643738739744442
583.5 0.46848262416887
583.75 0.4725915194190555
584 0.4767005428705945
584.25 0.4808095321016073
584.5 0.484918545028823
584.75 0.4890275732524752
585 0.4931366125726074
585.25 0.4972456357615148
585.5 0.5013546634733799
585.75 0.5054637087233183
586 0.5095727546724707
586.25 0.5136818123711961
586.5 0.5177908673894345
586.75 0.5218999366116274
587 0.5260090231356872
587.25 0.5301180493795553
587.5 0.5342270808628801
587.75 0.5383361253196823
588 0.5424451904839822
588.25 0.5465542840897996
588.5 0.5506633586968361
588.75 0.5547724291495576
589 0.5588815087232266
589.25 0.5629905992051822
589.5 0.5670997023827634
589.75 0.5712088106908325
590 0.5753179136529374
590.25 0.579427020664226
590.5 0.5835361314477177
590.75 0.5876452457264305
591 0.5917543630990887
591.25 0.5958634806620444
591.5 0.5999725994441651
591.75 0.6040817189434212
592 0.6081908386577822
592.25 0.612299958085218
592.5 0.6164090882398358
592.75 0.6205182247157781
593 0.6246273624887466
593.25 0.6287365012243789
593.5 0.6328456405883117
593.75 0.6369547802461826
594 0.6410639198636292
594.25 0.6451730591062887
594.5 0.6492821976397982
594.75 0.6533913351297954
595 0.6575004712419172
595.25 0.6616096056418016
595.5 0.6657187379950855
595.75 0.669827867967406
596 0.6739369952244009
596.25 0.6780461194317075
596.5 0.6821552402549627
596.75 0.6862643779854274
597 0.6903735163311411
597.25 0.6944826542685775
597.5 0.6985917916762382
597.75 0.7027009284326247
598 0.7068100644162389
598.25 0.7109191995055824
598.5 0.7150283335791564
598.75 0.7191374665154631
599 0.7232465981930039
599.25 0.72735572849028
599.5 0.7314648572857938
599.75 0.7355739844580464
600 0.7396831098855396
600.25 0.7355739957467751
600.5 0.7314648796202544
600.75 0.7273557635517841
601 0.7232466541788753
601.25 0.7191375443384719
601.5 0.71502843401405
601.75 0.7109193231890857
602 0.7068102118470551
602.25 0.702701099971434
602.5 0.6985919875456988
602.75 0.6944828745533257
603 0.6903737609777904
603.25 0.6862646468025689
603.5 0.6821555320111374
603.75 0.6780464165869724
604 0.6739373005135493
604.25 0.6698281837743445
604.5 0.665719066352834
604.75 0.6616099482324936
605 0.6575008389944056
605.25 0.6533917210884226
605.5 0.6492826031222944
605.75 0.6451734850960213
606 0.6410643670096031
606.25 0.6369552488630401
606.5 0.6328461306563322
606.75 0.628737012389479
607 0.6246278940624812
607.25 0.6205187756753383
607.5 0.6164096572280502
607.75 0.6123005387206174
608 0.6081914201530396
608.25 0.6040823015253168
608.5 0.5999731828374489
608.75 0.5958640640894363
609 0.5917549452812785
609.25 0.5876458264270046
609.5 0.5835367075667443
609.75 0.5794275886953769
610 0.5753184698008754
610.25 0.5712093509063739
610.5 0.5671002319387619
610.75 0.562991112949544
611 0.5588819925763515
611.25 0.5547728687645404
611.5 0.550663744952729
611.75 0.5465546211409177
612 0.5424454973291063
612.25 0.5383363735172951
612.5 0.5342272497054839
612.75 0.5301181258936726
613 0.5260090020818612
613.25 0.5218998299876697
613.5 0.5177906149746713
613.75 0.5136813999616728
614 0.5095721849486742
614.25 0.5054629699356757
614.5 0.5013537549226773
614.75 0.4972445399096789
615 0.4931353248966804
615.25 0.4890261098836819
615.5 0.4849168008477612
615.75 0.4808074640170855
616 0.4766981203850806
616.25 0.4725885309841945
616.5 0.4684789415833082
616.75 0.4643691862304095
617 0.4602590083968389
617.25 0.4561488305632685
617.5 0.4520384855505516
617.75 0.4479274196142227
618 0.4438163536778936
618.25 0.4397044842729673
618.5 0.4355922831395072
618.75 0.4314781825545387
619 0.4273649256883713
619.25 0.4232504684969194
619.5 0.4191347893084241
619.75 0.4150176637338275
620 0.4108985659310159
620.25 0.4067777388479438
620.5 0.4026539093850631
620.75 0.3985276048606305
621 0.3943979764759025
621.25 0.3902646716907767
621.5 0.3861267395665163
621.75 0.381984107747005
622 0.3778353793728466
622.25 0.373680564214971
622.5 0.3695187066936092
622.75 0.3653491163736132
623 0.3611707836071046
623.25 0.3569827005067509
623.5 0.3527838677083537
623.75 0.3485734611699977
624 0.3443504707612736
624.25 0.3401141344796583
624.5 0.335863597902724
624.75 0.3315980821517688
625 0.3273172342314749
625.25 0.3230202844445632
625.5 0.3187067218977829
625.75 0.3143768421099074
626 0.3100303374933182
626.25 0.3056672649197731
626.5 0.3012883877129338
626.75 0.2968942642237651
627 0.2924856180681106
627.25 0.2880636498544376
627.5 0.2836297540398168
627.75 0.2791853894457373
628 0.2747322260879144
628.25 0.2702720608162922
628.5 0.265807034608039
628.75 0.2613392975771374
629 0.2568705933930065
629.25 0.2524034334598589
629.5 0.247939974133916
629.75 0.2434817793632906
630 0.2390312539790172
630.25 0.2345901923486066
630.5 0.230159847088921
630.75 0.2257421071175884
631 0.221338189707363
631.25 0.2169489334903754
631.5 0.212575472740789
631.75 0.2082183933287777
632 0.2038780375158099
632.25 0.1995547366402951
632.5 0.1952485188567591
632.75 0.190959208939249
633 0.1866864364594635
633.25 0.1824298232804128
633.5 0.1781887239959924
633.75 0.1739622635048246
634 0.169749836622136
634.25 0.1655504376111182
634.5 0.1613629225205125
634.75 0.1571866277764655
635 0.1530203419373068
635.25 0.1488628919793822
635.5 0.1447136473511646
635.75 0.1405714023727342
636 0.1364351173598806
636.25 0.1323042848700453
636.5 0.128177852749732
636.75 0.124055052823208
637 0.1199353742764667
637.25 0.1158181555099167
637.5 0.1117029155109334
637.75 0.1075891242754309
638 0.103476509117701
638.25 0.09936491168891069
638.5 0.09525398965612293
638.75 0.09114349449387613
639 0.08703347829626989
639.25 0.08292386236117115
639.5 0.07881437437359187
639.75 0.07470507332170334
640 0.0705959188896477
640.25 0.0664868540342861
640.5 0.06237783016218999
640.75 0.05826877574744805
641 0.05415974578017298
641.25 0.0500507199809832
641.5 0.04594164201486472
641.75 0.04183254875311679
642 0.03772348493077381
642.25 0.03361440274959351
642.5 0.02950528716623982
642.75 0.02539618332261826
643 0.02128707940775572
643.25 0.01717796591257403
643.5 0.01306884165154469
643.75 0.008959722267252968
644 0.004850600951930303
644.25 0.0007414785706485387
644.5 -0.003367644180530418
644.75 -0.00747676673118032
645 -0.01158588837459029
645.25 -0.01569500854504116
645.5 -0.01980412769190426
645.75 -0.02391324716572271
646 -0.02802236589604294
646.25 -0.03213148427733415
646.5 -0.03624060066519807
646.75 -0.04034971705306208
647 -0.04445880043929519
647.25 -0.04856787993152711
647.5 -0.05267679476281288
647.75 -0.05678563129959533
648 -0.06089334636354991
648.25 -0.06500084294438328
648.5 -0.06910603414373997
648.75 -0.0732070786774357
649 -0.07730042589869301
649.25 -0.0813787410983257
649.5 -0.08542488691289687
649.75 -0.08941045095138374
650 -0.09328487906925463
650.25 -0.09696628939103939
650.5 -0.1003292837603185
650.75 -0.1032214260287314
651 -0.1054911733832725
651.25 -0.1070495968932164
651.5 -0.1079119054785346
651.75 -0.1081944796098899
652 -0.1080550337078247
652.25 -0.1076328195263148
652.5 -0.1070366190247078
652.75 -0.1063404385634239
653 -0.1055907812642009
653.25 -0.1048150950064125
653.5 -0.1040296372273552
653.75 -0.1032441086144793
654 -0.1024637702100863
654.25 -0.1016910323636558
654.5 -0.1009272539184514
654.75 -0.1001731270739485
655 -0.09942932425892247
655.25 -0.0986960561040191
655.5 -0.09797310141477261
655.75 -0.09726026766922941
656 -0.0965572581962892
656.25 -0.09586392387634436
656.5 -0.09518009503612666
656.75 -0.09450581039217515
657 -0.0938408031458187
657.25 -0.09318504291151872
657.5 -0.09253823683033612
657.75 -0.09190019303592528
658 -0.09127071678907933
658.25 -0.09064960526006748
658.5 -0.09003674779536584
658.75 -0.08943199422822404
659 -0.08883524266629393
659.25 -0.08824625169304665
659.5 -0.08766496678841275
659.75 -0.0870913489026527
660 -0.08652516861954004
660.25 -0.0859662548689344
660.5 -0.08541455819333384
660.75 -0.08486993646017953
661 -0.08433221046218881
661.25 -0.08380127538162335
661.5 -0.08327700412639585
661.75 -0.0827592954700884
662 -0.08224801918055585
662.25 -0.08174305811113386
662.5 -0.08124432270863843
662.75 -0.08075170140238216
663 -0.08026509476762232
663.25 -0.0797843880859662
663.5 -0.07930949137613515
663.75 -0.07884031622500914
664 -0.07837677476566846
664.25 -0.07791878270383343
664.5 -0.07746624923719701
664.75 -0.07701903263234321
665 -0.07657708348599054
665.25 -0.07614031897822823
665.5 -0.0757086585992876
665.75 -0.07528202414954387
666 -0.0748603204625703
666.25 -0.07444345585090104
666.5 -0.07403136563259075
666.75 -0.07362397339597539
667 -0.07322120432944638
667.25 -0.07282298522145059
667.5 -0.07242924831007522
667.75 -0.07203992304627128
668 -0.07165494129309645
668.25 -0.07127423706865339
668.5 -0.0708977460676206
668.75 -0.07052540280717845
669 -0.07015713173597247
669.25 -0.06979287904005767
669.5 -0.06943258409033218
669.75 -0.06907618763670965
670 -0.06872363180812165
670.25 -0.06837485475862658
670.5 -0.06802979913989361
670.75 -0.06768841423438327
671 -0.06735064696268901
671.25 -0.06701644557863017
671.5 -0.06668575966925355
671.75 -0.06635854015483399
672 -0.06603473928887203
672.25 -0.06571431065809746
672.5 -0.06539719101217359
672.75 -0.06508330800654098
673 -0.06477264229005565
673.25 -0.06446514896311117
673.5 -0.06416078421505803
673.75 -0.06385950532420448
674 -0.06356127065781512
674.25 -0.06326603967211114
674.5 -0.06297377291227201
674.75 -0.06268442413486576
675 -0.06239791511333539
675.25 -0.06211423706574323
675.5 -0.06183335138205685
675.75 -0.06155522031395529
676 -0.06127980697482772
676.25 -0.06100707533977341
676.5 -0.06073699024560318
676.75 -0.06046951739083791
677 -0.06020462333570865
677.25 -0.05994225176523584
677.5 -0.05968238507272382
677.75 -0.05942499107627461
678 -0.05917003811432201
678.25 -0.05891749528442299
678.5 -0.05866733244325527
678.75 -0.0584195202066207
679 -0.05817402994944194
679.25 -0.05793083380576475
679.5 -0.05768986633820709
679.75 -0.05745111305744362
680 -0.05721455293170893
680.25 -0.05698015773916676
680.5 -0.05674789980614032
680.75 -0.05651775200711335
681 -0.05628968776472831
681.25 -0.05606368104978732
681.5 -0.05583970638125307
681.75 -0.05561773691415553
682 -0.05539774814187041
682.25 -0.05517971707476535
682.5 -0.05496362026339389
682.75 -0.05474943479771112
683 -0.05453713830707032
683.25 -0.05432670896022512
683.5 -0.05411812546532952
683.75 -0.05391136706993668
684 -0.05370641356099916
684.25 -0.05350324526487042
684.5 -0.05330178263927086
684.75 -0.05310202649132008
685 -0.05290396995338201
685.25 -0.05270759151226417
685.5 -0.05251286997858245
685.75 -0.05231978448675743
686 -0.05212831449501788
686.25 -0.05193843978539903
686.5 -0.05175014046374194
686.75 -0.05156339695969529
687 -0.05137819002671399
687.25 -0.05119458539241652
687.5 -0.05101251555567967
687.75 -0.05083196111740763
688 -0.05065290871311193
688.25 -0.05047534554745125
688.5 -0.05029925939423056
688.75 -0.0501246385964006
689 -0.04995147206605902
689.25 -0.0497797492844488
689.5 -0.04960946030196007
689.75 -0.04944057890689471
690 -0.04927289374557361
690.25 -0.04910653865219445
690.5 -0.04894149501281226
690.75 -0.04877774416974042
691 -0.04861526742155325
691.25 -0.04845404602308553
691.5 -0.04829406118543061
691.75 -0.04813529407594355
692 -0.04797772581823852
692.25 -0.04782133749218961
692.5 -0.04766614489461073
692.75 -0.04751223532957633
693 -0.04735950476008895
693.25 -0.04720794193038209
693.5 -0.04705753597629411
693.75 -0.0469082764252696
694 -0.04676015319636018
694.25 -0.04661315660022233
694.5 -0.0464672773391188
694.75 -0.04632250650691912
695 -0.04617883558909814
695.25 -0.04603623045447455
695.5 -0.0458946538958819
695.75 -0.04575412869847272
696 -0.0456146444133784
696.25 -0.0454761907905903
696.5 -0.04533875777896169
696.75 -0.04520233552620814
697 -0.04506691437890515
697.25 -0.04493248488249016
697.5 -0.04479903778126233
697.75 -0.0446665640183815
698 -0.0445350571899874
698.25 -0.0444045130128416
698.5 -0.04427492523538503
698.75 -0.04414625971826572
699 -0.04401849455331336
699.25 -0.0438916109188316
699.5 -0.043765628690249
699.75 -0.04364052906063442
700 -0.04351716541083635
701 -0.0375387540542203
702 -0.03563674698563491
703 -0.03450353605201641
704 -0.03370198802475559
705 -0.03308456783665435
706 -0.03258439693091082
707 -0.03216473425962102
708 -0.03180398959514514
709 -0.03148819225271419
710 -0.03120757686125203
711 -0.03095524646899912
712 -0.03072625715741256
713 -0.03051685192415861
714 -0.03032405091032501
715 -0.0301454252156685
716 -0.02997910452551299
717 -0.02982348750114786
718 -0.02967743782152088
719 -0.02953985454881532
720 -0.0294098659874414
721 -0.02928672266919007
722 -0.02916973528472026
723 -0.02905831848109627
724 -0.02895197024135437
725 -0.02885030838641872
726 -0.02875287438177091
727 -0.02865942483493411
728 -0.02856963151420619
729 -0.02848322390747395
730 -0.0284000168328658
731 -0.02831973070830881
732 -0.02824221836009632
733 -0.0281672851784388
734 -0.02809476538188827
735 -0.02802451744615172
736 -0.02795637509752919
737 -0.0278902427607051
738 -0.02782602258705205
739 -0.02776360361977644
740 -0.02770285426020569
741 -0.02764372714466256
742 -0.02758615982726077
743 -0.02753005760126588
744 -0.02747532512787455
745 -0.02742193195650156
746 -0.02736983091326306
747 -0.02731894055233935
748 -0.02726919961762726
749 -0.02722057647646302
750 -0.02717303055770774
751 -0.0271264995861852
752 -0.02708094415423414
753 -0.02703633139159774
754 -0.0269926271566191
755 -0.02694977132973469
756 -0.02690774489159977
757 -0.02686652091164669
758 -0.02682607333419723
759 -0.02678637895384624
760 -0.02674741741546168
761 -0.02670912691379245
762 -0.02667150170719582
763 -0.0266345276635387
764 -0.02659818758165395
765 -0.02656246638998782
766 -0.02652735114660057
767 -0.02649278737263966
768 -0.02645877071175946
769 -0.02642529421048246
770 -0.02639234469889121
771 -0.02635991036883742
772 -0.0263279807739409
773 -0.02629651800157462
774 -0.02626551383563489
775 -0.02623496306951752
776 -0.02620485446416097
777 -0.02617517759192688
778 -0.02614592283660066
779 -0.0261170683284174
780 -0.02608860410724638
781 -0.02606052425076631
782 -0.02603281931742108
783 -0.02600548040494143
784 -0.02597849915034513
785 -0.02595185634175731
786 -0.02592554441336642
787 -0.02589956051941219
788 -0.02587389726955644
789 -0.02584854774044983
790 -0.02582350547573163
791 -0.02579876448602896
792 -0.02577431924895815
793 -0.02575016470912337
794 -0.02572629197798926
795 -0.02570267335297901
796 -0.02567932125495216
797 -0.02565623061697972
798 -0.02563339672088579
799 -0.02561081519724745
800 -0.02558848202539469
801 -0.02556639353341044
802 -0.02554454639813019
803 -0.02552293764514312
804 -0.02550154390228229
805 -0.02548036381222241
806 -0.02545940165737649
807 -0.02543865378717833
808 -0.02541811677359048
809 -0.0253977874111055
810 -0.02537766271674493
811 -0.02535773993006049
812 -0.02533801651313288
813 -0.02531848633957693
814 -0.0252991301052711
815 -0.0252799578940669
816 -0.02526096661786128
817 -0.02524215332061711
818 -0.02522351517836283
819 -0.02520504949919321
820 -0.02518675372326879
821 -0.02516862542281584
822 -0.02515066230212696
823 -0.02513285456473407
824 -0.02511520100668247
825 -0.02509770170818817
826 -0.02508035416940742
827 -0.02506315597799658
828 -0.0250461048091109
829 -0.02502919842540576
830 -0.02501243467703601
831 -0.0249958115016562
832 -0.0249793247801488
833 -0.02496296543600595
834 -0.02494673829061107
835 -0.02493064134976222
836 -0.02491467269504789
837 -0.02489883048384919
838 -0.02488311294933764
839 -0.02486751840047679
840 -0.02485204522202159
841 -0.02483669187451823
842 -0.02482145689430452
843 -0.02480633889350967
844 -0.02479133656005432
845 -0.02477644865765054
846 -0.024761674025802
847 -0.02474700645457739
848 -0.02473243594637844
849 -0.02471797118784199
850 -0.02470361085724811
851 -0.02468935368945319
852 -0.02467519847589004
853 -0.02466114406456838
854 -0.02464718936007396
855 -0.02463333332356904
856 -0.02461957497279247
857 -0.02460591338205948
858 -0.02459234768226186
859 -0.02457887706086814
860 -0.02456550076192245
861 -0.02455221808604647
862 -0.02453902115104331
863 -0.02452590283466912
864 -0.02451287152912008
865 -0.02449992626261996
866 -0.02448706609941498
867 -0.0244742901397735
868 -0.02446159751998569
869 -0.02444898741236463
870 -0.02443645902524565
871 -0.02442401160298579
872 -0.02441164442596492
873 -0.02439935681058482
874 -0.02438714810926992
875 -0.02437501771046655
876 -0.02436296503864369
877 -0.02435098307876579
878 -0.02433906890312863
879 -0.02432722743238915
880 -0.02431545787630562
881 -0.02430375946592776
882 -0.0242921314535971
883 -0.02428057311294719
884 -0.024269083738903
885 -0.02425766264768132
886 -0.02424630917679117
887 -0.02423502268503278
888 -0.02422380255249841
889 -0.02421264818057174
890 -0.02420155899192887
891 -0.02419053443053713
892 -0.02417957013768551
893 -0.02416866554568005
894 -0.02415782230068714
895 -0.02414703975505601
896 -0.02413631727519789
897 -0.02412565424158625
898 -0.02411505004875656
899 -0.02410450410530593
900 -0.02409401583389367
901 -0.02408358467124131
902 -0.0240732100681318
903 -0.02406289148941073
904 -0.02405262841398507
905 -0.02404242033482405
906 -0.02403226675895887
907 -0.02402216279417113
908 -0.02401210955309789
909 -0.02400210835787048
910 -0.02399215870154007
911 -0.02398226008934141
912 -0.02397241203869374
913 -0.02396261407920051
914 -0.02395286575264902
915 -0.02394316661301064
916 -0.02393351622644113
917 -0.02392391417127993
918 -0.02391436003805111
919 -0.02390485342946238
920 -0.02389539396040588
921 -0.02388598125795742
922 -0.02387661496137764
923 -0.0238672947221104
924 -0.02385802020378443
925 -0.02384879108221209
926 -0.02383960704538997
927 -0.02383046779349912
928 -0.02382137303890383
929 -0.02381232250615343
930 -0.023803313725267
931 -0.02379433970644687
932 -0.02378540745911777
933 -0.02377651664235768
934 -0.02376766692433578
935 -0.02375885798231264
936 -0.02375008950263963
937 -0.02374136118075993
938 -0.02373267272120729
939 -0.02372402383760687
940 -0.02371541425267503
941 -0.02370684369821933
942 -0.0236983119151385
943 -0.02368981865342249
944 -0.02368136367215224
945 -0.02367294673950008
946 -0.02366456763272935
947 -0.02365622613819458
948 -0.02364792205134188
949 -0.02363965517670798
950 -0.02363142532792099
951 -0.02362323232770042
952 -0.02361507600785679
953 -0.0236069562092916
954 -0.0235988643272081
955 -0.02359080423139645
956 -0.02358277835081089
957 -0.0235747864385506
958 -0.02356682825349042
959 -0.02355890356028147
960 -0.0235510121293501
961 -0.02354315373689957
962 -0.02353532816490797
963 -0.02352753520113028
964 -0.02351977463909674
965 -0.02351204627811384
966 -0.02350434992326357
967 -0.02349668538540415
968 -0.0234890524811697
969 -0.02348145103297036
970 -0.02347388086899179
971 -0.02346634182319568
972 -0.02345883373531999
973 -0.02345135645087817
974 -0.0234439098211599
975 -0.02343649370323016
976 -0.02342910795993057
977 -0.02342175032183316
978 -0.02341441630245036
979 -0.02340711097238639
980 -0.02339983412972241
981 -0.02339258557593982
982 -0.02338536511591961
983 -0.0233781725579432
984 -0.02337100771369166
985 -0.02336387039824663
986 -0.0233567604300888
987 -0.02334967763109966
988 -0.02334262182656036
989 -0.02333559284515181
990 -0.02332859051895558
991 -0.02332161468345245
992 -0.02331466517752362
993 -0.02330774184345031
994 -0.02330084452691354
995 -0.02329397307699418
996 -0.02328712734617349
997 -0.02328030719033259
998 -0.02327351246875217
999 -0.02326674304411357
1000 -0.02325999878249754
1001 -0.02325327635627708
1002 -0.0232465774769833
1003 -0.02323990271701866
1004 -0.02323325191248833
1005 -0.02322662490173657
1006 -0.02322002152534486
1007 -0.02321344162613376
1008 -0.02320688504916147
1009 -0.02320035164172484
1010 -0.02319384125335857
1011 -0.02318735373583602
1012 -0.02318088894316841
1013 -0.02317444673160559
1014 -0.02316802695963526
1015 -0.02316162948798361
1016 -0.02315525417961485
1017 -0.02314890089973184
1018 -0.02314256951577511
1019 -0.02313625989742403
1020 -0.02312997191659582
1021 -0.02312370544744597
1022 -0.02311746036636841
1023 -0.0231112365519949
1024 -0.02310503262074524
1025 -0.02309884687452489
1026 -0.02309268164667755
1027 -0.02308653680766554
1028 -0.02308041222989111
1029 -0.02307430778769611
1030 -0.02306822335736292
1031 -0.02306215881711331
1032 -0.02305611404710958
1033 -0.02305008892945364
1034 -0.02304408334818751
1035 -0.02303809718929282
1036 -0.02303213034069154
1037 -0.02302618269224541
1038 -0.02302025413575651
1039 -0.02301434456496613
1040 -0.02300845387555647
1041 -0.02300258196514874
1042 -0.02299672873330449
1043 -0.02299089408152583
1044 -0.02298507791325364
1045 -0.02297928013386975
1046 -0.02297350065069559
1047 -0.02296773937299251
1048 -0.02296199621196165
1049 -0.0229562710807447
1050 -0.02295056389442272
1051 -0.02294487457001694
1052 -0.02293920302648853
1053 -0.02293354918473864
1054 -0.02292791296760839
1055 -0.02292229429987905
1056 -0.02291669310827125
1057 -0.0229111093214462
1058 -0.02290554287000466
1059 -0.02289999368648775
1060 -0.02289446170537617
1061 -0.02288894510304417
1062 -0.02288344057675993
1063 -0.02287795241206758
1064 -0.02287248052292869
1065 -0.02286702482475221
1066 -0.02286158523439353
1067 -0.02285616167015527
1068 -0.02285075405178709
1069 -0.02284536230048486
1070 -0.02283998633889229
1071 -0.0228346260910991
1072 -0.02282928148264227
1073 -0.02282395244050598
1074 -0.02281863889312084
1075 -0.02281334077036472
1076 -0.02280805800356208
1077 -0.02280279052548442
1078 -0.02279753827034988
1079 -0.02279230117382421
1080 -0.02278707917301941
1081 -0.02278187220649429
1082 -0.02277668021425529
1083 -0.02277150313775489
1084 -0.02276634091989298
1085 -0.02276119350501611
1086 -0.02275606083891822
1087 -0.0227509428688393
1088 -0.02274583954346695
1089 -0.02274075081293523
1090 -0.02273567662882561
1091 -0.02273061694416579
1092 -0.02272557171343107
1093 -0.02272054089254284
1094 -0.02271552443887006
1095 -0.02271052231122855
1096 -0.02270553446988035
1097 -0.02270056087653532
1098 -0.022695692423551
1099 -0.02269160138330307
1100 -0.02268861684201531
1100.25 -0.01857890792739484
1100.5 -0.01446922632081931
1100.75 -0.01035961128298876
1101 -0.006250064587840038
1101.25 -0.002140587873680994
1101.5 0.001968817356809366
1101.75 0.006078149736578495
1102 0.01018740803420405
1102.25 0.01429659115389036
1102.5 0.01840539614595934
1102.75 0.02251266852849301
1103 0.02661768070764061
1103.25 0.03070880764073949
1103.5 0.03473557293612253
1103.75 0.03852983241605606
1104 0.04171705958221982
1104.25 0.043875475058078
1104.5 0.04501963070217641
1104.75 0.04555941733450054
1105 0.04584528063914806
1105.25 0.04603840535265531
1105.5 0.04619874008583298
1105.75 0.04634747355442186
1106 0.0464934619085115
1106.25 0.04663947291658416
1106.5 0.04678617461082527
1106.75 0.04693381022302266
1107 0.04708245012999326
1107.25 0.04723217104249775
1107.5 0.04738303669818631
1107.75 0.04753506255373969
1108 0.04768821290835948
1108.25 0.04784248776204567
1108.5 0.04799799927171836
1108.75 0.04815472112803455
1109 0.04831262939246311
1109.25 0.04847172406500382
1109.5 0.04863207614561066
1109.75 0.04879377269051086
1110 0.04895668418026998
1110.25 0.04912083816377819
1110.5 0.04928633963792677
1110.75 0.04945313939588893
1111 0.04962125631179488
1111.25 0.04979070925977559
1111.5 0.04996151711396108
1111.75 0.05013369874848173
1112 0.05030727303746834
1112.25 0.05048225650825678
1112.5 0.05065864069019993
1112.75 0.05083646311945272
1113 0.05101574146286626
1113.25 0.05119649338729162
1113.5 0.05137873655958051
1113.75 0.05156248864658321
1114 0.05174776731515182
1114.25 0.05193458966894522
1114.5 0.0521229581184301
1114.75 0.05231290045183911
1115 0.05250443370906115
1115.25 0.05269757492998643
1115.5 0.05289234115450361
1115.75 0.05308874942250211
1116 0.05328681677387141
1116.25 0.05348656024850072
1116.5 0.05368804191815778
1116.75 0.05389124992471311
1117 0.05409620284005193
1117.25 0.05430291946338401
1117.5 0.0545114185939197
1117.75 0.05472171903086837
1118 0.05493383957343918
1118.25 0.05514779902084248
1118.5 0.05536372567972839
1118.75 0.05558156424674544
1119 0.05580133060552455
1119.25 0.05602304604656264
1119.5 0.05624673186035836
1119.75 0.05647240933740882
1120 0.05670009976821209
1120.25 0.05692982444326607
1120.5 0.05716160465306803
1120.75 0.05739546168811645
1121 0.05763141683890843
1121.25 0.05786963418766013
1121.5 0.05811005755605506
1121.75 0.05835269019215526
1122 0.05859755703838402
1122.25 0.05884468303716642
1122.5 0.0590940931309263
1122.75 0.05934581226208755
1123 0.05959986537307524
1123.25 0.05985627740631262
1123.5 0.06011507330422438
1123.75 0.06037627800923458
1124 0.0606400752009247
1124.25 0.06090643027627046
1124.5 0.06117532837648533
1124.75 0.06144679906500368
1125 0.06172087190526049
1125.25 0.06199757646069193
1125.5 0.06227694229473198
1125.75 0.0625589989708166
1126 0.06284377605238019
1126.25 0.06313130310285851
1126.5 0.06342160968568634
1126.75 0.06371485768118028
1127 0.0640110676867178
1127.25 0.06431021987973994
1127.5 0.06461235101011469
1127.75 0.06491749782771097
1128 0.06522569708239677
1128.25 0.06553698552403964
1128.5 0.06585139990250892
1128.75 0.06616898383047719
1129 0.0664899964369694
1129.25 0.06681432226889542
1129.5 0.06714200604838495
1129.75 0.06747309249756675
1130 0.06780762633857071
1130.25 0.06814565229352541
1130.5 0.06848721508456054
1130.75 0.06883235943380546
1131 0.06918119151805271
1131.25 0.06953382164241771
1131.5 0.06989022465971959
1131.75 0.07025045098927922
1132 0.07061455105041715
1132.25 0.07098257526245508
1132.5 0.07135457404471271
1132.75 0.07173059781651216
1133 0.07211069699717312
1133.25 0.07249512962117532
1133.5 0.07288368012438626
1133.75 0.07327652494344497
1134 0.07367371585643995
1134.25 0.07407530523828154
1134.5 0.07448134606070313
1134.75 0.0748918918922607
1135 0.07530699689833349
1135.25 0.07572675561059516
1135.5 0.07615171040514751
1135.75 0.07658185863424406
1136 0.07701679403619512
1136.25 0.07745661918754893
1136.5 0.07790133347089462
1136.75 0.07835111771513492
1137 0.07880607004364079
1137.25 0.07926645054054833
1137.5 0.07973214496552387
1137.75 0.08020323567189486
1138 0.08068007882592861
1138.25 0.08116246834444138
1138.5 0.08165011561285017
1138.75 0.08214447463186651
1139 0.08264448731482141
1139.25 0.08315028408391086
1139.5 0.08366232750834224
1139.75 0.08418056630021847
1140 0.08470514112162073
1140.25 0.08523619263463079
1140.5 0.08577378142628664
1140.75 0.08631804935631662
1141 0.08686913948089313
1141.25 0.08742717996792367
1141.5 0.08799225989763629
1141.75 0.08856446023192972
1142 0.08914392900950598
1142.25 0.08973078293551098
1142.5 0.09032514239739595
1142.75 0.09092715367562026
1143 0.09153692202753422
1143.25 0.09215456814704635
1143.5 0.09278021272806439
1143.75 0.09341416995347925
1144 0.09405649120818182
1144.25 0.09470727081237795
1144.5 0.09536663970183629
1144.75 0.0960347288123246
1145 0.0967116690796119
1145.25 0.09739759143946522
1145.5 0.09809264715232582
1145.75 0.09879726070858612
1146 0.09951140495306332
1146.25 0.1002352335012966
1146.5 0.1009688999688264
1146.75 0.1017125579711915
1147 0.1024664655888588
1147.25 0.1032310527581941
1147.5 0.1040063057586465
1147.75 0.1047924083600788
1148 0.1055895443323541
1148.25 0.1063978974453356
1148.5 0.1072178028881041
1148.75 0.1080495620636319
1149 0.1088932648743461
1149.25 0.1097491191271989
1149.5 0.1106173326291429
1149.75 0.1114981131871303
1150 0.1123919446854087
1150.25 0.1132987960956804
1150.5 0.1142190118382133
1150.75 0.1151528071228681
1151 0.1161004005135318
1151.25 0.1170620139281167
1151.5 0.1180381205794706
1151.75 0.1190288668762318
1152 0.1200345020588034
1152.25 0.1210552990109978
1152.5 0.1220915370593535
1152.75 0.1231435019731381
1153 0.1242115805058855
1153.25 0.1252961984604884
1153.5 0.1263975949805039
1153.75 0.1275161154880086
1154 0.1286521147527535
1154.25 0.1298059568921639
1154.5 0.1309780153713406
1154.75 0.1321686520089367
1155 0.1333782663442299
1155.25 0.1346072582306329
1155.5 0.1358560353949823
1155.75 0.1371250146546825
1156 0.1384146219177055
1156.25 0.1397251734924833
1156.5 0.1410569646059342
1156.75 0.1424105263401664
1157 0.1437862797694879
1157.25 0.145184651530596
1157.5 0.1466060738225774
1157.75 0.1480509844069073
1158 0.1495196271950731
1158.25 0.1510125250178452
1158.5 0.1525301148193548
1158.75 0.1540728273569157
1159 0.1556410965489667
1159.25 0.157235359475072
1159.5 0.1588561676213703
1159.75 0.16050409439767
1160 0.1621795176830672
1160.25 0.163882924629051
1160.5 0.1656148087501708
1160.75 0.1673756699240346
1161 0.1691660143913095
1161.25 0.1709880255712933
1161.5 0.1728421438215227
1161.75 0.1747282537117014
1162 0.1766467967137763
1162.25 0.1785983150358311
1162.5 0.1805833193496052
1162.75 0.1826021567734749
1163 0.1846557403572695
1163.25 0.1867441875057409
1163.5 0.188868194675893
1163.75 0.1910282994803626
1164 0.1932251505514434
1164.25 0.1954593773465497
1164.5 0.1977317263262634
1164.75 0.2000425237622179
1165 0.20239248227487
1165.25 0.2047820959713516
1165.5 0.2072117802044041
1165.75 0.209682119149124
1166 0.2121933990928798
1166.25 0.214746168005839
1166.5 0.217340911277701
1166.75 0.2199778910329982
1167 0.2226574776388049
1167.25 0.2253801422521591
1167.5 0.2281460966702286
1167.75 0.2309554073272321
1168 0.2338085349619687
1168.25 0.2367055401019846
1168.5 0.2396465384878216
1168.75 0.2426315976467082
1169 0.2456609544175826
1169.25 0.2487341185195483
1169.5 0.2518512122227429
1169.75 0.2550121052384105
1170 0.2582165035942511
1170.25 0.2614638904645849
1170.5 0.2647538635625924
1170.75 0.2680858521060563
1171 0.2714593008555166
1171.25 0.2748735276497864
1171.5 0.2783277155936427
1171.75 0.2818210016446246
1172 0.2853526118164514
1172.25 0.288921502462014
1172.5 0.2925266211134568
1172.75 0.2961668595664207
1173 0.2998410550404222
1173.25 0.3035479377281189
1173.5 0.3072861809370087
1173.75 0.3110546388713534
1174 0.3148518425498709
1174.25 0.3186762672520143
1174.5 0.3225263672612489
1174.75 0.3264005321833582
1175 0.3302973656375162
1175.25 0.3342156606137994
1175.5 0.3381536617319362
1175.75 0.3421097964845869
1176 0.34608294373959
1176.25 0.3500717216228965
1176.5 0.3540746220767533
1176.75 0.3580902642259227
1177 0.3621178414255251
1177.25 0.3661559487153281
1177.5 0.3702034327097813
1177.75 0.3742592810195249
1178 0.3783227493638697
1178.25 0.3823928121170634
1178.5 0.3864686303821219
1178.75 0.3905495198472796
1179 0.3946348514937724
1179.25 0.3987239929814028
1179.5 0.4028164177200122
1179.75 0.4069115946290847
1180 0.4110091387954681
1180.25 0.4151087153416907
1180.5 0.4192100513091559
1180.75 0.4233127479946249
1181 0.4274165344312181
1181.25 0.43152132014621
1181.5 0.4356269976018864
1181.75 0.4397333754231866
1182 0.4438401189392706
1182.25 0.4479473185886104
1182.5 0.452054948399163
1182.75 0.4561629902960976
1183 0.4602710683414661
1183.25 0.4643793429588904
1183.5 0.4684878149553816
1183.75 0.4725965076104371
1184 0.476705215104435
1184.25 0.480813968823223
1184.5 0.4849228082172107
1184.75 0.4890317481119039
1185 0.4931407288862666
1185.25 0.4972496980580144
1185.5 0.5013587020363773
1185.75 0.5054677467965094
1186 0.5095768252984531
1186.25 0.5136858878331606
1186.5 0.5177949633132474
1186.75 0.5219040534133172
1187 0.5260131502877921
1187.25 0.530122256597758
1187.5 0.5342313627269173
1187.75 0.538340471417131
1188 0.5424495854102602
1188.25 0.5465586858111074
1188.5 0.5506677793457809
1188.75 0.5547768736182652
1189 0.5588859699629639
1189.25 0.5629950697142795
1189.5 0.5671041742066152
1189.75 0.5712132847743743
1190 0.5753223953631795
1190.25 0.5794314977542302
1190.5 0.5835406017119968
1190.75 0.5876497075968453
1191 0.5917588157691412
1191.25 0.595867926589251
1191.5 0.5999770404175401
1191.75 0.6040861573373284
1192 0.608195269974521
1192.25 0.6123043835636274
1192.5 0.616413498091064
1192.75 0.6205226135432477
1193 0.6246317299065944
1193.25 0.628740847167521
1193.5 0.6328499653124438
1193.75 0.6369590798161118
1194 0.6410681994303523
1194.25 0.6451773189204708
1194.5 0.649286438286467
1194.75 0.6533955575283418
1195 0.6575046766460942
1195.25 0.6616137956397251
1195.5 0.6657229149616799
1195.75 0.6698320350823823
1196 0.6739411551617106
1196.25 0.6780502751996651
1196.5 0.6821593951962454
1196.75 0.6862685151514517
1197 0.6903776350652844
1197.25 0.6944867549377427
1197.5 0.6985958747688272
1197.75 0.7027049945585377
1198 0.7068141143068744
1198.25 0.7109232340138369
1198.5 0.7150323536794256
1198.75 0.7191414733036402
1199 0.7232505928864811
1199.25 0.7273597124279476
1199.5 0.7314688319280404
1199.75 0.7355779513867593
1200 0.7396870708041039
