0 0
0.25 5.306258200327511e-42
0.5 4.891828260968277e-36
0.75 2.273978529267938e-12
1 6.346657171979566e-12
1.25 1.041933581469119e-11
1.5 1.449201445740281e-11
1.75 1.856469310011444e-11
2 2.263737174282606e-11
2.25 2.671005038553769e-11
2.5 3.078272902824931e-11
2.75 3.485540767096094e-11
3 3.892808631367256e-11
3.25 4.300076495638418e-11
3.5 4.707344359909581e-11
3.75 1.908947885905235e-09
4 7.201106752154199e-09
4.25 1.249326561840316e-08
4.5 6.502010687011475e-08
4.75 2.279921834632216e-07
5 9.619807559599374e-07
5.25 3.689156739772859e-06
5.5 1.671513253445945e-05
5.75 7.682629015667191e-05
6 0.0003696189203107601
6.25 0.001714642967247282
6.5 0.007104139577323244
6.75 0.02300823903777521
7 0.05234655688246472
7.25 0.08841703375664486
7.5 0.1249682400325603
7.75 0.1598824902946702
8 0.192833440833902
8.25 0.2239463355636719
8.5 0.2534293402694294
8.75 0.281477965172836
9 0.3082651618625966
9.25 0.3339420234462024
9.5 0.3586370272836999
9.75 0.3824600048393119
10 0.4055070810578319
10.25 0.4278625310380296
10.5 0.4495991080168005
10.75 0.4707798879666671
11 0.4914602484668923
11.25 0.5116891419353339
11.5 0.5315095445741589
11.75 0.55096023486243
12 0.5700746527617701
12.25 0.5888826625748641
12.5 0.6074123697555037
12.75 0.6256847849780722
13 0.6437235054425406
13.25 0.6615470454473343
13.5 0.6791727061908601
13.75 0.6966162647904437
14 0.7138916931733423
14.25 0.7310116369388544
14.5 0.7479875446557943
14.75 0.7648306180325118
15 0.7815500561228921
15.25 0.7981530673055031
15.5 0.8146483994005632
15.75 0.8310441865126509
16 0.8473465557260935
16.25 0.86356159725641
16.5 0.8796948061167988
16.75 0.8957514032001644
17 0.9117362217905844
17.25 0.9276534988585247
17.5 0.9435073425494215
17.75 0.9593015636370159
18 0.9750394281516843
18.25 0.9907243871526578
18.5 1.006359813133028
18.75 1.021947993734525
19 1.037490576369244
19.25 1.052990619586617
19.5 1.068451705036877
19.75 1.083874863602141
20 1.099262019586303
20.25 1.114614756594805
20.5 1.129935078766899
20.75 1.145224497793169
21 1.16048439078641
21.25 1.175716591980562
21.5 1.190922345848669
21.75 1.206102670158626
22 1.221258844516546
22.25 1.236391926175428
22.5 1.251503008741943
22.75 1.266593038292244
23 1.281662945474104
23.25 1.296713525969729
23.5 1.311745639822217
23.75 1.32676031557713
24 1.341758406705364
24.25 1.356740619159043
24.5 1.371706924173538
24.75 1.386657809414295
25 1.401593660239416
26 1.410938404979281
27 1.412810783084161
28 1.413876128549767
29 1.41461536861011
30 1.415178723212634
31 1.415632079884276
32 1.416010727932227
33 1.416334937195911
34 1.41661810809372
35 1.416869269555847
36 1.417094642946962
37 1.417298811593355
38 1.417485318580215
39 1.417656976922149
40 1.417815880597695
41 1.417963707382349
42 1.418101859813196
43 1.418231438476365
44 1.418353407996302
45 1.418468600887708
46 1.418577761994578
47 1.418681424670054
48 1.418780134074967
49 1.418874304903216
50 1.418964298492825
51 1.419050484682231
52 1.419133108661253
53 1.419212489854418
54 1.419288823800917
55 1.419362360451361
56 1.419433271571512
57 1.419501773889161
58 1.419568000492558
59 1.419632076092394
60 1.419694145346713
61 1.419754349980302
62 1.419812758223024
63 1.419869448930411
64 1.419924580070603
65 1.419978190212933
66 1.420030341457008
67 1.420081127129342
68 1.420130624707813
69 1.420178877074576
70 1.420225939452341
71 1.420271888639222
72 1.420316762148011
73 1.42036060457959
74 1.420403480102994
75 1.420445425592852
76 1.420486472407555
77 1.420526652942861
78 1.420565995548784
79 1.420604542705673
80 1.420642346215164
81 1.420679412268592
82 1.420715763218378
83 1.420751418393738
84 1.420786395295991
85 1.420820763904586
86 1.420854515094113
87 1.420887666541355
88 1.420920233988826
89 1.420952231244762
90 1.42098369473602
91 1.421014644115449
92 1.42104508532201
93 1.421075032399286
94 1.42110449823708
95 1.42113349921039
96 1.421162060723013
97 1.421190187307392
98 1.421217891040216
99 1.421245183230722
100 1.42127207442069
101 1.421298591250728
102 1.421324735151989
103 1.421350514434205
104 1.421375938116862
105 1.421401014554932
106 1.42142575143887
107 1.421450155794613
108 1.421474233983584
109 1.421498005401949
110 1.421521484754647
111 1.42154466732837
112 1.421567559284841
113 1.421590166289457
114 1.421612493511284
115 1.421634545623058
116 1.421656326801184
117 1.421677842776653
118 1.42169912656521
119 1.421720163179632
120 1.421740957359322
121 1.421761513526809
122 1.421781835787746
123 1.421801927930913
124 1.421821793428213
125 1.421841435434674
126 1.421860871309782
127 1.421880104578841
128 1.421899133153872
129 1.421917960823822
130 1.421936591189377
131 1.421955027662964
132 1.42197327346875
133 1.421991331642644
134 1.422009207445029
135 1.422026911480765
136 1.422044441030222
137 1.4220617992875
138 1.422078989321863
139 1.422096014077743
140 1.422112876374735
141 1.422129578907599
142 1.422146124246261
143 1.422162523739621
144 1.422178775400882
145 1.422194880138044
146 1.422210840391839
147 1.422226658494878
148 1.42224233667165
149 1.42225787703852
150 1.422273281603732
151 1.422288552267408
152 1.422303690821549
153 1.422318698950029
154 1.422333578228606
155 1.422348330124911
156 1.422362966495442
157 1.422377488644609
158 1.422391892464925
159 1.422406179592546
160 1.422420351582903
161 1.42243440991071
162 1.42244835596996
163 1.422462191073926
164 1.422475916455159
165 1.422489533265494
166 1.422503042576041
167 1.422516445377193
168 1.422529742578623
169 1.42254294207943
170 1.422556051853822
171 1.422569063804592
172 1.422581979154796
173 1.422594799076062
174 1.422607524688597
175 1.422620157061183
176 1.422632697211178
177 1.422645146104516
178 1.422657504655708
179 1.422669773727839
180 1.422681954132572
181 1.422694046630146
182 1.422706054183061
183 1.422717987460122
184 1.422729838671209
185 1.422741608822347
186 1.42275329888913
187 1.422764909816727
188 1.422776442519877
189 1.422787897882891
190 1.422799276759651
191 1.422810579973611
192 1.422821808317798
193 1.422832962554809
194 1.422844043416814
195 1.422855051605553
196 1.42286599434804
197 1.422876867781067
198 1.422887672537618
199 1.42289840942763
200 1.422909079240928
201 1.422919682747224
202 1.422930220696117
203 1.422940693817092
204 1.422951102819521
205 1.422961448392662
206 1.422971731205662
207 1.422981951907552
208 1.422992111127251
209 1.423002214325475
210 1.423012259834697
211 1.423022246844528
212 1.423032175993323
213 1.42304204790201
214 1.423051863174091
215 1.423061622395643
216 1.423071326135317
217 1.423080974944339
218 1.423090569356506
219 1.423100109888193
220 1.423109597038348
221 1.423119031288491
222 1.42312841310272
223 1.423137742927705
224 1.42314702119269
225 1.423156248309493
226 1.423165424672508
227 1.423174550658702
228 1.423183626627615
229 1.423192652921364
230 1.42320164018105
231 1.423210580730449
232 1.4232194745582
233 1.423228322085518
234 1.423237123720617
235 1.423245879858703
236 1.423254590881984
237 1.423263257159659
238 1.423271879047926
239 1.423280456889978
240 1.423288991016006
241 1.423297481743196
242 1.423305929375729
243 1.423314334204785
244 1.423322696508538
245 1.423331016552159
246 1.423339294587816
247 1.423347530854672
248 1.423355725578886
249 1.423363878973616
250 1.423371992945965
251 1.423380076196701
252 1.423388120732329
253 1.423396126869628
254 1.423404094917109
255 1.423412025175021
256 1.423419917935342
257 1.423427773481787
258 1.423435592089803
259 1.42344337402657
260 1.423451119551002
261 1.423458828913748
262 1.42346650235719
263 1.423474140115441
264 1.423481742414351
265 1.423489309471503
266 1.423496841496211
267 1.423504338689525
268 1.423511801244229
269 1.423519229344839
270 1.423526623167604
271 1.423533985725368
272 1.423541320325883
273 1.423548622621321
274 1.423555892867094
275 1.423563131313744
276 1.423570338206942
277 1.423577513787486
278 1.423584658291304
279 1.423591771949451
280 1.423598854988113
281 1.423605907628602
282 1.423612930087361
283 1.423619922575959
284 1.423626885301097
285 1.423633818464602
286 1.42364072226343
287 1.423647596889667
288 1.423654442530526
289 1.423661259368349
290 1.423668047580607
291 1.423674807339901
292 1.423681541028
293 1.423688248849413
294 1.423694929448506
295 1.423701583033662
296 1.423708209810054
297 1.423714809979645
298 1.423721383741188
299 1.423727931290226
300 1.423734452819094
301 1.423740948516917
302 1.423747418569608
303 1.423753863159873
304 1.423760282467207
305 1.423766676667897
306 1.423773045935018
307 1.423779390438436
308 1.42378571034481
309 1.423792005817585
310 1.423798277017001
311 1.423804524100083
312 1.423810747220651
313 1.423816949553116
314 1.423823129528388
315 1.423829286443521
316 1.423835420461526
317 1.423841531742633
318 1.42384762044429
319 1.423853686721162
320 1.423859730725136
321 1.423865752605313
322 1.423871752508015
323 1.423877730576781
324 1.42388368695237
325 1.423889621772757
326 1.423895535173137
327 1.423901427285924
328 1.423907298240748
329 1.423913148164458
330 1.423918977181124
331 1.423924785412031
332 1.423930572975684
333 1.423936339987805
334 1.423942086561336
335 1.423947812806437
336 1.423953518830485
337 1.423959204738076
338 1.423964870631026
339 1.423970516608367
340 1.423976142766351
341 1.423981749198446
342 1.423987335995342
343 1.423992903244943
344 1.423998451032375
345 1.424003979439981
346 1.424009494860827
347 1.424014992040639
348 1.424020470837852
349 1.424025931360204
350 1.424031373713353
351 1.424036798000886
352 1.424042204324313
353 1.424047592783069
354 1.424052963474516
355 1.424058316493939
356 1.42406365193455
357 1.424068969887484
358 1.424074270441803
359 1.424079553684492
360 1.424084819700464
361 1.424090068572554
362 1.424095300381524
363 1.424100515206061
364 1.424105713122777
365 1.424110894206208
366 1.424116058528816
367 1.424121206160988
368 1.424126337171038
369 1.4241314516252
370 1.424136549587639
371 1.424141631120442
372 1.42414669628362
373 1.424151745135112
374 1.42415677773078
375 1.424161794124412
376 1.424166794367721
377 1.424171778510346
378 1.424176747627975
379 1.424181706905677
380 1.424186651011344
381 1.424191580024905
382 1.424196494024974
383 1.42420139308885
384 1.424206277292513
385 1.424211146710631
386 1.424216001416552
387 1.42422084148231
388 1.424225666978622
389 1.424230477974889
390 1.424235274539195
391 1.42424005673831
392 1.424244824637686
393 1.42424957830146
394 1.424254317792451
395 1.424259043172164
396 1.424263754500787
397 1.42426845183719
398 1.424273135238931
399 1.424277804762247
400 1.424282460462063
401 1.424287102391986
402 1.424291730604305
403 1.424296345149997
404 1.424300946078719
405 1.424305533438814
406 1.424310107277308
407 1.424314667639912
408 1.424319214571018
409 1.424323748113705
410 1.424328268309735
411 1.42433277688664
412 1.424337275773576
413 1.424341762004256
414 1.424346235642938
415 1.42435069675311
416 1.424355145397485
417 1.424359581638007
418 1.424364005535843
419 1.424368417151392
420 1.424372816544277
421 1.424377203773351
422 1.424381578896694
423 1.424385941971613
424 1.424390293054644
425 1.424394632201548
426 1.424398959467317
427 1.424403274906167
428 1.424407578571546
429 1.424411870516124
430 1.424416150791803
431 1.424420419449711
432 1.424424676540204
433 1.424428922112866
434 1.424433156216507
435 1.424437378899165
436 1.424441590208108
437 1.424445790189828
438 1.424449978890048
439 1.424454156353715
440 1.424458322625007
441 1.424462477747328
442 1.42446662176331
443 1.424470754714811
444 1.424474877938817
445 1.424478991503548
446 1.424483094406742
447 1.424487186700757
448 1.424491268437444
449 1.424495339668147
450 1.424499400443703
451 1.424503450814439
452 1.42450749083018
453 1.424511520540237
454 1.424515539993421
455 1.42451954923803
456 1.424523548321857
457 1.424527537292188
458 1.424531516195801
459 1.424535485078968
460 1.424539443987452
461 1.42454339296651
462 1.424547332060891
463 1.424551261314838
464 1.424555180772084
465 1.424559090475858
466 1.424562990468881
467 1.424566880793364
468 1.424570761491014
469 1.42457463260303
470 1.424578494170102
471 1.424582346232415
472 1.424586188829646
473 1.424590022000963
474 1.42459384578503
475 1.424597660220001
476 1.424601465343525
477 1.424605262957051
478 1.424609052133443
479 1.424612832283988
480 1.424616603449707
481 1.424620365671182
482 1.424624118988555
483 1.424627863441526
484 1.42463159906936
485 1.424635325910878
486 1.424639044004463
487 1.424642753388059
488 1.424646454099168
489 1.424650146174854
490 1.42465382965174
491 1.424657504566012
492 1.424661170953412
493 1.424664828849245
494 1.424668478288377
495 1.424672119305231
496 1.424675751933794
497 1.42467937620761
498 1.424682992159786
499 1.424686599822986
500 1.424690199229437
501 1.424693790410926
502 1.424697373398799
503 1.424700948223963
504 1.424704514916885
505 1.424708073507592
506 1.424711624025671
507 1.424715166500272
508 1.424718700960101
509 1.424722227433426
510 1.424725745948078
511 1.424729256531442
512 1.42473275921047
513 1.424736254011671
514 1.424739740961112
515 1.424743220084425
516 1.4247466914068
517 1.424750154952985
518 1.424753610747293
519 1.424757058813592
520 1.424760499175315
521 1.424763931855453
522 1.424767356876556
523 1.424770774260735
524 1.424774184029665
525 1.424777586204575
526 1.424780980806258
527 1.424784367855068
528 1.424787747370916
529 1.424791122479004
530 1.424794490845935
531 1.424797851973961
532 1.42480120588712
533 1.42480455260945
534 1.42480789216499
535 1.424811224577779
536 1.424814549871855
537 1.424817868071255
538 1.424821179200019
539 1.424824483282185
540 1.424827780341791
541 1.424831070402876
542 1.424834353489479
543 1.424837629625636
544 1.424840898835387
545 1.424844161142771
546 1.424847416571825
547 1.424850665146588
548 1.424853906891098
549 1.424857141829395
550 1.424860369985515
551 1.424863591383498
552 1.424866806047382
553 1.424870014001205
554 1.424873215269006
555 1.424876409874823
556 1.424879597842695
557 1.424882779196659
558 1.424885953960755
559 1.42488912215902
560 1.424892283815494
561 1.424895438954213
562 1.424898587599218
563 1.424901729774546
564 1.424904865504235
565 1.424907994812324
566 1.424911117722852
567 1.424914234259857
568 1.424917344447376
569 1.42492044830945
570 1.424923545870115
571 1.42492663715341
572 1.424929722183374
573 1.424932800984045
574 1.424935873579462
575 1.424938899584352
575.25 1.424938899584352
575.5 1.424938899584352
575.75 1.424938899584352
576 1.424938899584349
576.25 1.424938899584345
576.5 1.424938899584341
576.75 1.424938899584337
577 1.424938899583323
577.25 1.424938899582303
577.5 1.424938899581283
577.75 1.424938899565916
578 1.424938899534058
578.25 1.4249388995022
578.5 1.424938899470342
578.75 1.424938899140319
579 1.424938898789932
579.25 1.424938898439545
579.5 1.42493889526405
579.75 1.424938887970594
580 1.424938880677138
580.25 1.424938873383681
580.5 1.424938866090225
580.75 1.424938858796769
581 1.424938851503312
581.25 1.42493883419559
581.5 1.42493879817081
581.75 1.42493876214603
582 1.42493872612125
582.25 1.424938690096471
582.5 1.424938654071691
582.75 1.424938618046911
583 1.424938588729389
583.25 1.424938575817032
583.5 1.424938562904676
583.75 1.424938549992319
584 1.424938537079963
584.25 1.424938524167606
584.5 1.42493851125525
584.75 1.424938498342893
585 1.424938485430536
585.25 1.42493847251818
585.5 1.424938459605823
585.75 1.424938446693467
586 1.42493843378111
586.25 1.424938420868754
586.5 1.424938407956397
586.75 1.424938395044041
587 1.424938382131684
587.25 1.424938369219327
587.5 1.424938356306971
587.75 1.424938343394614
588 1.424938330482258
588.25 1.424938317569901
588.5 1.424938304657545
588.75 1.424938299256408
589 1.424938299256273
589.25 1.424938299256139
589.5 1.424938299256004
589.75 1.424938299255869
590 1.424938299255735
590.25 1.4249382992556
590.5 1.424938299255465
590.75 1.424938299255331
591 1.424938299255196
591.25 1.424938299255061
591.5 1.424938299254927
591.75 1.424938299254792
592 1.424938299254658
592.25 1.424938299254523
592.5 1.424938299254388
592.75 1.424938299254254
593 1.424938299254119
593.25 1.424938299253984
593.5 1.42493829925385
593.75 1.424938299253715
594 1.42493829925358
594.25 1.424938299253446
594.5 1.424938298282358
594.75 1.424938297170309
595 1.42493829605826
595.25 1.424938294946211
595.5 1.424938293834162
595.75 1.424938292722113
596 1.424938291610065
596.25 1.424938290498015
596.5 1.424938289385967
596.75 1.424938288273918
597 1.424938287161869
597.25 1.42493828604982
597.5 1.424938284937771
597.75 1.424938283825722
598 1.424938282713673
598.25 1.424938281601624
598.5 1.424938280489575
598.75 1.424938279377526
599 1.424938278265477
599.25 1.424938277153428
599.5 1.424938276041379
599.75 1.42493827492933
600 1.424938273817282
600.25 1.424938272705233
600.5 1.424938271593184
600.75 1.424938270481135
601 1.424938269369086
601.25 1.424938268257037
601.5 1.424938267144988
601.75 1.424938266032939
602 1.42493826492089
602.25 1.424938263808841
602.5 1.424938262696792
602.75 1.424938261584743
603 1.424938260472694
603.25 1.424938259360645
603.5 1.424938258248596
603.75 1.424938257136548
604 1.424938256024499
604.25 1.42493825491245
604.5 1.424938253800401
604.75 1.424938252688352
605 1.424938251576303
605.25 1.424938250464254
605.5 1.424938249352205
605.75 1.424938248240156
606 1.424938247128107
606.25 1.424938246016058
606.5 1.424938244904009
606.75 1.42493824379196
607 1.424938242679911
607.25 1.424938241567862
607.5 1.424938240455814
607.75 1.424938239343764
608 1.424938238231716
608.25 1.424938237119667
608.5 1.424938236007618
608.75 1.424938234895569
609 1.42493823378352
609.25 1.424938232671471
609.5 1.424938231686792
609.75 1.424938231686791
610 1.42493823168679
610.25 1.424938231686789
610.5 1.424938231686788
610.75 1.424938231686786
611 1.424938231686785
611.25 1.424938231686784
611.5 1.424938231686783
611.75 1.424938231686782
612 1.424938231686781
612.25 1.42493823168678
612.5 1.424938231686779
612.75 1.424938231686778
613 1.424938231686777
613.25 1.424938231686776
613.5 1.424938231686775
613.75 1.424938231686774
614 1.424938231686773
614.25 1.424938231686772
614.5 1.42493823168677
614.75 1.42493823168677
615 1.424938231686768
615.25 1.424938231686767
615.5 1.424938231686766
615.75 1.424938231686765
616 1.424938231686764
616.25 1.424938231686763
616.5 1.424938231686762
616.75 1.424938231686761
617 1.42493823168676
617.25 1.424938231686759
617.5 1.424938231686758
617.75 1.424938231686757
618 1.424938231686755
618.25 1.424938231686754
618.5 1.424938231686753
618.75 1.424938231686752
619 1.424938231686751
619.25 1.42493823168675
619.5 1.424938231686749
619.75 1.424938231686748
620 1.424938231686747
620.25 1.424938231686746
620.5 1.424938231686745
620.75 1.424938231686744
621 1.424938231686743
621.25 1.424938231686742
621.5 1.42493823168674
621.75 1.424938231686739
622 1.424938231686738
622.25 1.424938231686737
622.5 1.424938231686736
622.75 1.424938231686735
623 1.424938231686734
623.25 1.424938231686733
623.5 1.424938231686732
623.75 1.424938231686731
624 1.42493823168673
624.25 1.424938231686729
624.5 1.424938231686728
624.75 1.424938231711097
625 1.424938590874733
626 1.424941651113711
627 1.42494470619422
628 1.424947755278242
629 1.424950798360279
630 1.424953835505751
631 1.424956866740616
632 1.424959892030998
633 1.424962911414602
634 1.424965924980675
635 1.424968932669452
636 1.424971934639984
637 1.424974935040505
638 1.424977929827748
639 1.424980919001714
640 1.4249839025624
641 1.424986880509809
642 1.42498985284394
643 1.424992819564793
644 1.424995780672367
645 1.424998736166664
646 1.425001686047682
647 1.425004630315423
648 1.425007568969885
649 1.425010502011069
650 1.425013429438975
651 1.425016351253603
652 1.425019267454953
653 1.425022178043025
654 1.425025083017819
655 1.425027982379335
656 1.425030876127572
657 1.425033764262532
658 1.425036646784213
659 1.425039523692617
660 1.425042394987742
661 1.425045260669589
662 1.425048120738159
663 1.42505097519345
664 1.425053824035463
665 1.425056667264198
666 1.425059504879654
667 1.425062336881833
668 1.425065163270734
669 1.425067986254601
670 1.425070809707024
671 1.425073628029367
672 1.425076441221629
673 1.425079249283811
674 1.425082052215913
675 1.425084850017934
676 1.425087642689875
677 1.425090430231736
678 1.425093212643516
679 1.425095989925216
680 1.425098762076835
681 1.425101529098374
682 1.425104290989833
683 1.425107047751211
684 1.425109799382509
685 1.425112545883727
686 1.425115287254864
687 1.425118023495921
688 1.425120754606897
689 1.425123480587793
690 1.425126201438609
691 1.425128917159344
692 1.425131627749999
693 1.425134333210574
694 1.425137033541068
695 1.425139728741482
696 1.425142418811815
697 1.425145103752068
698 1.425147783562241
699 1.425150458242333
700 1.425153127792345
701 1.425155792212277
702 1.425158370773819
703 1.425161041272622
704 1.425163706664422
705 1.425166366964434
706 1.425169022187876
707 1.425171672349964
708 1.425174317465913
709 1.425176957550942
710 1.425179592620265
711 1.425182222689099
712 1.425184847772661
713 1.425187467886166
714 1.425190083044832
715 1.425192693263875
716 1.42519529855851
717 1.425197898943955
718 1.425200494435426
719 1.425203085048138
720 1.425205670797309
721 1.425208251698155
722 1.425210827765892
723 1.425213399015736
724 1.425215965462904
725 1.425218527122613
726 1.425221084010077
727 1.425223636140515
728 1.425226183529142
729 1.425228726191175
730 1.42523126414183
731 1.425233797396323
732 1.425236325969871
733 1.42523884987769
734 1.425241369134996
735 1.425243887900447
736 1.425246403519691
737 1.425248914695305
738 1.425251421444054
739 1.425253923782699
740 1.425256421728003
741 1.425258915296728
742 1.425261404505638
743 1.425263889371495
744 1.425266369911062
745 1.425268846141101
746 1.425271318078375
747 1.425273785739646
748 1.425276249141678
749 1.425278708301233
750 1.425281163235073
751 1.425283613959961
752 1.425286060492661
753 1.425288502849934
754 1.425290941048543
755 1.425293375105251
756 1.42529580503682
757 1.425298230860014
758 1.425300652591594
759 1.425303070248323
760 1.425305483846965
761 1.425307893404282
762 1.425310298937036
763 1.42531270046199
764 1.425315097995907
765 1.425317491555549
766 1.425319881157679
767 1.42532226681906
768 1.425324648556454
769 1.425327026386624
770 1.425329400326333
771 1.425331770392343
772 1.425334136601417
773 1.425336498970317
774 1.425338857515807
775 1.425341212254648
776 1.425343563203605
777 1.425345910379438
778 1.425348253798911
779 1.425350593478787
780 1.425352929435828
781 1.425355261686796
782 1.425357590248455
783 1.425359915137568
784 1.425362236370896
785 1.425364553965202
786 1.42536686793725
787 1.425369178303801
788 1.425371485081618
789 1.425373788287465
790 1.425376087938103
791 1.425378384050296
792 1.425380676640805
793 1.425382965726394
794 1.425385251323826
795 1.425387533449862
796 1.425389812121266
797 1.425392087354801
798 1.425394359167228
799 1.42539662757531
800 1.425398892595811
801 1.425401154245493
802 1.425403412541118
803 1.42540566749945
804 1.42540791913725
805 1.425410167471282
806 1.425412412518308
807 1.42541465429509
808 1.425416892818392
809 1.425419128104976
810 1.425421360171605
811 1.425423589035042
812 1.425425814712048
813 1.425428037219387
814 1.425430256573821
815 1.425432472792113
816 1.425434685891026
817 1.425436895887322
818 1.425439102797765
819 1.425441306639116
820 1.425443507428138
821 1.425445705181593
822 1.425447899916246
823 1.425450091648858
824 1.425452280396191
825 1.425454466175009
826 1.425456649002075
827 1.42545882889415
828 1.425461005867998
829 1.42546317994038
830 1.425465351128061
831 1.425467519447802
832 1.425469684916366
833 1.425471847550515
834 1.425474007367014
835 1.425476164382623
836 1.425478318614106
837 1.425480466559111
838 1.425482600430632
839 1.425484731138092
840 1.425486858694108
841 1.425488983111295
842 1.425491104402271
843 1.42549322257965
844 1.425495337656051
845 1.425497449644087
846 1.425499558556377
847 1.425501664405535
848 1.425503767204179
849 1.425505866964924
850 1.425507963700386
851 1.425510057423182
852 1.425512148145929
853 1.425514235881241
854 1.425516320641735
855 1.425518402440029
856 1.425520481288737
857 1.425522557200475
858 1.425524630187861
859 1.42552670026351
860 1.425528767440039
861 1.425530831730063
862 1.425532893146199
863 1.425534951701064
864 1.425537007407272
865 1.425539060277441
866 1.425541110324187
867 1.425543157560125
868 1.425545201997872
869 1.425547243650045
870 1.425549282529259
871 1.425551318648131
872 1.425553352019276
873 1.425555382655312
874 1.425557410568853
875 1.425559435772517
876 1.42556145827892
877 1.425563478100677
878 1.425565495250405
879 1.425567509740721
880 1.425569521584239
881 1.425571530793578
882 1.425573537381352
883 1.425575541360178
884 1.425577542742672
885 1.42557954154145
886 1.425581537769129
887 1.425583531438325
888 1.425585522561653
889 1.42558751115173
890 1.425589497221173
891 1.425591480782598
892 1.42559346184862
893 1.425595440431855
894 1.425597416544921
895 1.425599390200433
896 1.425601361411008
897 1.425603330189261
898 1.425605296547809
899 1.425607260499268
900 1.425609222056254
901 1.425611181231383
902 1.425613138037273
903 1.425615092486537
904 1.425617044591794
905 1.425618994365659
906 1.425620941820749
907 1.425622886969679
908 1.425624829825065
909 1.425626770399525
910 1.425628708705674
911 1.425630644756128
912 1.425632578563504
913 1.425634510140417
914 1.425636439499484
915 1.425638366653321
916 1.425640291614545
917 1.425642214395771
918 1.425644135009616
919 1.425646053468696
920 1.425647969785626
921 1.425649883973024
922 1.425651796043506
923 1.425653706009687
924 1.425655613884184
925 1.425657519679613
926 1.42565942340859
927 1.425661325083731
928 1.425663224717654
929 1.425665122322973
930 1.425667017912305
931 1.425668911498266
932 1.425670803093472
933 1.42567269271054
934 1.425674580362086
935 1.425676466060726
936 1.425678349819076
937 1.425680231649753
938 1.425682111565371
939 1.425683989578549
940 1.425685854266309
941 1.425687712371073
942 1.42568956814767
943 1.42569142160427
944 1.425693272749041
945 1.425695121590152
946 1.425696968135773
947 1.425698812394072
948 1.425700654373219
949 1.425702494081382
950 1.425704331526731
951 1.425706166717435
952 1.425707999661663
953 1.425709830367584
954 1.425711658843367
955 1.42571348509718
956 1.425715309137194
957 1.425717130971578
958 1.425718950608499
959 1.425720768056128
960 1.425722583322633
961 1.425724396416184
962 1.425726207344949
963 1.425728016117098
964 1.4257298227408
965 1.425731627224224
966 1.425733429575538
967 1.425735229802913
968 1.425737027914516
969 1.425738823918518
970 1.425740617823086
971 1.425742409636391
972 1.425744199366602
973 1.425745987021886
974 1.425747772610414
975 1.425749556140355
976 1.425751337619877
977 1.42575311705715
978 1.425754894460342
979 1.425756669837624
980 1.425758443197163
981 1.42576021454713
982 1.425761983895692
983 1.425763751251019
984 1.425765516621281
985 1.425767280014646
986 1.425769041439283
987 1.425770800903361
988 1.42577255841505
989 1.425774313982519
990 1.425776067613936
991 1.425777819317471
992 1.425779569101293
993 1.42578131697357
994 1.425783062942473
995 1.425784807016169
996 1.425786549202828
997 1.42578828951062
998 1.425790027947712
999 1.425791764522275
1000 1.425793499242478
1001 1.425795232116488
1002 1.425796963152476
1003 1.425798692358611
1004 1.425800419743061
1005 1.425802145313996
1006 1.425803869079585
1007 1.425805591047997
1008 1.4258073112274
1009 1.425809029625965
1010 1.425810746251859
1011 1.425812461113253
1012 1.425814174218315
1013 1.425815885575215
1014 1.42581759519212
1015 1.425819303077201
1016 1.425821009238626
1017 1.425822713684565
1018 1.425824416423187
1019 1.425826117462661
1020 1.425827816811154
1021 1.425829514476838
1022 1.425831210467881
1023 1.425832904792452
1024 1.42583459745872
1025 1.425836288474855
1026 1.425837977849024
1027 1.425839665589397
1028 1.425841351704145
1029 1.425843036201434
1030 1.425844719089435
1031 1.425846400376316
1032 1.425848080070248
1033 1.425849758179397
1034 1.425851434711935
1035 1.42585310967603
1036 1.42585478307985
1037 1.425856454931566
1038 1.425858125239345
1039 1.425859794011358
1040 1.425861461255773
1041 1.425863126980759
1042 1.425864788852625
1043 1.425866440278476
1044 1.425868089882107
1045 1.425869737668529
1046 1.425871383642757
1047 1.425873027809805
1048 1.425874670174686
1049 1.425876310742414
1050 1.425877949518003
1051 1.425879586506466
1052 1.425881221712816
1053 1.425882855142068
1054 1.425884486799236
1055 1.425886116689332
1056 1.42588774481737
1057 1.425889371188365
1058 1.425890995807329
1059 1.425892618679277
1060 1.425894239809222
1061 1.425895859202178
1062 1.425897476863158
1063 1.425899092797176
1064 1.425900707009246
1065 1.425902319504381
1066 1.425903930287595
1067 1.425905539363902
1068 1.425907146738315
1069 1.425908752415848
1070 1.425910356401514
1071 1.425911958700328
1072 1.425913559317303
1073 1.425915158257452
1074 1.42591675552579
1075 1.425918351127329
1076 1.425919945067085
1077 1.425921537350069
1078 1.425923127981296
1079 1.425924716965779
1080 1.425926304308533
1081 1.425927890014571
1082 1.425929474088906
1083 1.425931056536552
1084 1.425932637362523
1085 1.425934216571832
1086 1.425935794169493
1087 1.425937370160521
1088 1.425938944549927
1089 1.425940517342727
1090 1.425942088543933
1091 1.42594365815856
1092 1.42594522619162
1093 1.425946792648129
1094 1.425948357533098
1095 1.425949920851543
1096 1.425951482608476
1097 1.425953042808911
1098 1.425954601457863
1099 1.425956158560344
1100 1.425957714121368
1101 1.425959268145949
1102 1.425960820639101
1103 1.425962371605836
1104 1.42596392105117
1105 1.425965468980115
1106 1.425967015397686
1107 1.425968560308895
1108 1.425970103718756
1109 1.425971645632284
1110 1.425973186054492
1111 1.425974724990392
1112 1.425976262445001
1113 1.425977798423329
1114 1.425979332930393
1115 1.425980865971204
1116 1.425982397550777
1117 1.425983927674125
1118 1.425985456346262
1119 1.425986983572202
1120 1.425988509356958
1121 1.425990033705544
1122 1.425991556622974
1123 1.425993078114262
1124 1.42599459818442
1125 1.425996116838462
1126 1.425997634081403
1127 1.425999149918256
1128 1.426000664354034
1129 1.426002177393752
1130 1.426003689042422
1131 1.426005199305059
1132 1.426006708186676
1133 1.426008215692287
1134 1.426009721826905
1135 1.426011226595544
1136 1.426012730003219
1137 1.426014232054942
1138 1.426015732755726
1139 1.426017232110587
1140 1.426018730124537
1141 1.426020226802589
1142 1.426021722149759
1143 1.426023216171059
1144 1.426024708871503
1145 1.426026196017272
1146 1.426027679850902
1147 1.426029162199399
1148 1.426030643066057
1149 1.426032122454169
1150 1.426033600367027
1151 1.426035076807924
1152 1.426036551780154
1153 1.426038025287009
1154 1.426039497331782
1155 1.426040967917766
1156 1.426042437048254
1157 1.42604390472654
1158 1.426045370955915
1159 1.426046835739673
1160 1.426048299081107
1161 1.42604976098351
1162 1.426051221450175
1163 1.426052680484394
1164 1.426054138089461
1165 1.426055594268669
1166 1.42605704902531
1167 1.426058502362677
1168 1.426059954284064
1169 1.426061404792764
1170 1.426062853892068
1171 1.426064301585271
1172 1.426065747875665
1173 1.426067192766543
1174 1.426068636261198
1175 1.426070078362923
1175.25 1.426070438671095
1175.5 1.426070798892466
1175.75 1.426071159027088
1176 1.426071519075012
1176.25 1.426071879036289
1176.5 1.426072238910971
1176.75 1.426072598699109
1177 1.426072958400756
1177.25 1.426073318015961
1177.5 1.426073677544778
1177.75 1.426074036987256
1178 1.426074396343448
1178.25 1.426074755613406
1178.5 1.42607511479718
1178.75 1.426075473894822
1179 1.426075832906383
1179.25 1.426076191831915
1179.5 1.42607655067147
1179.75 1.426076909425099
1180 1.426077268092852
1180.25 1.426077626674783
1180.5 1.426077985170942
1180.75 1.42607834358138
1181 1.426078701906149
1181.25 1.426079060145302
1181.5 1.426079418298887
1181.75 1.426079776366959
1182 1.426080134349567
1182.25 1.426080492246764
1182.5 1.4260808500586
1182.75 1.426081207785128
1183 1.426081565426398
1183.25 1.426081922982463
1183.5 1.426082280453373
1183.75 1.42608263783918
1184 1.426082995139936
1184.25 1.426083352355692
1184.5 1.426083709486499
1184.75 1.426084066532409
1185 1.426084423493473
1185.25 1.426084780369743
1185.5 1.426085137161271
1185.75 1.426085493868106
1186 1.426085850490303
1186.25 1.42608620702791
1186.5 1.426086563480981
1186.75 1.426086919849566
1187 1.426087276133718
1187.25 1.426087632333486
1187.5 1.426087988448923
1187.75 1.426088344480081
1188 1.42608870042701
1188.25 1.426089056289763
1188.5 1.42608941206839
1188.75 1.426089767762944
1189 1.426090123373475
1189.25 1.426090478900035
1189.5 1.426090834342675
1189.75 1.426091189701448
1190 1.426091544976403
1190.25 1.426091900167594
1190.5 1.426092255275071
1190.75 1.426092610298885
1191 1.426092965239089
1191.25 1.426093320095733
1191.5 1.42609367486887
1191.75 1.42609402955855
1192 1.426094384164824
1192.25 1.426094738687746
1192.5 1.426095093127365
1192.75 1.426095447483734
1193 1.426095801756903
1193.25 1.426096155946925
1193.5 1.42609651005385
1193.75 1.426096864077731
1194 1.426097218018618
1194.25 1.426097571876563
1194.5 1.426097925651617
1194.75 1.426098279343833
1195 1.426098632953261
1195.25 1.426098986479953
1195.5 1.42609933992396
1195.75 1.426099693285334
1196 1.426100046564126
1196.25 1.426100399760388
1196.5 1.426100752874171
1196.75 1.426101105905526
1197 1.426101458854506
1197.25 1.426101811721161
1197.5 1.426102164505543
1197.75 1.426102517207703
1198 1.426102869827694
1198.25 1.426103222365565
1198.5 1.42610357482137
1198.75 1.426103927195158
1199 1.426104279486982
1199.25 1.426104631696893
1199.5 1.426104983824943
1199.75 1.426105335871183
1200 1.426105687835664
