0 0
0.25 -5.306258200327511e-42
0.5 -4.891828260968277e-36
0.75 -2.273978529267938e-12
1 -6.346657171979566e-12
1.25 -1.041933581469119e-11
1.5 -1.449201445740281e-11
1.75 -1.856469310011444e-11
2 -2.263737174282606e-11
2.25 -2.671005038553769e-11
2.5 -3.078272902824931e-11
2.75 -3.485540767096094e-11
3 -3.892808631367256e-11
3.25 -4.300076495638418e-11
3.5 -4.707344359909581e-11
3.75 -1.908947885905235e-09
4 -7.201106752154199e-09
4.25 -1.249326561840316e-08
4.5 -6.501999344645493e-08
4.75 -2.279916914060569e-07
5 -9.619800606711321e-07
5.25 -3.689156120301595e-06
5.5 -1.671513181811015e-05
5.75 -7.682628954560833e-05
6 -0.0003696189197466917
6.25 -0.001714642966630834
6.5 -0.007104139576834636
6.75 -0.02300823903749144
7 -0.05234655688240741
7.25 -0.08841703375649922
7.5 -0.1249682400325132
7.75 -0.1598824902946205
8 -0.1928334408338017
8.25 -0.2239463355636264
8.5 -0.2534293402691644
8.75 -0.2814779651720701
9 -0.308265161861996
9.25 -0.3339420234465142
9.5 -0.3586370272850742
9.75 -0.3824600048408051
10 -0.4055070810577882
10.25 -0.4278625310375255
10.5 -0.449599108016835
10.75 -0.4707798879668358
11 -0.4914602484665563
11.25 -0.5116891419346646
11.5 -0.5315095445757971
11.75 -0.5509602348634692
12 -0.5700746527646718
12.25 -0.5888826625842978
12.5 -0.6074123697435891
12.75 -0.6256847849781959
13 -0.6437235054426106
13.25 -0.6615470454463243
13.5 -0.6791727061914951
13.75 -0.6966162647918204
14 -0.7138916931760657
14.25 -0.7310116369387438
14.5 -0.7479875446367352
14.75 -0.7648306180423947
15 -0.7815500562393725
15.25 -0.7981530676706045
15.5 -0.8146483993932619
15.75 -0.8310441865166924
16 -0.8473465557215296
16.25 -0.8635615972711974
16.5 -0.8796948061148214
16.75 -0.8957514032205355
17 -0.911736221819081
17.25 -0.9276534988394515
17.5 -0.9435073425579779
17.75 -0.9593015636591086
18 -0.9750394281765246
18.25 -0.9907243870696318
18.5 -1.00635981297293
18.75 -1.021947993749177
19 -1.037490576677458
19.25 -1.052990619530632
19.5 -1.06845170492946
19.75 -1.083874863544633
20 -1.099262019573257
20.25 -1.114614756644226
20.5 -1.129935078771822
20.75 -1.145224497812787
21 -1.160484390836287
21.25 -1.175716591969317
21.5 -1.190922345843441
21.75 -1.206102670125155
22 -1.22125884451779
22.25 -1.23639192613153
22.5 -1.25150300871654
22.75 -1.266593038245448
23 -1.281662945502316
23.25 -1.29671352594723
23.5 -1.311745639759609
23.75 -1.32676031496466
24 -1.341758405917554
24.25 -1.356740619212897
24.5 -1.371706925078271
24.75 -1.386657811467763
25 -1.401593906157768
26 -1.410939091533502
27 -1.412811088470195
28 -1.41387629223687
29 -1.414615503806533
30 -1.415178871548761
31 -1.415632190889998
32 -1.416010763324557
33 -1.416335058180596
34 -1.416618183893121
35 -1.416869263462329
36 -1.417094649780943
37 -1.417298888940964
38 -1.417485436356821
39 -1.417657022227262
40 -1.417815884996763
41 -1.417963687498127
42 -1.418101847132367
43 -1.418231472924234
44 -1.418353477060569
45 -1.418468707614997
46 -1.418577828225334
47 -1.418681452655826
48 -1.418780135940171
49 -1.418874263806765
