0 294
0.25 308.89
0.5 323.78
0.75 338.67
1 353.56
1.25 368.45
1.5 383.34
1.75 398.23
2 413.12
2.25 428.01
2.5 442.9
2.75 457.79
3 472.68
3.25 487.57
3.5 502.46
3.75 517.35
4 532.24
4.25 547.13
4.5 562.02
4.75 576.9100000000001
5 591.8
5.25 606.6900000000001
5.5 621.58
5.75 636.47
6 651.36
6.25 666.25
6.5 681.14
6.75 696.03
7 710.9200000000001
7.25 725.8099999999999
7.5 740.7
7.75 755.59
8 770.48
8.25 785.37
8.5 800.26
8.75 815.15
9 830.04
9.25 844.9300000000001
9.5 859.8200000000001
9.75 874.71
10 889.6
10.25 904.49
10.5 919.38
10.75 934.27
11 949.1600000000001
11.25 964.0500000000001
11.5 978.9400000000001
11.75 993.83
12 1008.72
12.25 1023.61
12.5 1038.5
12.75 1053.39
13 1068.28
13.25 1083.17
13.5 1098.06
13.75 1112.95
14 1127.84
14.25 1142.73
14.5 1157.62
14.75 1172.51
15 1187.4
15.25 1202.29
15.5 1217.18
15.75 1232.07
16 1246.96
16.25 1261.85
16.5 1276.74
16.75 1291.63
17 1306.52
17.25 1321.41
17.5 1336.3
17.75 1351.19
18 1366.08
18.25 1380.97
18.5 1395.86
18.75 1410.75
19 1425.64
19.25 1440.53
19.5 1455.42
19.75 1470.31
20 1485.2
20.25 1500.09
20.5 1514.98
20.75 1529.87
21 1544.76
21.25 1559.65
21.5 1574.54
21.75 1589.43
22 1604.32
22.25 1619.21
22.5 1634.1
22.75 1648.99
23 1663.88
23.25 1678.77
23.5 1693.66
23.75 1708.55
24 1723.44
24.25 1738.33
24.5 1753.22
24.75 1768.11
25 1783
26 1783
27 1783
28 1783
29 1783
30 1783
31 1783
32 1783
33 1783
34 1783
35 1783
36 1783
37 1783
38 1783
39 1783
40 1783
41 1783
42 1783
43 1783
44 1783
45 1783
46 1783
47 1783
48 1783
49 1783
50 1783
51 1783
52 1783
53 1783
54 1783
55 1783
56 1783
57 1783
58 1783
59 1783
60 1783
61 1783
62 1783
63 1783
64 1783
65 1783
66 1783
67 1783
68 1783
69 1783
70 1783
71 1783
72 1783
73 1783
74 1783
75 1783
76 1783
77 1783
78 1783
79 1783
80 1783
81 1783
82 1783
83 1783
84 1783
85 1783
86 1783
87 1783
88 1783
89 1783
90 1783
91 1783
92 1783
93 1783
94 1783
95 1783
96 1783
97 1783
98 1783
99 1783
100 1783
101 1783
102 1783
103 1783
104 1783
105 1783
106 1783
107 1783
108 1783
109 1783
110 1783
111 1783
112 1783
113 1783
114 1783
115 1783
116 1783
117 1783
118 1783
119 1783
120 1783
121 1783
122 1783
123 1783
124 1783
125 1783
126 1783
127 1783
128 1783
129 1783
130 1783
131 1783
132 1783
133 1783
134 1783
135 1783
136 1783
137 1783
138 1783
139 1783
140 1783
141 1783
142 1783
143 1783
144 1783
145 1783
146 1783
147 1783
148 1783
149 1783
150 1783
151 1783
152 1783
153 1783
154 1783
155 1783
156 1783
157 1783
158 1783
159 1783
160 1783
161 1783
162 1783
163 1783
164 1783
165 1783
166 1783
167 1783
168 1783
169 1783
170 1783
171 1783
172 1783
173 1783
174 1783
175 1783
176 1783
177 1783
178 1783
179 1783
180 1783
181 1783
182 1783
183 1783
184 1783
185 1783
186 1783
187 1783
188 1783
189 1783
190 1783
191 1783
192 1783
193 1783
194 1783
195 1783
196 1783
197 1783
198 1783
199 1783
200 1783
201 1783
202 1783
203 1783
204 1783
205 1783
206 1783
207 1783
208 1783
209 1783
210 1783
211 1783
212 1783
213 1783
214 1783
215 1783
216 1783
217 1783
218 1783
219 1783
220 1783
221 1783
222 1783
223 1783
224 1783
225 1783
226 1783
227 1783
228 1783
229 1783
230 1783
231 1783
232 1783
233 1783
234 1783
235 1783
236 1783
237 1783
238 1783
239 1783
240 1783
241 1783
242 1783
243 1783
244 1783
245 1783
246 1783
247 1783
248 1783
249 1783
250 1783
251 1783
252 1783
253 1783
254 1783
255 1783
256 1783
257 1783
258 1783
259 1783
260 1783
261 1783
262 1783
263 1783
264 1783
265 1783
266 1783
267 1783
268 1783
269 1783
270 1783
271 1783
272 1783
273 1783
274 1783
275 1783
276 1783
277 1783
278 1783
279 1783
280 1783
281 1783
282 1783
283 1783
284 1783
285 1783
286 1783
287 1783
288 1783
289 1783
290 1783
291 1783
292 1783
293 1783
294 1783
295 1783
296 1783
297 1783
298 1783
299 1783
300 1783
301 1783
302 1783
303 1783
304 1783
305 1783
306 1783
307 1783
308 1783
309 1783
310 1783
311 1783
312 1783
313 1783
314 1783
315 1783
316 1783
317 1783
318 1783
319 1783
320 1783
321 1783
322 1783
323 1783
324 1783
325 1783
326 1783
327 1783
328 1783
329 1783
330 1783
331 1783
332 1783
333 1783
334 1783
335 1783
336 1783
337 1783
338 1783
339 1783
340 1783
341 1783
342 1783
343 1783
344 1783
345 1783
346 1783
347 1783
348 1783
349 1783
350 1783
351 1783
352 1783
353 1783
354 1783
355 1783
356 1783
357 1783
358 1783
359 1783
360 1783
361 1783
362 1783
363 1783
364 1783
365 1783
366 1783
367 1783
368 1783
369 1783
370 1783
371 1783
372 1783
373 1783
374 1783
375 1783
376 1783
377 1783
378 1783
379 1783
380 1783
381 1783
382 1783
383 1783
384 1783
385 1783
386 1783
387 1783
388 1783
389 1783
390 1783
391 1783
392 1783
393 1783
394 1783
395 1783
396 1783
397 1783
398 1783
399 1783
400 1783
401 1783
402 1783
403 1783
404 1783
405 1783
406 1783
407 1783
408 1783
409 1783
410 1783
411 1783
412 1783
413 1783
414 1783
415 1783
416 1783
417 1783
418 1783
419 1783
420 1783
421 1783
422 1783
423 1783
424 1783
425 1783
426 1783
427 1783
428 1783
429 1783
430 1783
431 1783
432 1783
433 1783
434 1783
435 1783
436 1783
437 1783
438 1783
439 1783
440 1783
441 1783
442 1783
443 1783
444 1783
445 1783
446 1783
447 1783
448 1783
449 1783
450 1783
451 1783
452 1783
453 1783
454 1783
455 1783
456 1783
457 1783
458 1783
459 1783
460 1783
461 1783
462 1783
463 1783
464 1783
465 1783
466 1783
467 1783
468 1783
469 1783
470 1783
471 1783
472 1783
473 1783
474 1783
475 1783
476 1783
477 1783
478 1783
479 1783
480 1783
481 1783
482 1783
483 1783
484 1783
485 1783
486 1783
487 1783
488 1783
489 1783
490 1783
491 1783
492 1783
493 1783
494 1783
495 1783
496 1783
497 1783
498 1783
499 1783
500 1783
501 1783
502 1783
503 1783
504 1783
505 1783
506 1783
507 1783
508 1783
509 1783
510 1783
511 1783
512 1783
513 1783
514 1783
515 1783
516 1783
517 1783
518 1783
519 1783
520 1783
521 1783
522 1783
523 1783
524 1783
525 1783
526 1783
527 1783
528 1783
529 1783
530 1783
531 1783
532 1783
533 1783
534 1783
535 1783
536 1783
537 1783
538 1783
539 1783
540 1783
541 1783
542 1783
543 1783
544 1783
545 1783
546 1783
547 1783
548 1783
549 1783
550 1783
551 1783
552 1783
553 1783
554 1783
555 1783
556 1783
557 1783
558 1783
559 1783
560 1783
561 1783
562 1783
563 1783
564 1783
565 1783
566 1783
567 1783
568 1783
569 1783
570 1783
571 1783
572 1783
573 1783
574 1783
575 1783
575.25 1768.11
575.5 1753.22
575.75 1738.33
576 1723.44
576.25 1708.55
576.5 1693.66
576.75 1678.77
577 1663.88
577.25 1648.99
577.5 1634.1
577.75 1619.21
578 1604.32
578.25 1589.43
578.5 1574.54
578.75 1559.65
579 1544.76
579.25 1529.87
579.5 1514.98
579.75 1500.09
580 1485.2
580.25 1470.31
580.5 1455.42
580.75 1440.53
581 1425.64
581.25 1410.75
581.5 1395.86
581.75 1380.97
582 1366.08
582.25 1351.19
582.5 1336.3
582.75 1321.41
583 1306.52
583.25 1291.63
583.5 1276.74
583.75 1261.85
584 1246.96
584.25 1232.07
584.5 1217.18
584.75 1202.29
585 1187.4
585.25 1172.51
585.5 1157.62
585.75 1142.73
586 1127.84
586.25 1112.95
586.5 1098.06
586.75 1083.17
587 1068.28
587.25 1053.39
587.5 1038.5
587.75 1023.61
588 1008.72
588.25 993.8299999999999
588.5 978.9399999999999
588.75 964.05
589 949.16
589.25 934.27
589.5 919.38
589.75 904.49
590 889.5999999999999
590.25 874.7099999999999
590.5 859.8199999999999
590.75 844.9299999999999
591 830.04
591.25 815.15
591.5 800.26
591.75 785.37
592 770.48
592.25 755.5899999999999
592.5 740.7
592.75 725.8099999999999
593 710.9200000000001
593.25 696.03
593.5 681.1399999999999
593.75 666.25
594 651.3599999999999
594.25 636.47
594.5 621.5799999999999
594.75 606.6900000000001
595 591.8
595.25 576.9099999999999
595.5 562.02
595.75 547.1299999999999
596 532.24
596.25 517.3499999999999
596.5 502.46
596.75 487.5699999999999
597 472.6799999999998
597.25 457.79
597.5 442.8999999999999
597.75 428.01
598 413.1199999999999
598.25 398.23
598.5 383.3399999999999
598.75 368.45
599 353.5599999999999
599.25 338.6699999999998
599.5 323.78
599.75 308.8899999999999
600 294
600.25 308.89
600.5 323.78
600.75 338.67
601 353.56
601.25 368.45
601.5 383.34
601.75 398.23
602 413.12
602.25 428.01
602.5 442.9
602.75 457.79
603 472.68
603.25 487.57
603.5 502.46
603.75 517.35
604 532.24
604.25 547.13
604.5 562.02
604.75 576.9100000000001
605 591.8
605.25 606.6900000000001
605.5 621.58
605.75 636.47
606 651.36
606.25 666.25
606.5 681.14
606.75 696.03
607 710.9200000000001
607.25 725.8099999999999
607.5 740.7
607.75 755.59
608 770.48
608.25 785.37
608.5 800.26
608.75 815.15
609 830.04
609.25 844.9300000000001
609.5 859.8200000000001
609.75 874.71
610 889.6
610.25 904.49
610.5 919.38
610.75 934.27
611 949.1600000000001
611.25 964.0500000000001
611.5 978.9400000000001
611.75 993.83
612 1008.72
612.25 1023.61
612.5 1038.5
612.75 1053.39
613 1068.28
613.25 1083.17
613.5 1098.06
613.75 1112.95
614 1127.84
614.25 1142.73
614.5 1157.62
614.75 1172.51
615 1187.4
615.25 1202.29
615.5 1217.18
615.75 1232.07
616 1246.96
616.25 1261.85
616.5 1276.74
616.75 1291.63
617 1306.52
617.25 1321.41
617.5 1336.3
617.75 1351.19
618 1366.08
618.25 1380.97
618.5 1395.86
618.75 1410.75
619 1425.64
619.25 1440.53
619.5 1455.42
619.75 1470.31
620 1485.2
620.25 1500.09
620.5 1514.98
620.75 1529.87
621 1544.76
621.25 1559.65
621.5 1574.54
621.75 1589.43
622 1604.32
622.25 1619.21
622.5 1634.1
622.75 1648.99
623 1663.88
623.25 1678.77
623.5 1693.66
623.75 1708.55
624 1723.44
624.25 1738.33
624.5 1753.22
624.75 1768.11
625 1783
626 1783
627 1783
628 1783
629 1783
630 1783
631 1783
632 1783
633 1783
634 1783
635 1783
636 1783
637 1783
638 1783
639 1783
640 1783
641 1783
642 1783
643 1783
644 1783
645 1783
646 1783
647 1783
648 1783
649 1783
650 1783
651 1783
652 1783
653 1783
654 1783
655 1783
656 1783
657 1783
658 1783
659 1783
660 1783
661 1783
662 1783
663 1783
664 1783
665 1783
666 1783
667 1783
668 1783
669 1783
670 1783
671 1783
672 1783
673 1783
674 1783
675 1783
676 1783
677 1783
678 1783
679 1783
680 1783
681 1783
682 1783
683 1783
684 1783
685 1783
686 1783
687 1783
688 1783
689 1783
690 1783
691 1783
692 1783
693 1783
694 1783
695 1783
696 1783
697 1783
698 1783
699 1783
700 1783
701 1783
702 1783
703 1783
704 1783
705 1783
706 1783
707 1783
708 1783
709 1783
710 1783
711 1783
712 1783
713 1783
714 1783
715 1783
716 1783
717 1783
718 1783
719 1783
720 1783
721 1783
722 1783
723 1783
724 1783
725 1783
726 1783
727 1783
728 1783
729 1783
730 1783
731 1783
732 1783
733 1783
734 1783
735 1783
736 1783
737 1783
738 1783
739 1783
740 1783
741 1783
742 1783
743 1783
744 1783
745 1783
746 1783
747 1783
748 1783
749 1783
750 1783
751 1783
752 1783
753 1783
754 1783
755 1783
756 1783
757 1783
758 1783
759 1783
760 1783
761 1783
762 1783
763 1783
764 1783
765 1783
766 1783
767 1783
768 1783
769 1783
770 1783
771 1783
772 1783
773 1783
774 1783
775 1783
776 1783
777 1783
778 1783
779 1783
780 1783
781 1783
782 1783
783 1783
784 1783
785 1783
786 1783
787 1783
788 1783
789 1783
790 1783
791 1783
792 1783
793 1783
794 1783
795 1783
796 1783
797 1783
798 1783
799 1783
800 1783
801 1783
802 1783
803 1783
804 1783
805 1783
806 1783
807 1783
808 1783
809 1783
810 1783
811 1783
812 1783
813 1783
814 1783
815 1783
816 1783
817 1783
818 1783
819 1783
820 1783
821 1783
822 1783
823 1783
824 1783
825 1783
826 1783
827 1783
828 1783
829 1783
830 1783
831 1783
832 1783
833 1783
834 1783
835 1783
836 1783
837 1783
838 1783
839 1783
840 1783
841 1783
842 1783
843 1783
844 1783
845 1783
846 1783
847 1783
848 1783
849 1783
850 1783
851 1783
852 1783
853 1783
854 1783
855 1783
856 1783
857 1783
858 1783
859 1783
860 1783
861 1783
862 1783
863 1783
864 1783
865 1783
866 1783
867 1783
868 1783
869 1783
870 1783
871 1783
872 1783
873 1783
874 1783
875 1783
876 1783
877 1783
878 1783
879 1783
880 1783
881 1783
882 1783
883 1783
884 1783
885 1783
886 1783
887 1783
888 1783
889 1783
890 1783
891 1783
892 1783
893 1783
894 1783
895 1783
896 1783
897 1783
898 1783
899 1783
900 1783
901 1783
902 1783
903 1783
904 1783
905 1783
906 1783
907 1783
908 1783
909 1783
910 1783
911 1783
912 1783
913 1783
914 1783
915 1783
916 1783
917 1783
918 1783
919 1783
920 1783
921 1783
922 1783
923 1783
924 1783
925 1783
926 1783
927 1783
928 1783
929 1783
930 1783
931 1783
932 1783
933 1783
934 1783
935 1783
936 1783
937 1783
938 1783
939 1783
940 1783
941 1783
942 1783
943 1783
944 1783
945 1783
946 1783
947 1783
948 1783
949 1783
950 1783
951 1783
952 1783
953 1783
954 1783
955 1783
956 1783
957 1783
958 1783
959 1783
960 1783
961 1783
962 1783
963 1783
964 1783
965 1783
966 1783
967 1783
968 1783
969 1783
970 1783
971 1783
972 1783
973 1783
974 1783
975 1783
976 1783
977 1783
978 1783
979 1783
980 1783
981 1783
982 1783
983 1783
984 1783
985 1783
986 1783
987 1783
988 1783
989 1783
990 1783
991 1783
992 1783
993 1783
994 1783
995 1783
996 1783
997 1783
998 1783
999 1783
1000 1783
1001 1783
1002 1783
1003 1783
1004 1783
1005 1783
1006 1783
1007 1783
1008 1783
1009 1783
1010 1783
1011 1783
1012 1783
1013 1783
1014 1783
1015 1783
1016 1783
1017 1783
1018 1783
1019 1783
1020 1783
1021 1783
1022 1783
1023 1783
1024 1783
1025 1783
1026 1783
1027 1783
1028 1783
1029 1783
1030 1783
1031 1783
1032 1783
1033 1783
1034 1783
1035 1783
1036 1783
1037 1783
1038 1783
1039 1783
1040 1783
1041 1783
1042 1783
1043 1783
1044 1783
1045 1783
1046 1783
1047 1783
1048 1783
1049 1783
1050 1783
1051 1783
1052 1783
1053 1783
1054 1783
1055 1783
1056 1783
1057 1783
1058 1783
1059 1783
1060 1783
1061 1783
1062 1783
1063 1783
1064 1783
1065 1783
1066 1783
1067 1783
1068 1783
1069 1783
1070 1783
1071 1783
1072 1783
1073 1783
1074 1783
1075 1783
1076 1783
1077 1783
1078 1783
1079 1783
1080 1783
1081 1783
1082 1783
1083 1783
1084 1783
1085 1783
1086 1783
1087 1783
1088 1783
1089 1783
1090 1783
1091 1783
1092 1783
1093 1783
1094 1783
1095 1783
1096 1783
1097 1783
1098 1783
1099 1783
1100 1783
1101 1783
1102 1783
1103 1783
1104 1783
1105 1783
1106 1783
1107 1783
1108 1783
1109 1783
1110 1783
1111 1783
1112 1783
1113 1783
1114 1783
1115 1783
1116 1783
1117 1783
1118 1783
1119 1783
1120 1783
1121 1783
1122 1783
1123 1783
1124 1783
1125 1783
1126 1783
1127 1783
1128 1783
1129 1783
1130 1783
1131 1783
1132 1783
1133 1783
1134 1783
1135 1783
1136 1783
1137 1783
1138 1783
1139 1783
1140 1783
1141 1783
1142 1783
1143 1783
1144 1783
1145 1783
1146 1783
1147 1783
1148 1783
1149 1783
1150 1783
1151 1783
1152 1783
1153 1783
1154 1783
1155 1783
1156 1783
1157 1783
1158 1783
1159 1783
1160 1783
1161 1783
1162 1783
1163 1783
1164 1783
1165 1783
1166 1783
1167 1783
1168 1783
1169 1783
1170 1783
1171 1783
1172 1783
1173 1783
1174 1783
1175 1783
1175.25 1768.11
1175.5 1753.22
1175.75 1738.33
1176 1723.44
1176.25 1708.55
1176.5 1693.66
1176.75 1678.77
1177 1663.88
1177.25 1648.99
1177.5 1634.1
1177.75 1619.21
1178 1604.32
1178.25 1589.43
1178.5 1574.54
1178.75 1559.65
1179 1544.76
1179.25 1529.87
1179.5 1514.98
1179.75 1500.09
1180 1485.2
1180.25 1470.31
1180.5 1455.42
1180.75 1440.53
1181 1425.64
1181.25 1410.75
1181.5 1395.86
1181.75 1380.97
1182 1366.08
1182.25 1351.19
1182.5 1336.3
1182.75 1321.41
1183 1306.52
1183.25 1291.63
1183.5 1276.74
1183.75 1261.85
1184 1246.96
1184.25 1232.07
1184.5 1217.18
1184.75 1202.29
1185 1187.4
1185.25 1172.51
1185.5 1157.62
1185.75 1142.73
1186 1127.84
1186.25 1112.95
1186.5 1098.06
1186.75 1083.17
1187 1068.28
1187.25 1053.39
1187.5 1038.5
1187.75 1023.61
1188 1008.72
1188.25 993.8299999999999
1188.5 978.9399999999999
1188.75 964.05
1189 949.16
1189.25 934.27
1189.5 919.38
1189.75 904.49
1190 889.5999999999999
1190.25 874.7099999999999
1190.5 859.8199999999999
1190.75 844.9299999999999
1191 830.04
1191.25 815.15
1191.5 800.26
1191.75 785.37
1192 770.48
1192.25 755.5899999999999
1192.5 740.7
1192.75 725.8099999999999
1193 710.9200000000001
1193.25 696.03
1193.5 681.1399999999999
1193.75 666.25
1194 651.3599999999999
1194.25 636.47
1194.5 621.5799999999999
1194.75 606.6900000000001
1195 591.8
1195.25 576.9099999999999
1195.5 562.02
1195.75 547.1299999999999
1196 532.24
1196.25 517.3499999999999
1196.5 502.46
1196.75 487.5699999999999
1197 472.6799999999998
1197.25 457.79
1197.5 442.8999999999999
1197.75 428.01
1198 413.1199999999999
1198.25 398.23
1198.5 383.3399999999999
1198.75 368.45
1199 353.5599999999999
1199.25 338.6699999999998
1199.5 323.78
1199.75 308.8899999999999
1200 294
