476 1.428372515280096
477 1.428375588210978
478 1.428378653780935
479 1.428381712020274
480 1.428384762958875
481 1.428387806626193
482 1.428390843051257
483 1.42839387226267
484 1.42839689428861
485 1.428399909156827
486 1.428402916894646
487 1.428405917528968
488 1.428408911086265
489 1.428411897592586
490 1.428414877073551
491 1.428417849554357
492 1.428420815059773
493 1.428423773614144
494 1.428426725241386
495 1.428429669964993
496 1.428432607808031
497 1.428435538793139
498 1.428438462942533
499 1.428441380277999
500 1.428444290820903
501 1.428447194592178
502 1.428450091612337
503 1.428452981901464
504 1.428455865479218
505 1.428458742364831
506 1.428461612577112
507 1.428464476134441
508 1.428467333054773
509 1.428470183355637
510 1.428473030522027
511 1.428475871730353
512 1.42847870665008
513 1.428481535305707
514 1.428484357721414
515 1.428487173921067
516 1.428489983928212
517 1.428492787766081
518 1.428495585457587
519 1.428498377025325
520 1.428501162491577
521 1.428503941878303
522 1.42850671520715
523 1.428509482499447
524 1.428512243776204
525 1.428514999058115
526 1.42851774836556
527 1.428520491718597
528 1.428523229136971
529 1.428525960640109
530 1.428528686247119
531 1.428531405976794
532 1.428534119847609
533 1.428536827877724
534 1.42853953008498
535 1.428542226486901
536 1.428544917100695
537 1.428547601943253
538 1.428550281031147
539 1.428552954380635
540 1.428555622007656
541 1.428558283927833
542 1.428560940156472
543 1.42856359070856
544 1.42856623559877
545 1.428568874841456
546 1.428571508450656
547 1.42857413644009
548 1.428576758823163
549 1.42857937561296
550 1.428581986822251
551 1.428584592463489
552 1.42858719254881
553 1.428589787090032
554 1.428592376098657
555 1.42859495958587
556 1.428597537562538
557 1.428600110039212
558 1.428602677026125
559 1.428605238533195
560 1.428607794570021
561 1.428610345718189
562 1.42861289237397
563 1.428615433829775
564 1.428617970085605
565 1.42862050114146
566 1.42862302699734
567 1.428625547653245
568 1.428628063109175
569 1.42863057336513
570 1.42863307842111
571 1.428635575875008
572 1.428638064411297
573 1.428640542686513
574 1.428643027678628
575 1.428645038822453
575.25 1.428645038822453
575.5 1.428645038822453
575.75 1.428645038822451
576 1.428645038822445
576.25 1.42864503882244
576.5 1.428645038797585
576.75 1.428645038698261
577 1.428645038598937
577.25 1.428645038499613
577.5 1.428645038400289
577.75 1.428645038300964
578 1.42864503820164
578.25 1.428645031380167
578.5 1.428645022239182
578.75 1.428645013098196
579 1.428645003957211
579.25 1.428644994816225
579.5 1.428644985675239
579.75 1.428644963159101
580 1.42864489751743
580.25 1.428644831875759
580.5 1.428644766234087
580.75 1.428644700592416
581 1.428644634950745
581.25 1.428644569309074
581.5 1.428644503667402
581.75 1.428644438025731
582 1.42864437238406
582.25 1.428644306742389
582.5 1.428644241100717
582.75 1.428644175459046
583 1.428644109817375
583.25 1.428644044175704
583.5 1.428643978534033
583.75 1.428643912892361
584 1.42864384725069
584.25 1.428643781609019
584.5 1.428643715967348
584.75 1.428643650325676
585 1.428643584684005
585.25 1.428643519042334
585.5 1.428643453400663
585.75 1.428643387758991
586 1.42864332211732
586.25 1.428643256475649
586.5 1.428643190833978
586.75 1.428643125192306
587 1.428643059550635
587.25 1.428642993908964
587.5 1.428642928267293
587.75 1.428642862625622
588 1.42864279698395
588.25 1.428642731342279
588.5 1.428642665700608
588.75 1.428642600058937
589 1.428642534417266
589.25 1.428642468775594
589.5 1.42864242741778
589.75 1.42864242741778
590 1.42864242741778
590.25 1.42864242741778
590.5 1.42864242741778
590.75 1.42864242741778
591 1.42864242741778
591.25 1.42864242741778
591.5 1.42864242741778
591.75 1.42864242741778
592 1.428642427417779
592.25 1.428642427417779
592.5 1.428642427417779
592.75 1.428642427417779
593 1.428642427417779
593.25 1.428642427417779
593.5 1.428642427417779
593.75 1.428642427417779
594 1.428642427417779
594.25 1.428642427417778
594.5 1.428642427417778
594.75 1.428642427417778
595 1.428642427417778
595.25 1.428642427417778
595.5 1.428642427417778
595.75 1.428642427417778
596 1.428642427417778
596.25 1.428642427417778
596.5 1.428642427417778
596.75 1.428642427417778
597 1.428642427417778
597.25 1.428642427417777
597.5 1.428642427417777
597.75 1.428642427417777
598 1.428642427417777
598.25 1.428642427417777
598.5 1.428642427417777
598.75 1.428642427417777
599 1.428642427417777
599.25 1.428642425174895
599.5 1.428642420717358
599.75 1.42864241625982
600 1.428642411802283
600.25 1.428642407344745
600.5 1.428642402887207
600.75 1.42864239842967
601 1.428642393972132
601.25 1.428642389514595
601.5 1.428642385057057
601.75 1.42864238059952
602 1.428642376141982
602.25 1.428642371684445
602.5 1.428642367226907
602.75 1.428642362769369
603 1.428642358311832
603.25 1.428642353854294
603.5 1.428642349396757
603.75 1.428642344939219
604 1.428642340481681
604.25 1.428642336024144
604.5 1.428642331566606
604.75 1.428642327109069
605 1.428642322651531
605.25 1.428642318193994
605.5 1.428642313736456
605.75 1.428642309278918
606 1.428642304821381
606.25 1.428642300363843
606.5 1.428642295906306
606.75 1.428642291448768
607 1.428642286991231
607.25 1.428642282533693
607.5 1.428642278076155
607.75 1.428642273618618
608 1.42864226916108
608.25 1.428642264703543
608.5 1.428642260246005
608.75 1.428642255788468
609 1.428642232118319
609.25 1.428642197470608
609.5 1.428642162822898
609.75 1.428642128175188
610 1.428642093527477
610.25 1.428641988995498
610.5 1.42864183673447
610.75 1.428641684473442
611 1.428641532212413
611.25 1.428641379951385
611.5 1.428641047412834
611.75 1.428640568554471
612 1.428640089696107
612.25 1.428639610837743
612.5 1.428639131979379
612.75 1.428638653121016
613 1.42863717746993
613.25 1.428636647500414
613.5 1.428636064156522
613.75 1.428635427438254
614 1.428634737345611
614.25 1.428633993878591
614.5 1.428633274201451
614.75 1.428632670624113
615 1.428632063827695
615.25 1.428631453812198
615.5 1.428630840577621
615.75 1.428630224123965
616 1.42862960445123
616.25 1.428628981559415
616.5 1.428628399738894
616.75 1.428627970442185
617 1.428627579522701
617.25 1.428627226980441
617.5 1.428626912815405
617.75 1.428626637027593
618 1.428626399617005
618.25 1.428626200583641
618.5 1.428626031485251
618.75 1.428625843379507
619 1.428625679646303
619.25 1.428625540285638
619.5 1.428625425297512
619.75 1.428625334681924
620 1.428625268438876
620.25 1.428625226568366
620.5 1.428625205636646
620.75 1.428625112652504
621 1.428625028153547
621.25 1.428624952139777
621.5 1.428624884611193
621.75 1.428624825567794
622 1.428624775009583
622.25 1.428624732936557
622.5 1.428624699348717
622.75 1.428624674246063
623 1.428624657628596
623.25 1.428624649496314
623.5 1.428624750023573
623.75 1.428624967510923
624 1.428625224214459
624.25 1.42862552013418
624.5 1.428625855270088
624.75 1.428626229622182
625 1.428626643190462
626 1.428628689625444
627 1.428630778307161
628 1.428632938697922
629 1.428635303720558
630 1.428637642222637
631 1.428640025342716
632 1.428642473687149
633 1.428644897495051
634 1.428647340483978
635 1.42864978696985
636 1.428652242727651
637 1.428654698485451
638 1.428657126417797
639 1.428659477388507
640 1.428661828359218
641 1.428664179329928
642 1.428666530300638
643 1.428668881271349
644 1.428671232242059
645 1.428673583212769
646 1.42867593418348
647 1.42867828515419
648 1.4286806361249
649 1.428682987095611
650 1.428685338066321
651 1.428687689037031
652 1.428690040007741
653 1.428692390978452
654 1.428694741949162
655 1.428697092919872
656 1.428699443890582
657 1.428701794861293
658 1.428704145832003
659 1.428706496802714
660 1.428708847773424
661 1.428711198744134
662 1.428712422769488
663 1.428714767539238
664 1.428717108155155
665 1.428719444617238
666 1.428721776925487
667 1.428724105079903
668 1.428726429080484
669 1.428728748927233
670 1.428731064620147
671 1.428733376159228
672 1.428735683544475
673 1.428737986775889
674 1.428740285853469
675 1.428742580777215
676 1.428744871547127
677 1.428747158163206
678 1.428749440625452
679 1.428751718933863
680 1.428753993088441
681 1.428756263089185
682 1.428758528936095
683 1.428760790629172
684 1.428763048168415
685 1.428765305942636
686 1.428767561484203
687 1.428769813122364
688 1.428772060857119
689 1.428774304688468
690 1.42877654461641
691 1.428778780640947
692 1.428781012762078
693 1.428783240979803
694 1.428785465294122
695 1.428787685705035
696 1.428789902212541
697 1.428792114816642
698 1.428794323517337
699 1.428796528314626
700 1.428798729208508
701 1.428800926198985
702 1.428803119286056
703 1.428805308469721
704 1.428807493749979
705 1.428809675126832
706 1.428811852600278
707 1.428814026170319
708 1.428816195836954
709 1.428818361600183
710 1.428820523460005
711 1.428822681416422
712 1.428824835469432
713 1.428826985619037
714 1.428829131865236
715 1.428831274208028
716 1.428833412647414
717 1.428835547183395
718 1.428837677815969
719 1.428839804545138
720 1.4288419273709
721 1.428844046293257
722 1.428846161312207
723 1.428848272427752
724 1.42885037963989
