0 0
0.2512562814070352 6.697859295759837e-41
0.5025125628140703 6.313463670029018e-35
0.7537688442211055 3.164630697940724e-11
1.005025125628141 8.832460754243833e-11
1.256281407035176 1.450029081054694e-10
1.507537688442211 2.016812086685005e-10
1.758793969849246 2.583595092315317e-10
2.010050251256281 3.150378097945628e-10
2.261306532663316 3.717161103575939e-10
2.512562814070352 4.283944109206249e-10
2.763819095477387 4.85072711483656e-10
3.015075376884422 5.417510120466872e-10
3.266331658291457 5.984293126097182e-10
3.517587939698492 6.551076131727493e-10
3.768844221105527 2.662876968597953e-08
4.020100502512562 1.004560981124011e-07
4.271356783919598 1.742834265388227e-07
4.522613065326633 2.831384349072387e-07
4.773869346733668 1.700128529677433e-06
5.025125628140703 7.516043132013138e-06
5.276381909547738 3.255590299451474e-05
5.527638190954773 0.0001769008310611456
5.778894472361809 0.0009440678219886371
6.030150753768844 0.004586626995012012
6.281407035175879 0.01754970618906075
6.532663316582914 0.04527744026931391
6.783919597989949 0.08145830052493347
7.035175879396984 0.1184292281649606
7.286432160804019 0.1536116960006121
7.537688442211055 0.1866615275219304
7.78894472361809 0.2177489097554214
8.040201005025125 0.2471130108284266
8.291457286432159 0.2749775176537047
8.542713567839195 0.3015338831807455
8.793969849246231 0.3269460468311617
9.045226130653266 0.3513538855515714
9.2964824120603 0.3748753603523837
9.547738693467336 0.3976124944407727
9.798994974874372 0.4196546620108959
10.05025125628141 0.4410787593940683
10.30150753768844 0.4619507976561401
10.55276381909548 0.4823283290180975
10.80402010050251 0.5022618918248619
11.05527638190955 0.5217959593500444
11.30653266331658 0.5409693566290275
11.55778894472362 0.5598159356511568
11.80904522613065 0.5783659575838576
12.06030150753769 0.5966468697605006
12.31155778894472 0.6146828272674143
12.56281407035176 0.6324951635533124
12.81407035175879 0.6501022137642407
13.06532663316583 0.6675207035517592
13.31658291457286 0.6847659880574961
13.5678391959799 0.7018530453176708
13.81909547738693 0.718794507288823
14.07035175879397 0.7356013705263753
14.321608040201 0.7522827501604852
14.57286432160804 0.7688474276731311
14.82412060301507 0.7853042737210452
15.07537688442211 0.8016617338428801
15.32663316582914 0.8179270092922905
15.57788944723618 0.8341057615125019
15.82914572864322 0.8502036542201777
16.08040201005025 0.8662259675519322
16.33165829145728 0.8821782622228109
16.58291457286432 0.8980643770304244
16.83417085427136 0.9138874978983365
17.08542713567839 0.9296526313638651
17.33668341708542 0.9453649650852127
17.58793969849246 0.9610252565535101
17.8391959798995 0.9766373157809168
18.09045226130653 0.9922039232988723
18.34170854271357 1.007727633271178
18.5929648241206 1.023210882880044
18.84422110552764 1.038655906825316
19.09547738693467 1.054064827172458
19.34673366834171 1.069439512722392
19.59798994974874 1.084781799570637
19.84924623115578 1.100093471581044
20.10050251256281 1.115375949942604
20.35175879396985 1.130630705879607
20.60301507537688 1.145859280465499
20.85427135678392 1.161063241805047
21.10552763819095 1.176243675889024
21.35678391959799 1.191401173531153
21.60804020100502 1.206536492647323
21.85929648241206 1.22165137847104
22.11055276381909 1.236746816874813
22.36180904522613 1.251823675408335
22.61306532663316 1.266882711009521
22.8643216080402 1.281924777619326
23.11557788944723 1.296950435576623
23.36683417085427 1.311960284649967
23.61809045226131 1.326955179832766
23.86934673366834 1.341935669081024
24.12060301507537 1.356902469045169
24.37185929648241 1.371856319671419
24.62311557788944 1.386797808381118
24.87437185929648 1.401727191454984
25.12562814070352 1.41276596600694
25.37688442211055 1.415101032918183
25.62814070351759 1.416251502159755
25.87939698492462 1.417009457243717
26.13065326633166 1.41757136929059
26.38190954773869 1.41801622790045
26.63316582914572 1.418383292415829
26.88442211055276 1.418695058022623
27.1356783919598 1.418965731177516
27.38693467336683 1.41920452312942
27.63819095477387 1.419417857582719
27.8894472361809 1.41961055333599
28.14070351758794 1.419786179266471
28.39195979899497 1.419947410066094
28.64321608040201 1.420096330593532
28.89447236180904 1.420234582492811
29.14572864321608 1.420363537665128
29.39698492462311 1.420484368706014
29.64824120603015 1.420598039275349
29.89949748743718 1.420705294757249
30.15075376884422 1.420806823503322
30.40201005025125 1.420903136806417
30.65326633165829 1.420994745383095
30.90452261306532 1.421082040424179
31.15577889447236 1.421165411494182
31.40703517587939 1.421245176472577
31.65829145728643 1.421321631068357
31.90954773869347 1.421395058673414
32.1608040201005 1.421465675224016
32.41206030150754 1.421533651963213
32.66331658291457 1.42159921713919
32.91457286432161 1.421662515010527
33.16582914572864 1.421723650427834
33.41708542713567 1.421782804536025
33.66834170854271 1.421840085355416
33.91959798994974 1.421895569351102
34.17085427135678 1.421949393292153
34.42211055276382 1.422001646403307
34.67336683417085 1.422052395903413
34.92462311557789 1.422101739396962
35.17587939698493 1.422149750310572
35.42713567839196 1.422196488410711
35.67839195979899 1.422242038690612
35.92964824120602 1.42228645480281
36.18090452261306 1.422329781628443
36.4321608040201 1.422372062843682
36.68341708542713 1.422413337977647
36.93467336683417 1.422453698163523
37.1859296482412 1.422493152009019
37.43718592964824 1.422531731259164
37.68844221105527 1.422569462734474
37.93969849246231 1.422606385796131
38.19095477386934 1.42264256508017
38.44221105527638 1.4226780026716
38.69346733668341 1.422712721635978
38.94472361809045 1.422746741902081
39.19597989949749 1.422780105594293
39.44723618090452 1.422812844612162
39.69849246231156 1.422844968421415
39.94974874371859 1.4228764961788
40.20100502512562 1.422907445185498
40.45226130653266 1.422937850789252
40.70351758793969 1.422967725776952
40.95477386934673 1.422997085184484
41.20603015075376 1.423025944845834
41.4572864321608 1.423054321894608
41.70854271356784 1.423082247361995
41.95979899497487 1.423109723756449
42.21105527638191 1.423136764104851
42.46231155778894 1.423163380371633
42.71356783919597 1.423189583458781
42.96482412060301 1.423215383205832
43.21608040201005 1.423240788389877
43.46733668341708 1.423265829822998
43.71859296482412 1.423290514600888
43.96984924623115 1.423314843997913
44.22110552763819 1.423338826145035
44.47236180904522 1.423362468380404
44.72361809045226 1.423385777249353
44.97487437185929 1.423408758504402
45.22613065326632 1.42343142542314
45.47738693467336 1.423453807573271
45.7286432160804 1.423475893598024
45.97989949748743 1.423497689812373
46.23115577889447 1.423519202027378
46.48241206030151 1.42354043555018
46.73366834170854 1.42356139518401
46.98492462311557 1.423582085228181
47.23618090452261 1.423602530749469
47.48743718592964 1.423622729909953
47.73869346733668 1.423642684432927
47.98994974874371 1.423662399393545
48.24120603015075 1.423681879570088
48.49246231155779 1.423701129443963
48.74371859296482 1.423720153199705
48.99497487437186 1.423738959072301
49.24623115577889 1.423757557418864
49.49748743718592 1.423775947227316
49.74874371859296 1.42379413281598
50 1.423812118307618
