 0.00000e+00 0.00000e+00 
 5.32371e-02 -3.47162e-03
 7.81273e-02 -7.13483e-03
 9.30279e-02 -1.10125e-02
 1.03522e-01 -1.51604e-02
 1.11807e-01 -1.95818e-02
 1.19122e-01 -2.43478e-02
 1.26157e-01 -2.94840e-02
 1.33407e-01 -3.50192e-02
 1.41274e-01 -4.09840e-02
 1.50124e-01 -4.74116e-02
 1.60318e-01 -5.43371e-02
 1.71704e-01 -6.14808e-02
 1.84101e-01 -6.86377e-02
 1.97577e-01 -7.58050e-02
 2.12181e-01 -8.29818e-02
 2.27948e-01 -9.01667e-02
 2.44899e-01 -9.73577e-02
 2.63054e-01 -1.04554e-01
 2.82425e-01 -1.11754e-01
 3.03024e-01 -1.18958e-01
 3.24856e-01 -1.26164e-01
 3.47929e-01 -1.33371e-01
 3.72247e-01 -1.40579e-01
 3.97813e-01 -1.47787e-01
 4.24630e-01 -1.54995e-01
 4.52698e-01 -1.62202e-01
 4.82020e-01 -1.69407e-01
 5.12595e-01 -1.76610e-01
 5.44426e-01 -1.83811e-01
 5.77510e-01 -1.91009e-01
 6.11850e-01 -1.98205e-01
 6.47444e-01 -2.05398e-01
 6.84294e-01 -2.12588e-01
 7.22396e-01 -2.19774e-01
 7.61752e-01 -2.26956e-01
 8.02359e-01 -2.34135e-01
 8.44218e-01 -2.41310e-01
 8.87327e-01 -2.48481e-01
 9.31683e-01 -2.55647e-01
 9.77293e-01 -2.62811e-01
 1.02415e+00 -2.69969e-01
 1.07225e+00 -2.77124e-01
 1.12160e+00 -2.84274e-01
 1.17219e+00 -2.91419e-01
 1.22402e+00 -2.98560e-01
 1.27709e+00 -3.05696e-01
 1.33141e+00 -3.12827e-01
 1.38696e+00 -3.19954e-01
 1.44375e+00 -3.27076e-01
 1.50177e+00 -3.34193e-01
 1.56103e+00 -3.41304e-01
 1.62152e+00 -3.48411e-01
 1.68325e+00 -3.55513e-01
 1.74620e+00 -3.62609e-01
 1.81038e+00 -3.69700e-01
 1.87579e+00 -3.76785e-01
 1.94242e+00 -3.83866e-01
 2.01028e+00 -3.90940e-01
 2.07935e+00 -3.98009e-01
 2.14965e+00 -4.05072e-01
 2.22117e+00 -4.12129e-01
 2.29390e+00 -4.19181e-01
 2.36785e+00 -4.26226e-01
 2.44301e+00 -4.33265e-01
 2.51939e+00 -4.40298e-01
 2.59697e+00 -4.47325e-01
 2.67576e+00 -4.54345e-01
 2.75576e+00 -4.61359e-01
 2.83696e+00 -4.68366e-01
 2.91936e+00 -4.75366e-01
 3.00297e+00 -4.82359e-01
 3.08777e+00 -4.89346e-01
 3.17377e+00 -4.96325e-01
 3.26096e+00 -5.03296e-01
 3.34934e+00 -5.10261e-01
 3.43892e+00 -5.17218e-01
 3.52969e+00 -5.24167e-01
 3.62164e+00 -5.31108e-01
 3.71478e+00 -5.38041e-01
 3.80910e+00 -5.44967e-01
 3.90460e+00 -5.51883e-01
 4.00128e+00 -5.58792e-01
 4.09913e+00 -5.65691e-01
 4.19815e+00 -5.72581e-01
 4.29832e+00 -5.79461e-01
 4.39962e+00 -5.86331e-01
 4.50199e+00 -5.93186e-01
 4.60531e+00 -6.00022e-01
 4.70937e+00 -6.06828e-01
 4.81386e+00 -6.13590e-01
 4.91842e+00 -6.20289e-01
 5.02270e+00 -6.26906e-01
 5.12636e+00 -6.33426e-01
 5.22914e+00 -6.39837e-01
 5.33092e+00 -6.46133e-01
 5.38098e+00 -6.49208e-01
 5.43353e+00 -6.52419e-01
 5.48867e+00 -6.55770e-01
 5.54608e+00 -6.59237e-01
 5.60588e+00 -6.62824e-01
 5.63654e+00 -6.64648e-01
 5.66886e+00 -6.66564e-01
 5.70327e+00 -6.68594e-01
 5.73954e+00 -6.70725e-01
 5.77778e+00 -6.72962e-01
 5.81810e+00 -6.75308e-01
 5.86064e+00 -6.77770e-01
 5.90510e+00 -6.80329e-01
 5.95161e+00 -6.82991e-01
 6.00027e+00 -6.85758e-01
 6.05078e+00 -6.88611e-01
 6.07671e+00 -6.90060e-01
 6.10411e+00 -6.91587e-01
 6.13335e+00 -6.93211e-01
 6.16454e+00 -6.94937e-01
 6.19751e+00 -6.96754e-01
 6.23235e+00 -6.98665e-01
 6.26918e+00 -7.00677e-01
 6.30812e+00 -7.02794e-01
 6.34893e+00 -7.05000e-01
 6.39172e+00 -7.07300e-01
 6.43659e+00 -7.09698e-01
 6.48367e+00 -7.12199e-01
 6.53266e+00 -7.14785e-01
 6.55791e+00 -7.16100e-01
 6.58483e+00 -7.17500e-01
 6.61360e+00 -7.18993e-01
 6.64434e+00 -7.20583e-01
 6.67719e+00 -7.22276e-01
 6.71196e+00 -7.24061e-01
 6.74876e+00 -7.25943e-01
 6.78772e+00 -7.27928e-01
 6.82898e+00 -7.30020e-01
 6.87228e+00 -7.32206e-01
 6.91775e+00 -7.34489e-01
 6.96509e+00 -7.36855e-01
 7.01441e+00 -7.39307e-01
 7.03988e+00 -7.40557e-01
 7.06702e+00 -7.41889e-01
 7.09603e+00 -7.43309e-01
 7.12704e+00 -7.44824e-01
 7.16017e+00 -7.46439e-01
 7.19525e+00 -7.48143e-01
 7.23238e+00 -7.49942e-01
 7.27168e+00 -7.51840e-01
 7.31293e+00 -7.53825e-01
 7.35622e+00 -7.55901e-01
 7.40166e+00 -7.58072e-01
 7.44896e+00 -7.60323e-01
 7.49822e+00 -7.62658e-01
 7.52370e+00 -7.63852e-01
 7.55083e+00 -7.65123e-01
 7.57981e+00 -7.66479e-01
 7.61077e+00 -7.67926e-01
 7.64385e+00 -7.69468e-01
 7.67884e+00 -7.71096e-01
 7.71587e+00 -7.72815e-01
 7.75506e+00 -7.74630e-01
 7.79616e+00 -7.76528e-01
 7.83928e+00 -7.78514e-01
 7.88451e+00 -7.80591e-01
 7.93158e+00 -7.82745e-01
 7.95596e+00 -7.83850e-01
 7.98192e+00 -7.85026e-01
 8.00962e+00 -7.86281e-01
 8.03919e+00 -7.87618e-01
 8.07076e+00 -7.89043e-01
 8.10446e+00 -7.90563e-01
 8.14011e+00 -7.92167e-01
 8.17781e+00 -7.93860e-01
 8.21769e+00 -7.95646e-01
 8.25951e+00 -7.97515e-01
 8.30335e+00 -7.99470e-01
 8.34895e+00 -8.01497e-01
 8.39639e+00 -8.03600e-01
 8.42096e+00 -8.04680e-01
 8.44711e+00 -8.05829e-01
 8.47502e+00 -8.07054e-01
 8.50479e+00 -8.08360e-01
 8.53658e+00 -8.09752e-01
 8.57018e+00 -8.11222e-01
 8.60570e+00 -8.12773e-01
 8.64325e+00 -8.14410e-01
 8.68297e+00 -8.16138e-01
 8.72460e+00 -8.17946e-01
 8.76824e+00 -8.19837e-01
 8.81363e+00 -8.21799e-01
 8.83715e+00 -8.22808e-01
 8.86218e+00 -8.23882e-01
 8.88888e+00 -8.25027e-01
 8.91737e+00 -8.26248e-01
 8.94777e+00 -8.27549e-01
 8.98020e+00 -8.28936e-01
 9.01449e+00 -8.30400e-01
 9.05073e+00 -8.31946e-01
 9.08905e+00 -8.33578e-01
 9.12921e+00 -8.35285e-01
 9.17129e+00 -8.37072e-01
 9.21505e+00 -8.38927e-01
 9.23774e+00 -8.39882e-01
 9.26189e+00 -8.40899e-01
 9.28764e+00 -8.41983e-01
 9.31510e+00 -8.43139e-01
 9.34440e+00 -8.44372e-01
 9.37565e+00 -8.45686e-01
 9.40868e+00 -8.47073e-01
 9.44358e+00 -8.48538e-01
 9.48047e+00 -8.50085e-01
 9.51913e+00 -8.51705e-01
 9.55963e+00 -8.53400e-01
 9.60208e+00 -8.55175e-01
 9.62410e+00 -8.56091e-01
 9.64753e+00 -8.57066e-01
 9.67251e+00 -8.58106e-01
 9.69915e+00 -8.59215e-01
 9.72756e+00 -8.60397e-01
 9.75787e+00 -8.61658e-01
 9.79020e+00 -8.63003e-01
 9.82437e+00 -8.64424e-01
 9.86048e+00 -8.65926e-01
 9.89831e+00 -8.67498e-01
 9.93794e+00 -8.69145e-01
 9.97948e+00 -8.70871e-01
 1.00010e+01 -8.71762e-01
 1.00239e+01 -8.72712e-01
 1.00486e+01 -8.73735e-01
 1.00750e+01 -8.74826e-01
 1.01031e+01 -8.75990e-01
 1.01330e+01 -8.77232e-01
 1.01649e+01 -8.78556e-01
 1.01987e+01 -8.79957e-01
 1.02343e+01 -8.81436e-01
 1.02717e+01 -8.82987e-01
 1.03108e+01 -8.84611e-01
 1.03514e+01 -8.86298e-01
 1.03725e+01 -8.87170e-01
 1.03952e+01 -8.88108e-01
 1.04195e+01 -8.89120e-01
 1.04456e+01 -8.90198e-01
 1.04733e+01 -8.91348e-01
 1.05028e+01 -8.92575e-01
 1.05343e+01 -8.93883e-01
 1.05676e+01 -8.95264e-01
 1.06027e+01 -8.96724e-01
 1.06395e+01 -8.98251e-01
 1.06780e+01 -8.99850e-01
 1.07179e+01 -9.01510e-01
 1.07386e+01 -9.02367e-01
 1.07609e+01 -9.03290e-01
 1.07849e+01 -9.04283e-01
 1.08104e+01 -9.05341e-01
 1.08376e+01 -9.06468e-01
 1.08666e+01 -9.07669e-01
 1.08975e+01 -9.08948e-01
 1.09301e+01 -9.10296e-01
 1.09646e+01 -9.11719e-01
 1.10006e+01 -9.13206e-01
 1.10383e+01 -9.14759e-01
 1.10774e+01 -9.16369e-01
 1.10977e+01 -9.17200e-01
 1.11194e+01 -9.18093e-01
 1.11429e+01 -9.19053e-01
 1.11679e+01 -9.20075e-01
 1.11945e+01 -9.21162e-01
 1.12228e+01 -9.22319e-01
 1.12530e+01 -9.23550e-01
 1.12848e+01 -9.24847e-01
 1.13185e+01 -9.26213e-01
 1.13536e+01 -9.27639e-01
 1.13904e+01 -9.29127e-01
 1.14286e+01 -9.30668e-01
 1.14484e+01 -9.31463e-01
 1.14696e+01 -9.32317e-01
 1.14925e+01 -9.33236e-01
 1.15171e+01 -9.34223e-01
 1.15433e+01 -9.35273e-01
 1.15712e+01 -9.36389e-01
 1.16010e+01 -9.37577e-01
 1.16323e+01 -9.38828e-01
 1.16655e+01 -9.40145e-01
 1.17001e+01 -9.41520e-01
 1.17363e+01 -9.42956e-01
 1.17739e+01 -9.44441e-01
 1.17933e+01 -9.45209e-01
 1.18143e+01 -9.46032e-01
 1.18368e+01 -9.46918e-01
 1.18610e+01 -9.47870e-01
 1.18868e+01 -9.48883e-01
 1.19143e+01 -9.49960e-01
 1.19435e+01 -9.51106e-01
 1.19744e+01 -9.52313e-01
 1.20070e+01 -9.53584e-01
 1.20411e+01 -9.54912e-01
 1.20767e+01 -9.56297e-01
 1.21136e+01 -9.57732e-01
 1.21328e+01 -9.58473e-01
 1.21534e+01 -9.59269e-01
 1.21755e+01 -9.60125e-01
 1.21994e+01 -9.61045e-01
 1.22248e+01 -9.62023e-01
 1.22518e+01 -9.63065e-01
 1.22806e+01 -9.64172e-01
 1.23110e+01 -9.65340e-01
 1.23430e+01 -9.66569e-01
 1.23765e+01 -9.67854e-01
 1.24116e+01 -9.69195e-01
 1.24479e+01 -9.70583e-01
 1.24668e+01 -9.71301e-01
 1.24870e+01 -9.72072e-01
 1.25088e+01 -9.72901e-01
 1.25323e+01 -9.73792e-01
 1.25572e+01 -9.74740e-01
 1.25838e+01 -9.75749e-01
 1.26122e+01 -9.76823e-01
 1.26420e+01 -9.77955e-01
 1.26736e+01 -9.79147e-01
 1.27068e+01 -9.80403e-01
 1.27416e+01 -9.81716e-01
 1.27777e+01 -9.83075e-01
 1.27964e+01 -9.83778e-01
 1.28165e+01 -9.84533e-01
 1.28381e+01 -9.85344e-01
 1.28614e+01 -9.86217e-01
 1.28864e+01 -9.87156e-01
 1.29130e+01 -9.88155e-01
 1.29414e+01 -9.89217e-01
 1.29714e+01 -9.90338e-01
 1.30030e+01 -9.91518e-01
 1.30360e+01 -9.92752e-01
 1.30706e+01 -9.94040e-01
 1.31064e+01 -9.95374e-01
 1.31250e+01 -9.96064e-01
 1.31450e+01 -9.96805e-01
 1.31664e+01 -9.97602e-01
 1.31896e+01 -9.98459e-01
 1.32144e+01 -9.99381e-01
 1.32409e+01 -1.00036e+00
 1.32691e+01 -1.00141e+00
 1.32989e+01 -1.00251e+00
 1.33302e+01 -1.00367e+00
 1.33631e+01 -1.00488e+00
 1.33974e+01 -1.00614e+00
 1.34330e+01 -1.00745e+00
 1.34514e+01 -1.00813e+00
 1.34712e+01 -1.00886e+00
 1.34926e+01 -1.00964e+00
 1.35155e+01 -1.01048e+00
 1.35402e+01 -1.01139e+00
 1.35665e+01 -1.01235e+00
 1.35945e+01 -1.01338e+00
 1.36241e+01 -1.01446e+00
 1.36552e+01 -1.01560e+00
 1.36878e+01 -1.01679e+00
 1.37219e+01 -1.01803e+00
 1.37572e+01 -1.01932e+00
 1.37755e+01 -1.01998e+00
 1.37952e+01 -1.02070e+00
 1.38164e+01 -1.02146e+00
 1.38392e+01 -1.02229e+00
 1.38637e+01 -1.02318e+00
 1.38898e+01 -1.02413e+00
 1.39176e+01 -1.02513e+00
 1.39469e+01 -1.02619e+00
 1.39778e+01 -1.02731e+00
 1.40101e+01 -1.02848e+00
 1.40439e+01 -1.02970e+00
 1.40790e+01 -1.03096e+00
 1.40972e+01 -1.03161e+00
 1.41167e+01 -1.03232e+00
 1.41377e+01 -1.03307e+00
 1.41603e+01 -1.03388e+00
 1.41846e+01 -1.03475e+00
 1.42105e+01 -1.03568e+00
 1.42381e+01 -1.03667e+00
 1.42672e+01 -1.03771e+00
 1.42979e+01 -1.03881e+00
 1.43299e+01 -1.03995e+00
 1.43635e+01 -1.04115e+00
 1.43982e+01 -1.04239e+00
 1.44163e+01 -1.04303e+00
 1.44356e+01 -1.04372e+00
 1.44565e+01 -1.04446e+00
 1.44789e+01 -1.04525e+00
 1.45030e+01 -1.04611e+00
 1.45287e+01 -1.04702e+00
 1.45560e+01 -1.04799e+00
 1.45851e+01 -1.04902e+00
 1.46158e+01 -1.05010e+00
 1.46479e+01 -1.05124e+00
 1.46815e+01 -1.05242e+00
 1.46989e+01 -1.05303e+00
 1.47176e+01 -1.05369e+00
 1.47377e+01 -1.05440e+00
 1.47594e+01 -1.05516e+00
 1.47826e+01 -1.05597e+00
 1.48077e+01 -1.05685e+00
 1.48343e+01 -1.05779e+00
 1.48627e+01 -1.05878e+00
 1.48927e+01 -1.05983e+00
 1.49243e+01 -1.06093e+00
 1.49573e+01 -1.06208e+00
 1.49915e+01 -1.06328e+00
 1.50093e+01 -1.06389e+00
 1.50283e+01 -1.06456e+00
 1.50488e+01 -1.06527e+00
 1.50709e+01 -1.06603e+00
 1.50946e+01 -1.06686e+00
 1.51199e+01 -1.06773e+00
 1.51468e+01 -1.06867e+00
 1.51755e+01 -1.06966e+00
 1.52057e+01 -1.07070e+00
 1.52373e+01 -1.07179e+00
 1.52703e+01 -1.07293e+00
 1.52875e+01 -1.07352e+00
 1.53058e+01 -1.07415e+00
 1.53256e+01 -1.07483e+00
 1.53469e+01 -1.07556e+00
 1.53698e+01 -1.07635e+00
 1.53944e+01 -1.07719e+00
 1.54207e+01 -1.07809e+00
 1.54486e+01 -1.07905e+00
 1.54780e+01 -1.08006e+00
 1.55091e+01 -1.08112e+00
 1.55416e+01 -1.08222e+00
 1.55752e+01 -1.08337e+00
 1.55927e+01 -1.08396e+00
 1.56114e+01 -1.08460e+00
 1.56316e+01 -1.08529e+00
 1.56533e+01 -1.08602e+00
 1.56766e+01 -1.08681e+00
 1.57017e+01 -1.08767e+00
 1.57284e+01 -1.08857e+00
 1.57569e+01 -1.08953e+00
 1.57869e+01 -1.09055e+00
 1.58183e+01 -1.09161e+00
 1.58511e+01 -1.09271e+00
 1.58681e+01 -1.09328e+00
 1.58864e+01 -1.09390e+00
 1.59060e+01 -1.09456e+00
 1.59271e+01 -1.09527e+00
 1.59499e+01 -1.09603e+00
 1.59743e+01 -1.09685e+00
 1.60004e+01 -1.09773e+00
 1.60281e+01 -1.09865e+00
 1.60573e+01 -1.09963e+00
 1.60882e+01 -1.10066e+00
 1.61204e+01 -1.10174e+00
 1.61538e+01 -1.10285e+00
 1.61711e+01 -1.10343e+00
 1.61897e+01 -1.10405e+00
 1.62097e+01 -1.10471e+00
 1.62313e+01 -1.10543e+00
 1.62544e+01 -1.10620e+00
 1.62793e+01 -1.10702e+00
 1.63059e+01 -1.10790e+00
 1.63341e+01 -1.10884e+00
 1.63639e+01 -1.10982e+00
 1.63950e+01 -1.11085e+00
 1.64276e+01 -1.11193e+00
 1.64444e+01 -1.11248e+00
 1.64626e+01 -1.11308e+00
 1.64820e+01 -1.11372e+00
 1.65030e+01 -1.11441e+00
 1.65256e+01 -1.11515e+00
 1.65498e+01 -1.11595e+00
 1.65756e+01 -1.11679e+00
 1.66031e+01 -1.11770e+00
 1.66321e+01 -1.11865e+00
 1.66627e+01 -1.11965e+00
 1.66947e+01 -1.12069e+00
 1.67113e+01 -1.12123e+00
 1.67291e+01 -1.12181e+00
 1.67482e+01 -1.12244e+00
 1.67688e+01 -1.12311e+00
 1.67909e+01 -1.12383e+00
 1.68148e+01 -1.12461e+00
 1.68401e+01 -1.12543e+00
 1.68671e+01 -1.12631e+00
 1.68959e+01 -1.12724e+00
 1.69262e+01 -1.12823e+00
 1.69579e+01 -1.12925e+00
 1.69744e+01 -1.12978e+00
 1.69920e+01 -1.13035e+00
 1.70110e+01 -1.13097e+00
 1.70314e+01 -1.13162e+00
 1.70534e+01 -1.13233e+00
 1.70770e+01 -1.13310e+00
 1.71021e+01 -1.13391e+00
 1.71289e+01 -1.13477e+00
 1.71572e+01 -1.13568e+00
 1.71869e+01 -1.13663e+00
 1.72180e+01 -1.13763e+00
 1.72342e+01 -1.13815e+00
 1.72515e+01 -1.13870e+00
 1.72702e+01 -1.13930e+00
 1.72902e+01 -1.13994e+00
 1.73118e+01 -1.14063e+00
 1.73350e+01 -1.14137e+00
 1.73599e+01 -1.14217e+00
 1.73865e+01 -1.14302e+00
 1.74145e+01 -1.14391e+00
 1.74438e+01 -1.14484e+00
 1.74590e+01 -1.14532e+00
 1.74753e+01 -1.14584e+00
 1.74928e+01 -1.14640e+00
 1.75117e+01 -1.14700e+00
 1.75320e+01 -1.14764e+00
 1.75538e+01 -1.14834e+00
 1.75773e+01 -1.14908e+00
 1.76023e+01 -1.14987e+00
 1.76289e+01 -1.15071e+00
 1.76569e+01 -1.15160e+00
 1.76715e+01 -1.15206e+00
 1.76871e+01 -1.15255e+00
 1.77039e+01 -1.15308e+00
 1.77220e+01 -1.15365e+00
 1.77414e+01 -1.15426e+00
 1.77623e+01 -1.15492e+00
 1.77848e+01 -1.15563e+00
 1.78090e+01 -1.15639e+00
 1.78347e+01 -1.15720e+00
 1.78619e+01 -1.15806e+00
 1.78760e+01 -1.15849e+00
 1.78911e+01 -1.15897e+00
 1.79074e+01 -1.15948e+00
 1.79249e+01 -1.16003e+00
 1.79437e+01 -1.16062e+00
 1.79639e+01 -1.16125e+00
 1.79857e+01 -1.16193e+00
 1.80091e+01 -1.16266e+00
 1.80340e+01 -1.16344e+00
 1.80603e+01 -1.16426e+00
 1.80740e+01 -1.16468e+00
 1.80886e+01 -1.16514e+00
 1.81043e+01 -1.16563e+00
 1.81213e+01 -1.16616e+00
 1.81395e+01 -1.16672e+00
 1.81591e+01 -1.16733e+00
 1.81801e+01 -1.16799e+00
 1.82028e+01 -1.16869e+00
 1.82269e+01 -1.16944e+00
 1.82523e+01 -1.17023e+00
 1.82655e+01 -1.17063e+00
 1.82797e+01 -1.17107e+00
 1.82949e+01 -1.17154e+00
 1.83113e+01 -1.17205e+00
 1.83289e+01 -1.17259e+00
 1.83479e+01 -1.17318e+00
 1.83683e+01 -1.17381e+00
 1.83902e+01 -1.17449e+00
 1.84135e+01 -1.17521e+00
 1.84381e+01 -1.17596e+00
 1.84510e+01 -1.17636e+00
 1.84648e+01 -1.17678e+00
 1.84797e+01 -1.17724e+00
 1.84957e+01 -1.17773e+00
 1.85128e+01 -1.17826e+00
 1.85313e+01 -1.17883e+00
 1.85512e+01 -1.17944e+00
 1.85726e+01 -1.18009e+00
 1.85953e+01 -1.18079e+00
 1.86193e+01 -1.18153e+00
 1.86318e+01 -1.18190e+00
 1.86452e+01 -1.18231e+00
 1.86595e+01 -1.18275e+00
 1.86750e+01 -1.18323e+00
 1.86916e+01 -1.18373e+00
 1.87095e+01 -1.18428e+00
 1.87287e+01 -1.18487e+00
 1.87494e+01 -1.18550e+00
 1.87714e+01 -1.18617e+00
 1.87946e+01 -1.18688e+00
 1.88068e+01 -1.18724e+00
 1.88198e+01 -1.18764e+00
 1.88338e+01 -1.18806e+00
 1.88489e+01 -1.18852e+00
 1.88651e+01 -1.18902e+00
 1.88825e+01 -1.18955e+00
 1.89013e+01 -1.19011e+00
 1.89215e+01 -1.19073e+00
 1.89429e+01 -1.19138e+00
 1.89655e+01 -1.19206e+00
 1.89773e+01 -1.19241e+00
 1.89899e+01 -1.19280e+00
 1.90035e+01 -1.19321e+00
 1.90180e+01 -1.19365e+00
 1.90337e+01 -1.19412e+00
 1.90506e+01 -1.19463e+00
 1.90687e+01 -1.19518e+00
 1.90882e+01 -1.19577e+00
 1.91090e+01 -1.19639e+00
 1.91308e+01 -1.19705e+00
 1.91423e+01 -1.19739e+00
 1.91546e+01 -1.19776e+00
 1.91678e+01 -1.19816e+00
 1.91820e+01 -1.19859e+00
 1.91973e+01 -1.19905e+00
 1.92137e+01 -1.19954e+00
 1.92314e+01 -1.20007e+00
 1.92504e+01 -1.20064e+00
 1.92706e+01 -1.20125e+00
 1.92920e+01 -1.20189e+00
 1.93031e+01 -1.20222e+00
 1.93151e+01 -1.20258e+00
 1.93280e+01 -1.20296e+00
 1.93419e+01 -1.20338e+00
 1.93567e+01 -1.20382e+00
 1.93728e+01 -1.20430e+00
 1.93900e+01 -1.20482e+00
 1.94085e+01 -1.20537e+00
 1.94282e+01 -1.20596e+00
 1.94490e+01 -1.20658e+00
 1.94708e+01 -1.20723e+00
 1.94820e+01 -1.20756e+00
 1.94941e+01 -1.20792e+00
 1.95071e+01 -1.20831e+00
 1.95211e+01 -1.20872e+00
 1.95362e+01 -1.20917e+00
 1.95524e+01 -1.20965e+00
 1.95698e+01 -1.21017e+00
 1.95885e+01 -1.21073e+00
 1.96082e+01 -1.21131e+00
 1.96288e+01 -1.21192e+00
 1.96395e+01 -1.21224e+00
 1.96510e+01 -1.21258e+00
 1.96634e+01 -1.21294e+00
 1.96766e+01 -1.21334e+00
 1.96909e+01 -1.21376e+00
 1.97063e+01 -1.21421e+00
 1.97228e+01 -1.21470e+00
 1.97405e+01 -1.21523e+00
 1.97594e+01 -1.21579e+00
 1.97794e+01 -1.21637e+00
 1.97898e+01 -1.21668e+00
 1.98010e+01 -1.21701e+00
 1.98130e+01 -1.21736e+00
 1.98260e+01 -1.21774e+00
 1.98399e+01 -1.21815e+00
 1.98548e+01 -1.21860e+00
 1.98709e+01 -1.21907e+00
 1.98882e+01 -1.21958e+00
 1.99066e+01 -1.22012e+00
 1.99261e+01 -1.22069e+00
 1.99463e+01 -1.22129e+00
 1.99569e+01 -1.22159e+00
 1.99682e+01 -1.22192e+00
 1.99803e+01 -1.22228e+00
 1.99934e+01 -1.22266e+00
 2.00074e+01 -1.22308e+00
 2.00225e+01 -1.22352e+00
 2.00388e+01 -1.22400e+00
 2.00563e+01 -1.22451e+00
 2.00749e+01 -1.22505e+00
 2.00943e+01 -1.22562e+00
 2.01044e+01 -1.22591e+00
 2.01152e+01 -1.22623e+00
 2.01268e+01 -1.22657e+00
 2.01394e+01 -1.22693e+00
 2.01528e+01 -1.22733e+00
 2.01673e+01 -1.22775e+00
 2.01829e+01 -1.22820e+00
 2.01996e+01 -1.22869e+00
 2.02174e+01 -1.22921e+00
 2.02362e+01 -1.22976e+00
 2.02460e+01 -1.23004e+00
 2.02566e+01 -1.23035e+00
 2.02679e+01 -1.23068e+00
 2.02801e+01 -1.23103e+00
 2.02932e+01 -1.23141e+00
 2.03073e+01 -1.23182e+00
 2.03225e+01 -1.23226e+00
 2.03388e+01 -1.23273e+00
 2.03561e+01 -1.23324e+00
 2.03744e+01 -1.23377e+00
 2.03935e+01 -1.23432e+00
 2.04035e+01 -1.23461e+00
 2.04141e+01 -1.23492e+00
 2.04256e+01 -1.23525e+00
 2.04379e+01 -1.23560e+00
 2.04511e+01 -1.23599e+00
 2.04653e+01 -1.23640e+00
 2.04806e+01 -1.23684e+00
 2.04971e+01 -1.23732e+00
 2.05146e+01 -1.23782e+00
 2.05331e+01 -1.23836e+00
 2.05427e+01 -1.23863e+00
 2.05530e+01 -1.23893e+00
 2.05640e+01 -1.23925e+00
 2.05759e+01 -1.23959e+00
 2.05887e+01 -1.23996e+00
 2.06025e+01 -1.24035e+00
 2.06173e+01 -1.24078e+00
 2.06332e+01 -1.24124e+00
 2.06501e+01 -1.24172e+00
 2.06680e+01 -1.24224e+00
 2.06866e+01 -1.24277e+00
 2.06963e+01 -1.24305e+00
 2.07067e+01 -1.24335e+00
 2.07179e+01 -1.24367e+00
 2.07299e+01 -1.24401e+00
 2.07428e+01 -1.24438e+00
 2.07567e+01 -1.24478e+00
 2.07716e+01 -1.24521e+00
 2.07877e+01 -1.24567e+00
 2.08047e+01 -1.24616e+00
 2.08228e+01 -1.24667e+00
 2.08321e+01 -1.24694e+00
 2.08422e+01 -1.24723e+00
 2.08530e+01 -1.24753e+00
 2.08646e+01 -1.24787e+00
 2.08770e+01 -1.24822e+00
 2.08904e+01 -1.24861e+00
 2.09049e+01 -1.24902e+00
 2.09204e+01 -1.24946e+00
 2.09369e+01 -1.24993e+00
 2.09543e+01 -1.25043e+00
 2.09725e+01 -1.25095e+00
 2.09819e+01 -1.25121e+00
 2.09921e+01 -1.25150e+00
 2.10030e+01 -1.25181e+00
 2.10147e+01 -1.25215e+00
 2.10273e+01 -1.25250e+00
 2.10408e+01 -1.25289e+00
 2.10554e+01 -1.25330e+00
 2.10710e+01 -1.25375e+00
 2.10877e+01 -1.25422e+00
 2.11053e+01 -1.25472e+00
 2.11144e+01 -1.25498e+00
 2.11242e+01 -1.25525e+00
 2.11347e+01 -1.25555e+00
 2.11460e+01 -1.25587e+00
 2.11582e+01 -1.25622e+00
 2.11713e+01 -1.25659e+00
 2.11853e+01 -1.25699e+00
 2.12005e+01 -1.25742e+00
 2.12167e+01 -1.25788e+00
 2.12339e+01 -1.25836e+00
 2.12429e+01 -1.25861e+00
 2.12525e+01 -1.25889e+00
 2.12629e+01 -1.25918e+00
 2.12740e+01 -1.25949e+00
 2.12860e+01 -1.25983e+00
 2.12988e+01 -1.26020e+00
 2.13127e+01 -1.26059e+00
 2.13276e+01 -1.26101e+00
 2.13436e+01 -1.26146e+00
 2.13605e+01 -1.26194e+00
 2.13781e+01 -1.26243e+00
 2.13873e+01 -1.26269e+00
 2.13971e+01 -1.26296e+00
 2.14076e+01 -1.26326e+00
 2.14190e+01 -1.26358e+00
 2.14312e+01 -1.26392e+00
 2.14443e+01 -1.26429e+00
 2.14585e+01 -1.26469e+00
 2.14736e+01 -1.26512e+00
 2.14898e+01 -1.26557e+00
 2.15068e+01 -1.26605e+00
 2.15157e+01 -1.26629e+00
 2.15252e+01 -1.26656e+00
 2.15354e+01 -1.26685e+00
 2.15463e+01 -1.26715e+00
 2.15581e+01 -1.26748e+00
 2.15708e+01 -1.26784e+00
 2.15844e+01 -1.26822e+00
 2.15991e+01 -1.26863e+00
 2.16149e+01 -1.26907e+00
 2.16315e+01 -1.26954e+00
 2.16402e+01 -1.26978e+00
 2.16496e+01 -1.27004e+00
 2.16596e+01 -1.27032e+00
 2.16704e+01 -1.27062e+00
 2.16820e+01 -1.27095e+00
 2.16945e+01 -1.27130e+00
 2.17079e+01 -1.27167e+00
 2.17223e+01 -1.27207e+00
 2.17378e+01 -1.27251e+00
 2.17542e+01 -1.27296e+00
 2.17713e+01 -1.27344e+00
 2.17802e+01 -1.27368e+00
 2.17897e+01 -1.27395e+00
 2.17999e+01 -1.27423e+00
 2.18109e+01 -1.27454e+00
 2.18227e+01 -1.27487e+00
 2.18355e+01 -1.27522e+00
 2.18491e+01 -1.27560e+00
 2.18638e+01 -1.27601e+00
 2.18795e+01 -1.27645e+00
 2.18960e+01 -1.27691e+00
 2.19047e+01 -1.27714e+00
 2.19139e+01 -1.27740e+00
 2.19239e+01 -1.27768e+00
 2.19346e+01 -1.27797e+00
 2.19461e+01 -1.27829e+00
 2.19585e+01 -1.27864e+00
 2.19718e+01 -1.27901e+00
 2.19862e+01 -1.27940e+00
 2.20016e+01 -1.27983e+00
 2.20178e+01 -1.28028e+00
 2.20348e+01 -1.28075e+00
 2.20436e+01 -1.28099e+00
 2.20530e+01 -1.28125e+00
 2.20632e+01 -1.28153e+00
 2.20741e+01 -1.28184e+00
 2.20859e+01 -1.28216e+00
 2.20985e+01 -1.28251e+00
 2.21121e+01 -1.28288e+00
 2.21267e+01 -1.28329e+00
 2.21422e+01 -1.28372e+00
 2.21586e+01 -1.28417e+00
 2.21672e+01 -1.28440e+00
 2.21764e+01 -1.28466e+00
 2.21863e+01 -1.28493e+00
 2.21969e+01 -1.28522e+00
 2.22083e+01 -1.28554e+00
 2.22206e+01 -1.28588e+00
 2.22339e+01 -1.28624e+00
 2.22481e+01 -1.28663e+00
 2.22634e+01 -1.28705e+00
 2.22795e+01 -1.28750e+00
 2.22879e+01 -1.28773e+00
 2.22970e+01 -1.28797e+00
 2.23067e+01 -1.28824e+00
 2.23172e+01 -1.28853e+00
 2.23284e+01 -1.28884e+00
 2.23405e+01 -1.28917e+00
 2.23535e+01 -1.28953e+00
 2.23675e+01 -1.28991e+00
 2.23826e+01 -1.29033e+00
 2.23986e+01 -1.29077e+00
 2.24153e+01 -1.29122e+00
 2.24240e+01 -1.29146e+00
 2.24333e+01 -1.29171e+00
 2.24433e+01 -1.29199e+00
 2.24541e+01 -1.29228e+00
 2.24657e+01 -1.29260e+00
 2.24781e+01 -1.29294e+00
 2.24915e+01 -1.29331e+00
 2.25059e+01 -1.29370e+00
 2.25214e+01 -1.29413e+00
 2.25377e+01 -1.29457e+00
 2.25462e+01 -1.29480e+00
 2.25553e+01 -1.29505e+00
 2.25651e+01 -1.29532e+00
 2.25756e+01 -1.29560e+00
 2.25869e+01 -1.29591e+00
 2.25991e+01 -1.29624e+00
 2.26121e+01 -1.29660e+00
 2.26262e+01 -1.29698e+00
 2.26413e+01 -1.29740e+00
 2.26572e+01 -1.29783e+00
 2.26656e+01 -1.29805e+00
 2.26745e+01 -1.29830e+00
 2.26841e+01 -1.29856e+00
 2.26945e+01 -1.29884e+00
 2.27056e+01 -1.29914e+00
 2.27175e+01 -1.29947e+00
 2.27304e+01 -1.29982e+00
 2.27442e+01 -1.30019e+00
 2.27591e+01 -1.30060e+00
 2.27749e+01 -1.30103e+00
 2.27914e+01 -1.30148e+00
 2.28000e+01 -1.30171e+00
 2.28092e+01 -1.30196e+00
 2.28191e+01 -1.30223e+00
 2.28298e+01 -1.30252e+00
 2.28412e+01 -1.30283e+00
 2.28535e+01 -1.30316e+00
 2.28667e+01 -1.30352e+00
 2.28810e+01 -1.30391e+00
 2.28963e+01 -1.30432e+00
 2.29124e+01 -1.30476e+00
 2.29208e+01 -1.30498e+00
 2.29298e+01 -1.30522e+00
 2.29394e+01 -1.30548e+00
 2.29498e+01 -1.30577e+00
 2.29610e+01 -1.30607e+00
 2.29730e+01 -1.30639e+00
 2.29859e+01 -1.30674e+00
 2.29998e+01 -1.30712e+00
 2.30147e+01 -1.30752e+00
 2.30304e+01 -1.30795e+00
 2.30387e+01 -1.30817e+00
 2.30475e+01 -1.30840e+00
 2.30570e+01 -1.30866e+00
 2.30672e+01 -1.30894e+00
 2.30782e+01 -1.30923e+00
 2.30900e+01 -1.30955e+00
 2.31027e+01 -1.30989e+00
 2.31164e+01 -1.31026e+00
 2.31311e+01 -1.31066e+00
 2.31467e+01 -1.31108e+00
 2.31630e+01 -1.31152e+00
 2.31715e+01 -1.31174e+00
 2.31806e+01 -1.31199e+00
 2.31904e+01 -1.31225e+00
 2.32009e+01 -1.31253e+00
 2.32122e+01 -1.31284e+00
 2.32244e+01 -1.31317e+00
 2.32374e+01 -1.31352e+00
 2.32515e+01 -1.31390e+00
 2.32666e+01 -1.31430e+00
 2.32825e+01 -1.31473e+00
 2.32909e+01 -1.31495e+00
 2.32998e+01 -1.31519e+00
 2.33094e+01 -1.31545e+00
 2.33198e+01 -1.31573e+00
 2.33309e+01 -1.31602e+00
 2.33429e+01 -1.31635e+00
 2.33557e+01 -1.31669e+00
 2.33695e+01 -1.31706e+00
 2.33844e+01 -1.31746e+00
 2.34001e+01 -1.31788e+00
 2.34083e+01 -1.31809e+00
 2.34171e+01 -1.31833e+00
 2.34266e+01 -1.31858e+00
 2.34367e+01 -1.31886e+00
 2.34477e+01 -1.31915e+00
 2.34594e+01 -1.31946e+00
 2.34721e+01 -1.31980e+00
 2.34857e+01 -1.32017e+00
 2.35003e+01 -1.32056e+00
 2.35158e+01 -1.32097e+00
 2.35321e+01 -1.32141e+00
 2.35406e+01 -1.32163e+00
 2.35496e+01 -1.32187e+00
 2.35594e+01 -1.32213e+00
 2.35698e+01 -1.32241e+00
 2.35811e+01 -1.32271e+00
 2.35932e+01 -1.32303e+00
 2.36062e+01 -1.32338e+00
 2.36202e+01 -1.32375e+00
 2.36351e+01 -1.32415e+00
 2.36508e+01 -1.32457e+00
 2.36590e+01 -1.32478e+00
 2.36678e+01 -1.32502e+00
 2.36773e+01 -1.32527e+00
 2.36875e+01 -1.32554e+00
 2.36985e+01 -1.32583e+00
 2.37102e+01 -1.32615e+00
 2.37229e+01 -1.32648e+00
 2.37365e+01 -1.32685e+00
 2.37510e+01 -1.32723e+00
 2.37665e+01 -1.32764e+00
 2.37826e+01 -1.32807e+00
 2.37910e+01 -1.32829e+00
 2.37999e+01 -1.32853e+00
 2.38096e+01 -1.32878e+00
 2.38200e+01 -1.32906e+00
 2.38311e+01 -1.32935e+00
 2.38431e+01 -1.32967e+00
 2.38560e+01 -1.33001e+00
 2.38699e+01 -1.33038e+00
 2.38847e+01 -1.33077e+00
 2.39002e+01 -1.33119e+00
 2.39083e+01 -1.33140e+00
 2.39170e+01 -1.33163e+00
 2.39263e+01 -1.33187e+00
 2.39363e+01 -1.33214e+00
 2.39471e+01 -1.33242e+00
 2.39587e+01 -1.33273e+00
 2.39712e+01 -1.33306e+00
 2.39845e+01 -1.33341e+00
 2.39988e+01 -1.33379e+00
 2.40140e+01 -1.33419e+00
 2.40219e+01 -1.33440e+00
 2.40305e+01 -1.33462e+00
 2.40396e+01 -1.33486e+00
 2.40495e+01 -1.33512e+00
 2.40601e+01 -1.33540e+00
 2.40714e+01 -1.33570e+00
 2.40837e+01 -1.33603e+00
 2.40968e+01 -1.33638e+00
 2.41109e+01 -1.33675e+00
 2.41258e+01 -1.33714e+00
 2.41413e+01 -1.33755e+00
 2.41495e+01 -1.33776e+00
 2.41581e+01 -1.33799e+00
 2.41675e+01 -1.33823e+00
 2.41775e+01 -1.33850e+00
 2.41883e+01 -1.33878e+00
 2.41999e+01 -1.33908e+00
 2.42123e+01 -1.33941e+00
 2.42257e+01 -1.33977e+00
 2.42400e+01 -1.34014e+00
 2.42552e+01 -1.34054e+00
 2.42631e+01 -1.34074e+00
 2.42716e+01 -1.34097e+00
 2.42806e+01 -1.34120e+00
 2.42904e+01 -1.34146e+00
 2.43009e+01 -1.34174e+00
 2.43122e+01 -1.34203e+00
 2.43244e+01 -1.34235e+00
 2.43374e+01 -1.34270e+00
 2.43514e+01 -1.34306e+00
 2.43662e+01 -1.34345e+00
 2.43739e+01 -1.34365e+00
 2.43822e+01 -1.34387e+00
 2.43912e+01 -1.34410e+00
 2.44008e+01 -1.34435e+00
 2.44111e+01 -1.34462e+00
 2.44222e+01 -1.34492e+00
 2.44342e+01 -1.34523e+00
 2.44470e+01 -1.34556e+00
 2.44607e+01 -1.34592e+00
 2.44752e+01 -1.34630e+00
 2.44904e+01 -1.34670e+00
 2.44983e+01 -1.34690e+00
 2.45068e+01 -1.34712e+00
 2.45159e+01 -1.34736e+00
 2.45257e+01 -1.34762e+00
 2.45362e+01 -1.34789e+00
 2.45475e+01 -1.34819e+00
 2.45597e+01 -1.34851e+00
 2.45727e+01 -1.34885e+00
 2.45867e+01 -1.34921e+00
 2.46015e+01 -1.34960e+00
 2.46093e+01 -1.34980e+00
 2.46176e+01 -1.35001e+00
 2.46265e+01 -1.35025e+00
 2.46361e+01 -1.35050e+00
 2.46465e+01 -1.35077e+00
 2.46576e+01 -1.35106e+00
 2.46695e+01 -1.35137e+00
 2.46824e+01 -1.35170e+00
 2.46961e+01 -1.35206e+00
 2.47106e+01 -1.35244e+00
 2.47183e+01 -1.35263e+00
 2.47264e+01 -1.35285e+00
 2.47352e+01 -1.35307e+00
 2.47447e+01 -1.35332e+00
 2.47548e+01 -1.35358e+00
 2.47658e+01 -1.35387e+00
 2.47775e+01 -1.35417e+00
 2.47901e+01 -1.35450e+00
 2.48036e+01 -1.35485e+00
 2.48179e+01 -1.35522e+00
 2.48328e+01 -1.35561e+00
 2.48406e+01 -1.35581e+00
 2.48489e+01 -1.35603e+00
 2.48579e+01 -1.35626e+00
 2.48675e+01 -1.35651e+00
 2.48778e+01 -1.35678e+00
 2.48890e+01 -1.35706e+00
 2.49009e+01 -1.35738e+00
 2.49138e+01 -1.35771e+00
 2.49275e+01 -1.35806e+00
 2.49420e+01 -1.35844e+00
 2.49497e+01 -1.35863e+00
 2.49579e+01 -1.35885e+00
 2.49667e+01 -1.35907e+00
 2.49761e+01 -1.35932e+00
 2.49863e+01 -1.35958e+00
 2.49972e+01 -1.35987e+00
 2.50087e+01 -1.35994e+00
 2.50204e+01 -1.35994e+00
 2.50342e+01 -1.35995e+00
