0.00000e+00 0.00000e+00  
5.32371e-02 -4.34269e-01 
7.81273e-02 -6.58977e-01 
9.30279e-02 -8.09753e-01 
1.03522e-01 -9.27873e-01 
1.11807e-01 -1.02895e+00 
1.19122e-01 -1.12197e+00 
1.26157e-01 -1.21126e+00 
1.33407e-01 -1.29956e+00 
1.41274e-01 -1.38871e+00 
1.50124e-01 -1.48008e+00 
1.60318e-01 -1.57471e+00 
1.71704e-01 -1.66931e+00 
1.84101e-01 -1.76179e+00 
1.97577e-01 -1.85258e+00 
2.12181e-01 -1.94200e+00 
2.27948e-01 -2.03027e+00 
2.44899e-01 -2.11753e+00 
2.63054e-01 -2.20388e+00 
2.82425e-01 -2.28942e+00 
3.03024e-01 -2.37419e+00 
3.24856e-01 -2.45824e+00 
3.47929e-01 -2.54162e+00 
3.72247e-01 -2.62435e+00 
3.97813e-01 -2.70646e+00 
4.24630e-01 -2.78796e+00 
4.52698e-01 -2.86888e+00 
4.82020e-01 -2.94922e+00 
5.12595e-01 -3.02901e+00 
5.44426e-01 -3.10825e+00 
5.77510e-01 -3.18695e+00 
6.11850e-01 -3.26512e+00 
6.47444e-01 -3.34277e+00 
6.84294e-01 -3.41990e+00 
7.22396e-01 -3.49652e+00 
7.61752e-01 -3.57263e+00 
8.02359e-01 -3.64822e+00 
8.44218e-01 -3.72331e+00 
8.87327e-01 -3.79790e+00 
9.31683e-01 -3.87198e+00 
9.77293e-01 -3.94553e+00 
1.02415e+00 -4.01859e+00 
1.07225e+00 -4.09114e+00 
1.12160e+00 -4.16316e+00 
1.17219e+00 -4.23466e+00 
1.22402e+00 -4.30563e+00 
1.27709e+00 -4.37607e+00 
1.33141e+00 -4.44597e+00 
1.38696e+00 -4.51532e+00 
1.44375e+00 -4.58411e+00 
1.50177e+00 -4.65234e+00 
1.56103e+00 -4.71999e+00 
1.62152e+00 -4.78706e+00 
1.68325e+00 -4.85354e+00 
1.74620e+00 -4.91941e+00 
1.81038e+00 -4.98466e+00 
1.87579e+00 -5.04929e+00 
1.94242e+00 -5.11327e+00 
2.01028e+00 -5.17660e+00 
2.07935e+00 -5.23925e+00 
2.14965e+00 -5.30123e+00 
2.22117e+00 -5.36251e+00 
2.29390e+00 -5.42307e+00 
2.36785e+00 -5.48290e+00 
2.44301e+00 -5.54199e+00 
2.51939e+00 -5.60032e+00 
2.59697e+00 -5.65786e+00 
2.67576e+00 -5.71460e+00 
2.75576e+00 -5.77053e+00 
2.83696e+00 -5.82562e+00 
2.91936e+00 -5.87985e+00 
3.00297e+00 -5.93321e+00 
3.08777e+00 -5.98567e+00 
3.17377e+00 -6.03721e+00 
3.26096e+00 -6.08781e+00 
3.34934e+00 -6.13745e+00 
3.43892e+00 -6.18610e+00 
3.52969e+00 -6.23374e+00 
3.62164e+00 -6.28036e+00 
3.71478e+00 -6.32591e+00 
3.80910e+00 -6.37038e+00 
3.90460e+00 -6.41375e+00 
4.00128e+00 -6.45598e+00 
4.09913e+00 -6.49703e+00 
4.19815e+00 -6.53688e+00 
4.29832e+00 -6.57546e+00 
4.39962e+00 -6.61267e+00 
4.50199e+00 -6.64832e+00 
4.60531e+00 -6.68207e+00 
4.70937e+00 -6.71334e+00 
4.81386e+00 -6.74147e+00 
4.91842e+00 -6.76589e+00 
5.02270e+00 -6.78620e+00 
5.12636e+00 -6.80200e+00 
5.22914e+00 -6.81294e+00 
5.33092e+00 -6.81897e+00 
5.38098e+00 -6.81974e+00 
5.43353e+00 -6.81957e+00 
5.48867e+00 -6.81837e+00 
5.54608e+00 -6.81616e+00 
5.60588e+00 -6.81306e+00 
5.63654e+00 -6.81111e+00 
5.66886e+00 -6.80900e+00 
5.70327e+00 -6.80668e+00 
5.73954e+00 -6.80418e+00 
5.77778e+00 -6.80149e+00 
5.81810e+00 -6.79862e+00 
5.86064e+00 -6.79555e+00 
5.90510e+00 -6.79229e+00 
5.95161e+00 -6.78881e+00 
6.00027e+00 -6.78506e+00 
6.05078e+00 -6.78104e+00 
6.07671e+00 -6.77914e+00 
6.10411e+00 -6.77711e+00 
6.13335e+00 -6.77489e+00 
6.16454e+00 -6.77247e+00 
6.19751e+00 -6.76984e+00 
6.23235e+00 -6.76697e+00 
6.26918e+00 -6.76384e+00 
6.30812e+00 -6.76040e+00 
6.34893e+00 -6.75667e+00 
6.39172e+00 -6.75263e+00 
6.43659e+00 -6.74826e+00 
6.48367e+00 -6.74355e+00 
6.53266e+00 -6.73853e+00 
6.55791e+00 -6.73628e+00 
6.58483e+00 -6.73375e+00 
6.61360e+00 -6.73102e+00 
6.64434e+00 -6.72808e+00 
6.67719e+00 -6.72491e+00 
6.71196e+00 -6.72154e+00 
6.74876e+00 -6.71796e+00 
6.78772e+00 -6.71417e+00 
6.82898e+00 -6.71016e+00 
6.87228e+00 -6.70597e+00 
6.91775e+00 -6.70163e+00 
6.96509e+00 -6.69717e+00 
7.01441e+00 -6.69261e+00 
7.03988e+00 -6.69064e+00 
7.06702e+00 -6.68841e+00 
7.09603e+00 -6.68607e+00 
7.12704e+00 -6.68360e+00 
7.16017e+00 -6.68102e+00 
7.19525e+00 -6.67834e+00 
7.23238e+00 -6.67556e+00 
7.27168e+00 -6.67268e+00 
7.31293e+00 -6.66974e+00 
7.35622e+00 -6.66673e+00 
7.40166e+00 -6.66366e+00 
7.44896e+00 -6.66055e+00 
7.49822e+00 -6.65743e+00 
7.52370e+00 -6.65617e+00 
7.55083e+00 -6.65467e+00 
7.57981e+00 -6.65311e+00 
7.61077e+00 -6.65149e+00 
7.64385e+00 -6.64980e+00 
7.67884e+00 -6.64805e+00 
7.71587e+00 -6.64625e+00 
7.75506e+00 -6.64439e+00 
7.79616e+00 -6.64249e+00 
7.83928e+00 -6.64056e+00 
7.88451e+00 -6.63858e+00 
7.93158e+00 -6.63659e+00 
7.95596e+00 -6.63586e+00 
7.98192e+00 -6.63492e+00 
8.00962e+00 -6.63394e+00 
8.03919e+00 -6.63292e+00 
8.07076e+00 -6.63186e+00 
8.10446e+00 -6.63075e+00 
8.14011e+00 -6.62961e+00 
8.17781e+00 -6.62843e+00 
8.21769e+00 -6.62721e+00 
8.25951e+00 -6.62596e+00 
8.30335e+00 -6.62467e+00 
8.34895e+00 -6.62335e+00 
8.39639e+00 -6.62200e+00 
8.42096e+00 -6.62158e+00 
8.44711e+00 -6.62095e+00 
8.47502e+00 -6.62029e+00 
8.50479e+00 -6.61960e+00 
8.53658e+00 -6.61886e+00 
8.57018e+00 -6.61808e+00 
8.60570e+00 -6.61724e+00 
8.64325e+00 -6.61634e+00 
8.68297e+00 -6.61537e+00 
8.72460e+00 -6.61431e+00 
8.76824e+00 -6.61316e+00 
8.81363e+00 -6.61190e+00 
8.83715e+00 -6.61148e+00 
8.86218e+00 -6.61084e+00 
8.88888e+00 -6.61014e+00 
8.91737e+00 -6.60935e+00 
8.94777e+00 -6.60845e+00 
8.98020e+00 -6.60744e+00 
9.01449e+00 -6.60628e+00 
9.05073e+00 -6.60496e+00 
9.08905e+00 -6.60342e+00 
9.12921e+00 -6.60166e+00 
9.17129e+00 -6.59960e+00 
9.21505e+00 -6.59721e+00 
9.23774e+00 -6.59614e+00 
9.26189e+00 -6.59475e+00 
9.28764e+00 -6.59315e+00 
9.31510e+00 -6.59131e+00 
9.34440e+00 -6.58918e+00 
9.37565e+00 -6.58670e+00 
9.40868e+00 -6.58382e+00 
9.44358e+00 -6.58047e+00 
9.48047e+00 -6.57654e+00 
9.51913e+00 -6.57196e+00 
9.55963e+00 -6.56661e+00 
9.60208e+00 -6.56033e+00 
9.62410e+00 -6.55712e+00 
9.64753e+00 -6.55329e+00 
9.67251e+00 -6.54893e+00 
9.69915e+00 -6.54395e+00 
9.72756e+00 -6.53823e+00 
9.75787e+00 -6.53163e+00 
9.79020e+00 -6.52398e+00 
9.82437e+00 -6.51519e+00 
9.86048e+00 -6.50504e+00 
9.89831e+00 -6.49341e+00 
9.93794e+00 -6.48005e+00 
9.97948e+00 -6.46466e+00 
1.00010e+01 -6.45654e+00 
1.00239e+01 -6.44726e+00 
1.00486e+01 -6.43671e+00 
1.00750e+01 -6.42482e+00 
1.01031e+01 -6.41138e+00 
1.01330e+01 -6.39614e+00 
1.01649e+01 -6.37883e+00 
1.01987e+01 -6.35932e+00 
1.02343e+01 -6.33731e+00 
1.02717e+01 -6.31269e+00 
1.03108e+01 -6.28514e+00 
1.03514e+01 -6.25459e+00 
1.03725e+01 -6.23847e+00 
1.03952e+01 -6.22034e+00 
1.04195e+01 -6.20010e+00 
1.04456e+01 -6.17774e+00 
1.04733e+01 -6.15299e+00 
1.05028e+01 -6.12561e+00 
1.05343e+01 -6.09528e+00 
1.05676e+01 -6.06205e+00 
1.06027e+01 -6.02566e+00 
1.06395e+01 -5.98624e+00 
1.06780e+01 -5.94363e+00 
1.07179e+01 -5.89807e+00 
1.07386e+01 -5.87437e+00 
1.07609e+01 -5.84836e+00 
1.07849e+01 -5.81998e+00 
1.08104e+01 -5.78937e+00 
1.08376e+01 -5.75640e+00 
1.08666e+01 -5.72091e+00 
1.08975e+01 -5.68277e+00 
1.09301e+01 -5.64228e+00 
1.09646e+01 -5.59938e+00 
1.10006e+01 -5.55445e+00 
1.10383e+01 -5.50751e+00 
1.10774e+01 -5.45902e+00 
1.10977e+01 -5.43420e+00 
1.11194e+01 -5.40747e+00 
1.11429e+01 -5.37885e+00 
1.11679e+01 -5.34857e+00 
1.11945e+01 -5.31657e+00 
1.12228e+01 -5.28280e+00 
1.12530e+01 -5.24721e+00 
1.12848e+01 -5.21012e+00 
1.13185e+01 -5.17153e+00 
1.13536e+01 -5.13180e+00 
1.13904e+01 -5.09094e+00 
1.14286e+01 -5.04935e+00 
1.14484e+01 -5.02821e+00 
1.14696e+01 -5.00560e+00 
1.14925e+01 -4.98156e+00 
1.15171e+01 -4.95603e+00 
1.15433e+01 -4.92922e+00 
1.15712e+01 -4.90111e+00 
1.16010e+01 -4.87166e+00 
1.16323e+01 -4.84113e+00 
1.16655e+01 -4.80950e+00 
1.17001e+01 -4.77707e+00 
1.17363e+01 -4.74383e+00 
1.17739e+01 -4.71005e+00 
1.17933e+01 -4.69292e+00 
1.18143e+01 -4.67458e+00 
1.18368e+01 -4.65508e+00 
1.18610e+01 -4.63438e+00 
1.18868e+01 -4.61262e+00 
1.19143e+01 -4.58977e+00 
1.19435e+01 -4.56578e+00 
1.19744e+01 -4.54085e+00 
1.20070e+01 -4.51495e+00 
1.20411e+01 -4.48827e+00 
1.20767e+01 -4.46080e+00 
1.21136e+01 -4.43274e+00 
1.21328e+01 -4.41849e+00 
1.21534e+01 -4.40316e+00 
1.21755e+01 -4.38681e+00 
1.21994e+01 -4.36937e+00 
1.22248e+01 -4.35098e+00 
1.22518e+01 -4.33157e+00 
1.22806e+01 -4.31111e+00 
1.23110e+01 -4.28972e+00 
1.23430e+01 -4.26739e+00 
1.23765e+01 -4.24426e+00 
1.24116e+01 -4.22031e+00 
1.24479e+01 -4.19571e+00 
1.24668e+01 -4.18318e+00 
1.24870e+01 -4.16966e+00 
1.25088e+01 -4.15520e+00 
1.25323e+01 -4.13972e+00 
1.25572e+01 -4.12334e+00 
1.25838e+01 -4.10599e+00 
1.26122e+01 -4.08762e+00 
1.26420e+01 -4.06836e+00 
1.26736e+01 -4.04817e+00 
1.27068e+01 -4.02698e+00 
1.27416e+01 -4.00496e+00 
1.27777e+01 -3.98225e+00 
1.27964e+01 -3.97065e+00 
1.28165e+01 -3.95812e+00 
1.28381e+01 -3.94468e+00 
1.28614e+01 -3.93026e+00 
1.28864e+01 -3.91480e+00 
1.29130e+01 -3.89839e+00 
1.29414e+01 -3.88096e+00 
1.29714e+01 -3.86264e+00 
1.30030e+01 -3.84336e+00 
1.30360e+01 -3.82326e+00 
1.30706e+01 -3.80230e+00 
1.31064e+01 -3.78061e+00 
1.31250e+01 -3.76950e+00 
1.31450e+01 -3.75749e+00 
1.31664e+01 -3.74458e+00 
1.31896e+01 -3.73072e+00 
1.32144e+01 -3.71581e+00 
1.32409e+01 -3.69996e+00 
1.32691e+01 -3.68309e+00 
1.32989e+01 -3.66531e+00 
1.33302e+01 -3.64657e+00 
1.33631e+01 -3.62698e+00 
1.33974e+01 -3.60651e+00 
1.34330e+01 -3.58527e+00 
1.34514e+01 -3.57436e+00 
1.34712e+01 -3.56258e+00 
1.34926e+01 -3.54990e+00 
1.35155e+01 -3.53626e+00 
1.35402e+01 -3.52159e+00 
1.35665e+01 -3.50597e+00 
1.35945e+01 -3.48932e+00 
1.36241e+01 -3.47176e+00 
1.36552e+01 -3.45323e+00 
1.36878e+01 -3.43385e+00 
1.37219e+01 -3.41357e+00 
1.37572e+01 -3.39253e+00 
1.37755e+01 -3.38168e+00 
1.37952e+01 -3.36999e+00 
1.38164e+01 -3.35741e+00 
1.38392e+01 -3.34388e+00 
1.38637e+01 -3.32932e+00 
1.38898e+01 -3.31381e+00 
1.39176e+01 -3.29729e+00 
1.39469e+01 -3.27985e+00 
1.39778e+01 -3.26146e+00 
1.40101e+01 -3.24222e+00 
1.40439e+01 -3.22210e+00 
1.40790e+01 -3.20122e+00 
1.40972e+01 -3.19044e+00 
1.41167e+01 -3.17885e+00 
1.41377e+01 -3.16639e+00 
1.41603e+01 -3.15298e+00 
1.41846e+01 -3.13856e+00 
1.42105e+01 -3.12321e+00 
1.42381e+01 -3.10686e+00 
1.42672e+01 -3.08964e+00 
1.42979e+01 -3.07147e+00 
1.43299e+01 -3.05250e+00 
1.43635e+01 -3.03267e+00 
1.43982e+01 -3.01213e+00 
1.44163e+01 -3.00151e+00 
1.44356e+01 -2.99013e+00 
1.44565e+01 -2.97789e+00 
1.44789e+01 -2.96475e+00 
1.45030e+01 -2.95062e+00 
1.45287e+01 -2.93561e+00 
1.45560e+01 -2.91966e+00 
1.45851e+01 -2.90270e+00 
1.46158e+01 -2.88486e+00 
1.46479e+01 -2.86626e+00 
1.46815e+01 -2.84687e+00 
1.46989e+01 -2.83683e+00 
1.47176e+01 -2.82609e+00 
1.47377e+01 -2.81458e+00 
1.47594e+01 -2.80222e+00 
1.47826e+01 -2.78897e+00 
1.48077e+01 -2.77476e+00 
1.48343e+01 -2.75969e+00 
1.48627e+01 -2.74371e+00 
1.48927e+01 -2.72693e+00 
1.49243e+01 -2.70931e+00 
1.49573e+01 -2.69100e+00 
1.49915e+01 -2.67212e+00 
1.50093e+01 -2.66235e+00 
1.50283e+01 -2.65194e+00 
1.50488e+01 -2.64078e+00 
1.50709e+01 -2.62883e+00 
1.50946e+01 -2.61604e+00 
1.51199e+01 -2.60249e+00 
1.51468e+01 -2.58815e+00 
1.51755e+01 -2.57296e+00 
1.52057e+01 -2.55706e+00 
1.52373e+01 -2.54055e+00 
1.52703e+01 -2.52341e+00 
1.52875e+01 -2.51454e+00 
1.53058e+01 -2.50509e+00 
1.53256e+01 -2.49498e+00 
1.53469e+01 -2.48416e+00 
1.53698e+01 -2.47259e+00 
1.53944e+01 -2.46022e+00 
1.54207e+01 -2.44714e+00 
1.54486e+01 -2.43330e+00 
1.54780e+01 -2.41882e+00 
1.55091e+01 -2.40366e+00 
1.55416e+01 -2.38794e+00 
1.55752e+01 -2.37177e+00 
1.55927e+01 -2.36341e+00 
1.56114e+01 -2.35451e+00 
1.56316e+01 -2.34499e+00 
1.56533e+01 -2.33481e+00 
1.56766e+01 -2.32393e+00 
1.57017e+01 -2.31231e+00 
1.57284e+01 -2.30002e+00 
1.57569e+01 -2.28702e+00 
1.57869e+01 -2.27342e+00 
1.58183e+01 -2.25932e+00 
1.58511e+01 -2.24470e+00 
1.58681e+01 -2.23711e+00 
1.58864e+01 -2.22906e+00 
1.59060e+01 -2.22044e+00 
1.59271e+01 -2.21123e+00 
1.59499e+01 -2.20138e+00 
1.59743e+01 -2.19085e+00 
1.60004e+01 -2.17972e+00 
1.60281e+01 -2.16795e+00 
1.60573e+01 -2.15563e+00 
1.60882e+01 -2.14274e+00 
1.61204e+01 -2.12936e+00 
1.61538e+01 -2.11561e+00 
1.61711e+01 -2.10846e+00 
1.61897e+01 -2.10089e+00 
1.62097e+01 -2.09279e+00 
1.62313e+01 -2.08412e+00 
1.62544e+01 -2.07486e+00 
1.62793e+01 -2.06495e+00 
1.63059e+01 -2.05448e+00 
1.63341e+01 -2.04340e+00 
1.63639e+01 -2.03180e+00 
1.63950e+01 -2.01977e+00 
1.64276e+01 -2.00728e+00 
1.64444e+01 -2.00077e+00 
1.64626e+01 -1.99389e+00 
1.64820e+01 -1.98652e+00 
1.65030e+01 -1.97864e+00 
1.65256e+01 -1.97021e+00 
1.65498e+01 -1.96119e+00 
1.65756e+01 -1.95165e+00 
1.66031e+01 -1.94156e+00 
1.66321e+01 -1.93099e+00 
1.66627e+01 -1.91992e+00 
1.66947e+01 -1.90843e+00 
1.67113e+01 -1.90242e+00 
1.67291e+01 -1.89607e+00 
1.67482e+01 -1.88928e+00 
1.67688e+01 -1.88202e+00 
1.67909e+01 -1.87425e+00 
1.68148e+01 -1.86593e+00 
1.68401e+01 -1.85713e+00 
1.68671e+01 -1.84782e+00 
1.68959e+01 -1.83796e+00 
1.69262e+01 -1.82763e+00 
1.69579e+01 -1.81690e+00 
1.69744e+01 -1.81128e+00 
1.69920e+01 -1.80535e+00 
1.70110e+01 -1.79901e+00 
1.70314e+01 -1.79222e+00 
1.70534e+01 -1.78495e+00 
1.70770e+01 -1.77718e+00 
1.71021e+01 -1.76894e+00 
1.71289e+01 -1.76023e+00 
1.71572e+01 -1.75109e+00 
1.71869e+01 -1.74151e+00 
1.72180e+01 -1.73155e+00 
1.72342e+01 -1.72631e+00 
1.72515e+01 -1.72080e+00 
1.72702e+01 -1.71491e+00 
1.72902e+01 -1.70860e+00 
1.73118e+01 -1.70184e+00 
1.73350e+01 -1.69461e+00 
1.73599e+01 -1.68687e+00 
1.73865e+01 -1.67867e+00 
1.74145e+01 -1.67007e+00 
1.74438e+01 -1.66114e+00 
1.74590e+01 -1.65641e+00 
1.74753e+01 -1.65145e+00 
1.74928e+01 -1.64615e+00 
1.75117e+01 -1.64047e+00 
1.75320e+01 -1.63438e+00 
1.75538e+01 -1.62787e+00 
1.75773e+01 -1.62089e+00 
1.76023e+01 -1.61350e+00 
1.76289e+01 -1.60568e+00 
1.76569e+01 -1.59746e+00 
1.76715e+01 -1.59310e+00 
1.76871e+01 -1.58854e+00 
1.77039e+01 -1.58366e+00 
1.77220e+01 -1.57843e+00 
1.77414e+01 -1.57283e+00 
1.77623e+01 -1.56683e+00 
1.77848e+01 -1.56040e+00 
1.78090e+01 -1.55352e+00 
1.78347e+01 -1.54623e+00 
1.78619e+01 -1.53858e+00 
1.78760e+01 -1.53451e+00 
1.78911e+01 -1.53026e+00 
1.79074e+01 -1.52571e+00 
1.79249e+01 -1.52083e+00 
1.79437e+01 -1.51560e+00 
1.79639e+01 -1.51000e+00 
1.79857e+01 -1.50400e+00 
1.80091e+01 -1.49758e+00 
1.80340e+01 -1.49077e+00 
1.80603e+01 -1.48363e+00 
1.80740e+01 -1.47981e+00 
1.80886e+01 -1.47584e+00 
1.81043e+01 -1.47158e+00 
1.81213e+01 -1.46702e+00 
1.81395e+01 -1.46213e+00 
1.81591e+01 -1.45690e+00 
1.81801e+01 -1.45129e+00 
1.82028e+01 -1.44528e+00 
1.82269e+01 -1.43891e+00 
1.82523e+01 -1.43222e+00 
1.82655e+01 -1.42863e+00 
1.82797e+01 -1.42491e+00 
1.82949e+01 -1.42092e+00 
1.83113e+01 -1.41665e+00 
1.83289e+01 -1.41207e+00 
1.83479e+01 -1.40716e+00 
1.83683e+01 -1.40190e+00 
1.83902e+01 -1.39627e+00 
1.84135e+01 -1.39030e+00 
1.84381e+01 -1.38402e+00 
1.84510e+01 -1.38062e+00 
1.84648e+01 -1.37710e+00 
1.84797e+01 -1.37333e+00 
1.84957e+01 -1.36929e+00 
1.85128e+01 -1.36496e+00 
1.85313e+01 -1.36031e+00 
1.85512e+01 -1.35533e+00 
1.85726e+01 -1.35000e+00 
1.85953e+01 -1.34435e+00 
1.86193e+01 -1.33841e+00 
1.86318e+01 -1.33520e+00 
1.86452e+01 -1.33189e+00 
1.86595e+01 -1.32835e+00 
1.86750e+01 -1.32455e+00 
1.86916e+01 -1.32048e+00 
1.87095e+01 -1.31612e+00 
1.87287e+01 -1.31144e+00 
1.87494e+01 -1.30643e+00 
1.87714e+01 -1.30111e+00 
1.87946e+01 -1.29553e+00 
1.88068e+01 -1.29248e+00 
1.88198e+01 -1.28935e+00 
1.88338e+01 -1.28599e+00 
1.88489e+01 -1.28239e+00 
1.88651e+01 -1.27853e+00 
1.88825e+01 -1.27439e+00 
1.89013e+01 -1.26995e+00 
1.89215e+01 -1.26520e+00 
1.89429e+01 -1.26016e+00 
1.89655e+01 -1.25486e+00 
1.89773e+01 -1.25198e+00 
1.89899e+01 -1.24904e+00 
1.90035e+01 -1.24588e+00 
1.90180e+01 -1.24249e+00 
1.90337e+01 -1.23886e+00 
1.90506e+01 -1.23496e+00 
1.90687e+01 -1.23079e+00 
1.90882e+01 -1.22632e+00 
1.91090e+01 -1.22157e+00 
1.91308e+01 -1.21658e+00 
1.91423e+01 -1.21384e+00 
1.91546e+01 -1.21104e+00 
1.91678e+01 -1.20805e+00 
1.91820e+01 -1.20483e+00 
1.91973e+01 -1.20138e+00 
1.92137e+01 -1.19768e+00 
1.92314e+01 -1.19372e+00 
1.92504e+01 -1.18947e+00 
1.92706e+01 -1.18497e+00 
1.92920e+01 -1.18023e+00 
1.93031e+01 -1.17762e+00 
1.93151e+01 -1.17496e+00 
1.93280e+01 -1.17211e+00 
1.93419e+01 -1.16906e+00 
1.93567e+01 -1.16578e+00 
1.93728e+01 -1.16227e+00 
1.93900e+01 -1.15850e+00 
1.94085e+01 -1.15447e+00 
1.94282e+01 -1.15019e+00 
1.94490e+01 -1.14568e+00 
1.94708e+01 -1.14100e+00 
1.94820e+01 -1.13842e+00 
1.94941e+01 -1.13581e+00 
1.95071e+01 -1.13302e+00 
1.95211e+01 -1.13002e+00 
1.95362e+01 -1.12681e+00 
1.95524e+01 -1.12336e+00 
1.95698e+01 -1.11966e+00 
1.95885e+01 -1.11570e+00 
1.96082e+01 -1.11154e+00 
1.96288e+01 -1.10720e+00 
1.96395e+01 -1.10480e+00 
1.96510e+01 -1.10239e+00 
1.96634e+01 -1.09980e+00 
1.96766e+01 -1.09703e+00 
1.96909e+01 -1.09405e+00 
1.97063e+01 -1.09086e+00 
1.97228e+01 -1.08744e+00 
1.97405e+01 -1.08377e+00 
1.97594e+01 -1.07988e+00 
1.97794e+01 -1.07578e+00 
1.97898e+01 -1.07350e+00 
1.98010e+01 -1.07120e+00 
1.98130e+01 -1.06874e+00 
1.98260e+01 -1.06610e+00 
1.98399e+01 -1.06327e+00 
1.98548e+01 -1.06023e+00 
1.98709e+01 -1.05697e+00 
1.98882e+01 -1.05348e+00 
1.99066e+01 -1.04977e+00 
1.99261e+01 -1.04588e+00 
1.99463e+01 -1.04182e+00 
1.99569e+01 -1.03956e+00 
1.99682e+01 -1.03730e+00 
1.99803e+01 -1.03488e+00 
1.99934e+01 -1.03228e+00 
2.00074e+01 -1.02950e+00 
2.00225e+01 -1.02651e+00 
2.00388e+01 -1.02330e+00 
2.00563e+01 -1.01987e+00 
2.00749e+01 -1.01622e+00 
2.00943e+01 -1.01242e+00 
2.01044e+01 -1.01030e+00 
2.01152e+01 -1.00819e+00 
2.01268e+01 -1.00592e+00 
2.01394e+01 -1.00349e+00 
2.01528e+01 -1.00088e+00 
2.01673e+01 -9.98076e-01 
2.01829e+01 -9.95075e-01 
2.01996e+01 -9.91856e-01 
2.02174e+01 -9.88439e-01 
2.02362e+01 -9.84846e-01 
2.02460e+01 -9.82820e-01 
2.02566e+01 -9.80805e-01 
2.02679e+01 -9.78643e-01 
2.02801e+01 -9.76324e-01 
2.02932e+01 -9.73836e-01 
2.03073e+01 -9.71167e-01 
2.03225e+01 -9.68305e-01 
2.03388e+01 -9.65237e-01 
2.03561e+01 -9.61978e-01 
2.03744e+01 -9.58551e-01 
2.03935e+01 -9.54980e-01 
2.04035e+01 -9.52975e-01 
2.04141e+01 -9.50989e-01 
2.04256e+01 -9.48859e-01 
2.04379e+01 -9.46574e-01 
2.04511e+01 -9.44123e-01 
2.04653e+01 -9.41494e-01 
2.04806e+01 -9.38674e-01 
2.04971e+01 -9.35651e-01 
2.05146e+01 -9.32441e-01 
2.05331e+01 -9.29065e-01 
2.05427e+01 -9.27162e-01 
2.05530e+01 -9.25284e-01 
2.05640e+01 -9.23269e-01 
2.05759e+01 -9.21108e-01 
2.05887e+01 -9.18789e-01 
2.06025e+01 -9.16302e-01 
2.06173e+01 -9.13634e-01 
2.06332e+01 -9.10774e-01 
2.06501e+01 -9.07736e-01 
2.06680e+01 -9.04541e-01 
2.06866e+01 -9.01211e-01 
2.06963e+01 -8.99328e-01 
2.07067e+01 -8.97476e-01 
2.07179e+01 -8.95491e-01 
2.07299e+01 -8.93360e-01 
2.07428e+01 -8.91075e-01 
2.07567e+01 -8.88623e-01 
2.07716e+01 -8.85994e-01 
2.07877e+01 -8.83175e-01 
2.08047e+01 -8.80180e-01 
2.08228e+01 -8.77031e-01 
2.08321e+01 -8.75242e-01 
2.08422e+01 -8.73490e-01 
2.08530e+01 -8.71610e-01 
2.08646e+01 -8.69594e-01 
2.08770e+01 -8.67431e-01 
2.08904e+01 -8.65110e-01 
2.09049e+01 -8.62621e-01 
2.09204e+01 -8.59952e-01 
2.09369e+01 -8.57117e-01 
2.09543e+01 -8.54135e-01 
2.09725e+01 -8.51026e-01 
2.09819e+01 -8.49254e-01 
2.09921e+01 -8.47526e-01 
2.10030e+01 -8.45672e-01 
2.10147e+01 -8.43683e-01 
2.10273e+01 -8.41549e-01 
2.10408e+01 -8.39260e-01 
2.10554e+01 -8.36805e-01 
2.10710e+01 -8.34172e-01 
2.10877e+01 -8.31375e-01 
2.11053e+01 -8.28433e-01 
2.11144e+01 -8.26749e-01 
2.11242e+01 -8.25112e-01 
2.11347e+01 -8.23357e-01 
2.11460e+01 -8.21473e-01 
2.11582e+01 -8.19452e-01 
2.11713e+01 -8.17284e-01 
2.11853e+01 -8.14958e-01 
2.12005e+01 -8.12464e-01 
2.12167e+01 -8.09789e-01 
2.12339e+01 -8.06973e-01 
2.12429e+01 -8.05343e-01 
2.12525e+01 -8.03764e-01 
2.12629e+01 -8.02069e-01 
2.12740e+01 -8.00251e-01 
2.12860e+01 -7.98300e-01 
2.12988e+01 -7.96208e-01 
2.13127e+01 -7.93963e-01 
2.13276e+01 -7.91555e-01 
2.13436e+01 -7.88972e-01 
2.13605e+01 -7.86253e-01 
2.13781e+01 -7.83417e-01 
2.13873e+01 -7.81783e-01 
2.13971e+01 -7.80207e-01 
2.14076e+01 -7.78516e-01 
2.14190e+01 -7.76702e-01 
2.14312e+01 -7.74755e-01 
2.14443e+01 -7.72667e-01 
2.14585e+01 -7.70427e-01 
2.14736e+01 -7.68025e-01 
2.14898e+01 -7.65473e-01 
2.15068e+01 -7.62787e-01 
2.15157e+01 -7.61232e-01 
2.15252e+01 -7.59737e-01 
2.15354e+01 -7.58135e-01 
2.15463e+01 -7.56415e-01 
2.15581e+01 -7.54570e-01 
2.15708e+01 -7.52590e-01 
2.15844e+01 -7.50467e-01 
2.15991e+01 -7.48189e-01 
2.16149e+01 -7.45746e-01 
2.16315e+01 -7.43173e-01 
2.16402e+01 -7.41667e-01 
2.16496e+01 -7.40224e-01 
2.16596e+01 -7.38676e-01 
2.16704e+01 -7.37014e-01 
2.16820e+01 -7.35232e-01 
2.16945e+01 -7.33319e-01 
2.17079e+01 -7.31267e-01 
2.17223e+01 -7.29067e-01 
2.17378e+01 -7.26707e-01 
2.17542e+01 -7.24220e-01 
2.17713e+01 -7.21627e-01 
2.17802e+01 -7.20115e-01 
2.17897e+01 -7.18673e-01 
2.17999e+01 -7.17127e-01 
2.18109e+01 -7.15469e-01 
2.18227e+01 -7.13689e-01 
2.18355e+01 -7.11779e-01 
2.18491e+01 -7.09730e-01 
2.18638e+01 -7.07533e-01 
2.18795e+01 -7.05198e-01 
2.18960e+01 -7.02741e-01 
2.19047e+01 -7.01292e-01 
2.19139e+01 -6.99914e-01 
2.19239e+01 -6.98436e-01 
2.19346e+01 -6.96850e-01 
2.19461e+01 -6.95148e-01 
2.19585e+01 -6.93322e-01 
2.19718e+01 -6.91363e-01 
2.19862e+01 -6.89262e-01 
2.20016e+01 -6.87009e-01 
2.20178e+01 -6.84635e-01 
2.20348e+01 -6.82158e-01 
2.20436e+01 -6.80703e-01 
2.20530e+01 -6.79327e-01 
2.20632e+01 -6.77851e-01 
2.20741e+01 -6.76267e-01 
2.20859e+01 -6.74568e-01 
2.20985e+01 -6.72745e-01 
2.21121e+01 -6.70789e-01 
2.21267e+01 -6.68692e-01 
2.21422e+01 -6.66463e-01 
2.21586e+01 -6.64117e-01 
2.21672e+01 -6.62722e-01 
2.21764e+01 -6.61407e-01 
2.21863e+01 -6.59996e-01 
2.21969e+01 -6.58482e-01 
2.22083e+01 -6.56857e-01 
2.22206e+01 -6.55115e-01 
2.22339e+01 -6.53245e-01 
2.22481e+01 -6.51239e-01 
2.22634e+01 -6.49089e-01 
2.22795e+01 -6.46822e-01 
2.22879e+01 -6.45470e-01 
2.22970e+01 -6.44199e-01 
2.23067e+01 -6.42836e-01 
2.23172e+01 -6.41373e-01 
2.23284e+01 -6.39804e-01 
2.23405e+01 -6.38120e-01 
2.23535e+01 -6.36313e-01 
2.23675e+01 -6.34375e-01 
2.23826e+01 -6.32297e-01 
2.23986e+01 -6.30089e-01 
2.24153e+01 -6.27782e-01 
2.24240e+01 -6.26411e-01 
2.24333e+01 -6.25129e-01 
2.24433e+01 -6.23755e-01 
2.24541e+01 -6.22281e-01 
2.24657e+01 -6.20698e-01 
2.24781e+01 -6.19001e-01 
2.24915e+01 -6.17180e-01 
2.25059e+01 -6.15226e-01 
2.25214e+01 -6.13132e-01 
2.25377e+01 -6.10924e-01 
2.25462e+01 -6.09604e-01 
2.25553e+01 -6.08376e-01 
2.25651e+01 -6.07059e-01 
2.25756e+01 -6.05646e-01 
2.25869e+01 -6.04130e-01 
2.25991e+01 -6.02503e-01 
2.26121e+01 -6.00758e-01 
2.26262e+01 -5.98886e-01 
2.26413e+01 -5.96878e-01 
2.26572e+01 -5.94761e-01 
2.26656e+01 -5.93483e-01 
2.26745e+01 -5.92297e-01 
2.26841e+01 -5.91024e-01 
2.26945e+01 -5.89659e-01 
2.27056e+01 -5.88193e-01 
2.27175e+01 -5.86621e-01 
2.27304e+01 -5.84934e-01 
2.27442e+01 -5.83125e-01 
2.27591e+01 -5.81184e-01 
2.27749e+01 -5.79122e-01 
2.27914e+01 -5.76967e-01 
2.28000e+01 -5.75671e-01 
2.28092e+01 -5.74474e-01 
2.28191e+01 -5.73190e-01 
2.28298e+01 -5.71813e-01 
2.28412e+01 -5.70335e-01 
2.28535e+01 -5.68749e-01 
2.28667e+01 -5.67048e-01 
2.28810e+01 -5.65224e-01 
2.28963e+01 -5.63267e-01 
2.29124e+01 -5.61203e-01 
2.29208e+01 -5.59955e-01 
2.29298e+01 -5.58808e-01 
2.29394e+01 -5.57578e-01 
2.29498e+01 -5.56257e-01 
2.29610e+01 -5.54841e-01 
2.29730e+01 -5.53320e-01 
2.29859e+01 -5.51689e-01 
2.29998e+01 -5.49940e-01 
2.30147e+01 -5.48063e-01 
2.30304e+01 -5.46085e-01 
2.30387e+01 -5.44876e-01 
2.30475e+01 -5.43767e-01 
2.30570e+01 -5.42577e-01 
2.30672e+01 -5.41301e-01 
2.30782e+01 -5.39931e-01 
2.30900e+01 -5.38461e-01 
2.31027e+01 -5.36884e-01 
2.31164e+01 -5.35193e-01 
2.31311e+01 -5.33379e-01 
2.31467e+01 -5.31450e-01 
2.31630e+01 -5.29434e-01 
2.31715e+01 -5.28208e-01 
2.31806e+01 -5.27088e-01 
2.31904e+01 -5.25888e-01 
2.32009e+01 -5.24600e-01 
2.32122e+01 -5.23218e-01 
2.32244e+01 -5.21735e-01 
2.32374e+01 -5.20144e-01 
2.32515e+01 -5.18438e-01 
2.32666e+01 -5.16608e-01 
2.32825e+01 -5.14678e-01 
2.32909e+01 -5.13489e-01 
2.32998e+01 -5.12407e-01 
2.33094e+01 -5.11247e-01 
2.33198e+01 -5.10002e-01 
2.33309e+01 -5.08666e-01 
2.33429e+01 -5.07233e-01 
2.33557e+01 -5.05695e-01 
2.33695e+01 -5.04045e-01 
2.33844e+01 -5.02276e-01 
2.34001e+01 -5.00410e-01 
2.34083e+01 -4.99255e-01 
2.34171e+01 -4.98209e-01 
2.34266e+01 -4.97088e-01 
2.34367e+01 -4.95884e-01 
2.34477e+01 -4.94592e-01 
2.34594e+01 -4.93206e-01 
2.34721e+01 -4.91719e-01 
2.34857e+01 -4.90124e-01 
2.35003e+01 -4.88413e-01 
2.35158e+01 -4.86594e-01 
2.35321e+01 -4.84692e-01 
2.35406e+01 -4.83520e-01 
2.35496e+01 -4.82465e-01 
2.35594e+01 -4.81333e-01 
2.35698e+01 -4.80118e-01 
2.35811e+01 -4.78814e-01 
2.35932e+01 -4.77416e-01 
2.36062e+01 -4.75915e-01 
2.36202e+01 -4.74306e-01 
2.36351e+01 -4.72594e-01 
2.36508e+01 -4.70792e-01 
2.36590e+01 -4.69668e-01 
2.36678e+01 -4.68658e-01 
2.36773e+01 -4.67575e-01 
2.36875e+01 -4.66412e-01 
2.36985e+01 -4.65165e-01 
2.37102e+01 -4.63826e-01 
2.37229e+01 -4.62390e-01 
2.37365e+01 -4.60850e-01 
2.37510e+01 -4.59211e-01 
2.37665e+01 -4.57473e-01 
2.37826e+01 -4.55656e-01 
2.37910e+01 -4.54525e-01 
2.37999e+01 -4.53515e-01 
2.38096e+01 -4.52434e-01 
2.38200e+01 -4.51272e-01 
2.38311e+01 -4.50026e-01 
2.38431e+01 -4.48689e-01 
2.38560e+01 -4.47255e-01 
2.38699e+01 -4.45716e-01 
2.38847e+01 -4.44080e-01 
2.39002e+01 -4.42358e-01 
2.39083e+01 -4.41278e-01 
2.39170e+01 -4.40320e-01 
2.39263e+01 -4.39293e-01 
2.39363e+01 -4.38190e-01 
2.39471e+01 -4.37007e-01 
2.39587e+01 -4.35737e-01 
2.39712e+01 -4.34375e-01 
2.39845e+01 -4.32914e-01 
2.39988e+01 -4.31360e-01 
2.40140e+01 -4.29711e-01 
2.40219e+01 -4.28665e-01 
2.40305e+01 -4.27739e-01 
2.40396e+01 -4.26746e-01 
2.40495e+01 -4.25680e-01 
2.40601e+01 -4.24536e-01 
2.40714e+01 -4.23309e-01 
2.40837e+01 -4.21992e-01 
2.40968e+01 -4.20579e-01 
2.41109e+01 -4.19076e-01 
2.41258e+01 -4.17481e-01 
2.41413e+01 -4.15814e-01 
2.41495e+01 -4.14761e-01 
2.41581e+01 -4.13834e-01 
2.41675e+01 -4.12842e-01 
2.41775e+01 -4.11776e-01 
2.41883e+01 -4.10633e-01 
2.41999e+01 -4.09406e-01 
2.42123e+01 -4.08089e-01 
2.42257e+01 -4.06677e-01 
2.42400e+01 -4.05175e-01 
2.42552e+01 -4.03581e-01 
2.42631e+01 -4.02566e-01 
2.42716e+01 -4.01678e-01 
2.42806e+01 -4.00726e-01 
2.42904e+01 -3.99704e-01 
2.43009e+01 -3.98607e-01 
2.43122e+01 -3.97430e-01 
2.43244e+01 -3.96167e-01 
2.43374e+01 -3.94812e-01 
2.43514e+01 -3.93370e-01 
2.43662e+01 -3.91841e-01 
2.43739e+01 -3.90858e-01 
2.43822e+01 -3.89998e-01 
2.43912e+01 -3.89077e-01 
2.44008e+01 -3.88089e-01 
2.44111e+01 -3.87028e-01 
2.44222e+01 -3.85889e-01 
2.44342e+01 -3.84667e-01 
2.44470e+01 -3.83356e-01 
2.44607e+01 -3.81962e-01 
2.44752e+01 -3.80482e-01 
2.44904e+01 -3.78934e-01 
2.44983e+01 -3.77944e-01 
2.45068e+01 -3.77085e-01 
2.45159e+01 -3.76164e-01 
2.45257e+01 -3.75175e-01 
2.45362e+01 -3.74114e-01 
2.45475e+01 -3.72975e-01 
2.45597e+01 -3.71753e-01 
2.45727e+01 -3.70443e-01 
2.45867e+01 -3.69048e-01 
2.46015e+01 -3.67569e-01 
2.46093e+01 -3.66610e-01 
2.46176e+01 -3.65779e-01 
2.46265e+01 -3.64888e-01 
2.46361e+01 -3.63932e-01 
2.46465e+01 -3.62905e-01 
2.46576e+01 -3.61804e-01 
2.46695e+01 -3.60622e-01 
2.46824e+01 -3.59354e-01 
2.46961e+01 -3.58005e-01 
2.47106e+01 -3.56574e-01 
2.47183e+01 -3.55643e-01 
2.47264e+01 -3.54839e-01 
2.47352e+01 -3.53977e-01 
2.47447e+01 -3.53052e-01 
2.47548e+01 -3.52059e-01 
2.47658e+01 -3.50993e-01 
2.47775e+01 -3.49849e-01 
2.47901e+01 -3.48623e-01 
2.48036e+01 -3.47317e-01 
2.48179e+01 -3.45932e-01 
2.48328e+01 -3.44483e-01 
2.48406e+01 -3.43547e-01 
2.48489e+01 -3.42742e-01 
2.48579e+01 -3.41880e-01 
2.48675e+01 -3.40954e-01 
2.48778e+01 -3.39961e-01 
2.48890e+01 -3.38895e-01 
2.49009e+01 -3.37751e-01 
2.49138e+01 -3.36524e-01 
2.49275e+01 -3.35218e-01 
2.49420e+01 -3.33833e-01 
2.49497e+01 -3.32926e-01 
2.49579e+01 -3.32148e-01 
2.49667e+01 -3.31314e-01 
2.49761e+01 -3.30418e-01 
2.49863e+01 -3.29457e-01 
2.49972e+01 -3.28425e-01 
2.50087e+01 -3.26377e-01 
2.50204e+01 -3.24120e-01 
2.50342e+01 -3.21742e-01 
