0 -0
0.25 -0.01643647539999999
0.5 -0.03287295079999997
0.75 -0.04930942619741223
1 -0.06574590159277752
1.25 -0.08218237698814279
1.5 -0.09861885238350813
1.75 -0.1150553277788734
2 -0.1314918031742387
2.25 -0.1479282785696039
2.5 -0.1643647539649692
2.75 -0.1808012293603346
3 -0.1972377047556999
3.25 -0.2136741801510652
3.5 -0.2301106555464304
3.75 -0.2465471288276174
4 -0.2629835982051406
4.25 -0.2794200675826637
4.5 -0.2958564832072475
4.75 -0.3122927731454553
5 -0.3287284132666909
5.25 -0.3451617851403351
5.5 -0.361583436979991
5.75 -0.3779515058824972
6 -0.3940547832693284
6.25 -0.4089606213039741
6.5 -0.4192638495615622
6.75 -0.4176014597753347
7 -0.4006509294678204
7.25 -0.3760392021851039
7.5 -0.350880404843
7.75 -0.3275844634447219
8 -0.3065227571311338
8.25 -0.2875527583285931
8.5 -0.270437574373691
8.75 -0.2549547146341842
9 -0.2409073602010485
9.25 -0.228123567117867
9.5 -0.2164571281495856
9.75 -0.2057830550911639
10 -0.1959919577562372
10.25 -0.1869879310792961
10.5 -0.1786881818768419
10.75 -0.1710209296937408
11 -0.163923154845059
11.25 -0.1573391494783518
11.5 -0.1512200066727429
11.75 -0.145521596525372
12 -0.1402058643538036
12.25 -0.1352388245790691
12.5 -0.1305884932317957
12.75 -0.126230960094813
13 -0.1221393716063091
13.25 -0.1182926584820832
13.5 -0.1146711319540786
13.75 -0.1112568376669084
14 -0.1080338755656374
14.25 -0.1049878549637096
14.5 -0.1021057474033953
14.75 -0.09937480526775491
15 -0.09678455999959433
15.25 -0.09432680839085213
15.5 -0.09199159629046795
15.75 -0.08976966594400422
16 -0.08765404518889945
16.25 -0.08563780330537717
16.5 -0.08371468704133325
16.75 -0.08187875493503077
17 -0.08012450676988592
17.25 -0.07844712092070436
17.5 -0.07684192216902111
17.75 -0.07530457395593453
18 -0.07383135953511501
18.25 -0.07241835171475904
18.5 -0.07106171243680563
18.75 -0.06975883811343669
19 -0.06850785414105307
19.25 -0.06730528077414037
19.5 -0.06614704099027514
19.75 -0.06503196188620791
20 -0.06395785372563423
20.25 -0.06292291433887132
20.5 -0.06192486315766676
20.75 -0.06096197968904807
21 -0.06003269682830514
21.25 -0.05913492733891719
21.5 -0.05826725483016345
21.75 -0.05742852119757339
22 -0.0566172701387548
22.25 -0.05583229866231854
22.5 -0.05507236208057833
22.75 -0.05433638387668072
23 -0.05362330481836437
23.25 -0.05293221967205239
23.5 -0.05226214955356458
23.75 -0.05161192457021699
24 -0.05098057246582383
24.25 -0.0503672891357228
24.5 -0.04977210846092738
24.75 -0.04919447514968634
25 -0.0486336747924597
26 -0.03799885383487474
27 -0.03586852132091821
28 -0.03465631943444267
29 -0.03381509666816564
30 -0.03317398417751005
31 -0.03265810676718249
32 -0.03222729133665458
33 -0.03185824379048195
34 -0.03153604672962791
35 -0.03125031817986954
36 -0.03099382854928744
37 -0.030761404385183
38 -0.03054911342593751
39 -0.03035384870537557
40 -0.03017306287368432
41 -0.03000486362713193
42 -0.02984763796336692
43 -0.02970012381222164
44 -0.02956128310507261
45 -0.02943015073413336
46 -0.0293059714795704
47 -0.02918804687767037
48 -0.02907574530008554
49 -0.02896862778790117
50 -0.02886620555070618
51 -0.02876811965934816
52 -0.02867407271919621
53 -0.02858369692647022
54 -0.02849680840965019
55 -0.02841308993512933
56 -0.02833236793006695
57 -0.02825443938829183
58 -0.02817910624700169
59 -0.02810621791258284
60 -0.02803558721512354
61 -0.02796710738386258
62 -0.02790067004188036
63 -0.02783615176086102
64 -0.02777341378976908
65 -0.02771240156936441
66 -0.0276530476624897
67 -0.02759523449681063
68 -0.02753888036545993
69 -0.02748394465576864
70 -0.02743037742973183
71 -0.02737806768121427
72 -0.02732698117586524
73 -0.02727707275009782
74 -0.02722829471379328
75 -0.02718057557906721
76 -0.02713388502175832
77 -0.02708818343587781
78 -0.02704342246803739
79 -0.0269995526820455
80 -0.02695655277042214
81 -0.02691439270234592
82 -0.02687304568613373
83 -0.02683248816924173
84 -0.02679267197601991
85 -0.02675356228847783
86 -0.02671515269454465
87 -0.02667742370166795
88 -0.02664035823753542
89 -0.02660394165007485
90 -0.026568123425863
91 -0.02653288702931695
92 -0.02649822815660176
93 -0.02646413223991231
94 -0.0264305862592869
95 -0.02639757874260902
96 -0.02636506572290963
97 -0.02633304349975913
98 -0.02630150366585937
99 -0.02627043397685683
100 -0.02623982311095797
101 -0.02620966066892975
102 -0.02617991684362242
103 -0.02615059048348948
104 -0.02612167112749175
105 -0.0260931485801697
106 -0.02606501325934864
107 -0.02603725433831193
108 -0.02600984705261936
109 -0.02598279424137272
110 -0.02595608750939966
111 -0.02592971899258322
112 -0.02590368135786202
113 -0.02587796780323064
114 -0.02585257205773904
115 -0.02582748838149336
116 -0.02580271156565452
117 -0.02577820811834031
118 -0.02575398858410152
119 -0.02573004923665002
120 -0.02570638481224656
121 -0.02568299044376394
122 -0.02565986166068713
123 -0.02563699438911274
124 -0.02561438495174915
125 -0.02559203006791699
126 -0.0255699032389353
127 -0.02554800599923631
128 -0.02552634108162816
129 -0.02550490449300756
130 -0.02548369249337654
131 -0.02546270159584317
132 -0.02544192856662041
133 -0.02542137042502687
134 -0.02540102444348686
135 -0.02538087601839544
136 -0.02536091804540139
137 -0.02534115528350056
138 -0.02532158438940012
139 -0.02530220217006294
140 -0.02528300558270649
141 -0.02526399173480273
142 -0.02524515788407946
143 -0.02522650143851891
144 -0.02520801618818859
145 -0.02518969389045132
146 -0.02517153720130255
147 -0.02515354333702828
148 -0.02513570961348668
149 -0.02511803344610932
150 -0.02510051234990078
151 -0.02508314393943841
152 -0.02506592592887238
153 -0.02504885441142255
154 -0.02503191894489817
155 -0.02501512472593968
156 -0.02499846955624352
157 -0.02498195132375366
158 -0.0249655680026614
159 -0.02494931765340554
160 -0.02493319842267181
161 -0.02491720854339426
162 -0.02490134633475348
163 -0.02488561020217774
164 -0.02486999863734306
165 -0.02485451021817257
166 -0.02483914360883653
167 -0.02482389755975331
168 -0.02480875768906642
169 -0.02479372737853528
170 -0.02477880936586165
171 -0.02476400222423037
172 -0.0247493045912105
173 -0.02473471516875449
174 -0.02472023272319801
175 -0.0247058560852611
176 -0.02469158415004702
177 -0.02467741587704242
178 -0.02466335029011775
179 -0.02464938647752746
180 -0.02463552359190921
181 -0.02462176085028404
182 -0.02460809206508342
183 -0.02459450618226996
184 -0.02458101333508378
185 -0.02456761244969636
186 -0.02455430249327881
187 -0.02454108247400203
188 -0.02452795144103535
189 -0.0245149084845483
190 -0.02450195273570925
191 -0.02448908336668597
192 -0.02447629959064583
193 -0.02446360066175525
194 -0.02445098587517984
195 -0.02443845456708522
196 -0.02442600611463564
197 -0.02441362779614756
198 -0.02440132601944986
199 -0.02438910156783438
200 -0.02437695357997309
201 -0.02436488121877872
202 -0.02435288367140414
203 -0.02434096014924359
204 -0.02432910988793127
205 -0.02431733214734193
206 -0.02430562621159128
207 -0.02429399138903539
208 -0.02428242701227087
209 -0.0242709324381351
210 -0.02425950704770602
211 -0.02424814743213597
212 -0.02423685091469081
213 -0.02422562003428598
214 -0.02421445407493886
215 -0.02420335233668009
216 -0.02419231413555334
217 -0.0241813388036153
218 -0.02417042568893649
219 -0.0241595741555995
220 -0.02414878358370113
221 -0.02413805336935061
222 -0.02412738292467061
223 -0.02411677167779685
224 -0.02410621907287807
225 -0.02409572457007665
226 -0.02408528087487501
227 -0.02407489314280105
228 -0.02406456082676701
229 -0.02405428337273742
230 -0.02404406024055091
231 -0.02403389090392116
232 -0.02402377485043534
233 -0.02401371158155592
234 -0.02400370061261901
235 -0.02399374147283563
236 -0.02398383370529086
237 -0.02397397686694427
238 -0.0239641705286301
239 -0.02395441427505648
240 -0.02394470770480639
241 -0.02393505043033672
242 -0.02392544207797943
243 -0.02391588228794034
244 -0.02390637071429958
245 -0.02389690702501214
246 -0.02388749090190728
247 -0.02387812204068815
248 -0.02386879730038804
249 -0.02385951044599768
250 -0.023850268200866
251 -0.02384107018990638
252 -0.02383191604838441
253 -0.02382280542191857
254 -0.02381373796648056
255 -0.02380471334839398
256 -0.02379573124433584
257 -0.02378679134133523
258 -0.02377789333677429
259 -0.02376903693838801
260 -0.02376022186426364
261 -0.02375144784284168
262 -0.0237427146129149
263 -0.02373402192362891
264 -0.02372536953448197
265 -0.02371675721532521
266 -0.0237081847463624
267 -0.02369965191814998
268 -0.02369115853159703
269 -0.02368270439796551
270 -0.0236742893388698
271 -0.02366590690348085
272 -0.02365755648319846
273 -0.02364924267405466
274 -0.02364096520269626
275 -0.02363272380234903
276 -0.02362451821281705
277 -0.02361634818048259
278 -0.02360821345830641
279 -0.02360011380582767
280 -0.02359204898916403
281 -0.02358401878101132
282 -0.0235760229606441
283 -0.02356806131391507
284 -0.0235601336332553
285 -0.02355223971767436
286 -0.02354437937276021
287 -0.02353655241067932
288 -0.02352875865017633
289 -0.0235209979165744
290 -0.02351327004177524
291 -0.02350557486425852
292 -0.02349791222908264
293 -0.02349028198788454
294 -0.02348267708367061
295 -0.02347510150307219
296 -0.02346755645798899
297 -0.02346004172789555
298 -0.02345255709614001
299 -0.02344510234994395
300 -0.02343767728040272
301 -0.0234302816824847
302 -0.02342291535503229
303 -0.02341557810076069
304 -0.02340826972625951
305 -0.02340099004199117
306 -0.02339373886229191
307 -0.02338651600537136
308 -0.02337932129331277
309 -0.02337215455207262
310 -0.02336501561148118
311 -0.02335790430524213
312 -0.02335082047093256
313 -0.02334376395000338
314 -0.02333673458777852
315 -0.02332973223345589
316 -0.02332275638984092
317 -0.02331580335294646
318 -0.02330887621838274
319 -0.02330197480363884
320 -0.0232950989287546
321 -0.02328824841632005
322 -0.02328142309147613
323 -0.02327462278191397
324 -0.02326784731787564
325 -0.02326109653215357
326 -0.02325437026009055
327 -0.02324766833958014
328 -0.02324099061106663
329 -0.02323433691754449
330 -0.02322770710455893
331 -0.02322110102020574
332 -0.02321451851513103
333 -0.0232079594425321
334 -0.02320142365815581
335 -0.02319491102030034
336 -0.02318842138981446
337 -0.02318195463009669
338 -0.0231755106070971
339 -0.02316908773995974
340 -0.02316268452305529
341 -0.02315630322983535
342 -0.02314994371752815
343 -0.02314360584557235
344 -0.02313728947561758
345 -0.02313099447152353
346 -0.0231247206993613
347 -0.02311846802741157
348 -0.02311223632616647
349 -0.02310602546832812
350 -0.02309983532881008
351 -0.0230936657847353
352 -0.02308751671543837
353 -0.02308138800246406
354 -0.02307527952956759
355 -0.02306919118271497
356 -0.02306312285008303
357 -0.02305707442205883
358 -0.02305104579124002
359 -0.02304503685243529
360 -0.02303904750266332
361 -0.02303307764115401
362 -0.0230271271693473
363 -0.02302119599089392
364 -0.02301528401165561
365 -0.02300939113970394
366 -0.02300351728532189
367 -0.02299766236100224
368 -0.02299182628144902
369 -0.02298600896357663
370 -0.02298021032650992
371 -0.02297443029158435
372 -0.02296866878234656
373 -0.02296292572455285
374 -0.02295720104617072
375 -0.02295149139104875
376 -0.02294579610784004
377 -0.02294011829281753
378 -0.02293445785144379
379 -0.02292881469083118
380 -0.02292318871974003
381 -0.02291757984857985
382 -0.02291198798940894
383 -0.02290641305593418
384 -0.02290085496351143
385 -0.02289531362914552
386 -0.02288978897148967
387 -0.02288428091084629
388 -0.02287878936916616
389 -0.02287331427004924
390 -0.02286785553874426
391 -0.02286241310214837
392 -0.02285698688880806
393 -0.02285157682891821
394 -0.0228461828543227
395 -0.02284080489851396
396 -0.02283544289663364
397 -0.02283009678547194
398 -0.02282476650346765
399 -0.02281945199070894
400 -0.02281415318893196
401 -0.02280887004152265
402 -0.02280360249351472
403 -0.02279835049159147
404 -0.02279311398408456
405 -0.02278789292097467
406 -0.02278268725389121
407 -0.02277749693611241
408 -0.02277232192256509
409 -0.0227671621698254
410 -0.02276201763611751
411 -0.02275688378216501
412 -0.02275176178369295
413 -0.02274665412362335
414 -0.02274156073303035
415 -0.02273648154403422
416 -0.02273141648980027
417 -0.02272636550453936
418 -0.02272132852350818
419 -0.02271630548300796
420 -0.02271129632038641
421 -0.02270630097403573
422 -0.02270131938339439
423 -0.0226963514889456
424 -0.02269139723221861
425 -0.0226864565557876
426 -0.02268152940327243
427 -0.02267661571933845
428 -0.0226717154496963
429 -0.02266682854110212
430 -0.02266195494135733
431 -0.02265709459930926
432 -0.02265224746485013
433 -0.02264741348891802
434 -0.02264259262349595
435 -0.02263778482161299
436 -0.02263299003734313
437 -0.02262820822580625
438 -0.0226234393431671
439 -0.02261868334663616
440 -0.02261394019446976
441 -0.02260920984596914
442 -0.02260449226148085
443 -0.02259978740239751
444 -0.02259509523115643
445 -0.02259041571124104
446 -0.02258574880717983
447 -0.02258109055608988
448 -0.02257644313203124
449 -0.02257180767213184
450 -0.02256718412086078
451 -0.02256257242330018
452 -0.02255797252514546
453 -0.02255338437270483
454 -0.02254880791289967
455 -0.02254424309326391
456 -0.02253968986194524
457 -0.02253514816770391
458 -0.02253061795991336
459 -0.02252609918855976
460 -0.02252159180424304
461 -0.02251709575817512
462 -0.02251261100218186
463 -0.02250813748870149
464 -0.0225036751707858
465 -0.02249922400209914
466 -0.02249478393691922
467 -0.02249035493013673
468 -0.02248593693725509
469 -0.02248152991439132
470 -0.02247713381827457
471 -0.02247274860624797
472 -0.0224683742362672
473 -0.02246401066690091
474 -0.02245965785733091
475 -0.02245531576735197
476 -0.02245098435737223
477 -0.02244666358841219
478 -0.02244235342210589
479 -0.02243805382070017
480 -0.02243376474705501
481 -0.02242948616464353
482 -0.02242521803755147
483 -0.02242095806877837
484 -0.02241670795954616
485 -0.02241246793127574
486 -0.02240823793866572
487 -0.022404017936817
488 -0.02239980788123265
489 -0.02239560772781842
490 -0.0223914174328822
491 -0.02238723695313421
492 -0.02238306624568681
493 -0.02237890526805504
494 -0.0223747539781563
495 -0.02237061233430972
496 -0.02236648029523733
497 -0.02236235782006329
498 -0.02235824486831429
499 -0.02235414139991897
500 -0.02235004737520844
501 -0.02234596275491657
502 -0.02234188750017875
503 -0.02233782157253331
504 -0.02233376493392067
505 -0.02232971754668379
506 -0.02232567937356777
507 -0.02232165037772001
508 -0.02231763052269026
509 -0.02231361977243058
510 -0.02230961809129574
511 -0.02230562544404206
512 -0.02230164179582898
513 -0.02229766711221786
514 -0.02229370135917238
515 -0.02228974450305855
516 -0.02228579651064491
517 -0.02228185734910231
518 -0.02227792693426631
519 -0.02227400281026187
520 -0.02227008725843369
521 -0.0222661802429257
522 -0.02226228172823129
523 -0.02225839167919205
524 -0.0222545100609984
525 -0.02225063683918979
526 -0.02224677197965469
527 -0.02224291544863021
528 -0.02223906721270167
529 -0.02223522723880442
530 -0.02223139549422146
531 -0.02222757194658557
532 -0.02222375656387741
533 -0.02221994931442722
534 -0.02221615016691388
535 -0.02221235909036472
536 -0.02220857605415647
537 -0.02220480102801409
538 -0.02220103398201177
539 -0.02219727488657233
540 -0.02219352371246742
541 -0.02218978043081769
542 -0.02218604501309246
543 -0.02218231743110963
544 -0.02217859765703656
545 -0.02217488566338881
546 -0.022171181423031
547 -0.02216748490917655
548 -0.02216379609538771
549 -0.02216011495557575
550 -0.02215644146400019
551 -0.02215277559526977
552 -0.02214911732434242
553 -0.02214546662652395
554 -0.02214182347746975
555 -0.02213818785318388
556 -0.02213455973001918
557 -0.02213093908467695
558 -0.02212732589420771
559 -0.022123720136011
560 -0.02212012178783459
561 -0.02211653082777546
562 -0.02211294723427925
563 -0.02210937098614059
564 -0.02210580206250277
565 -0.02210224044285788
566 -0.02209868610704704
567 -0.02209513903526002
568 -0.02209159920803519
569 -0.02208806660626034
570 -0.02208454121117153
571 -0.02208102300435399
572 -0.02207751196774122
573 -0.02207400808361633
574 -0.02207051133461065
575 -0.02206702057189487
575.25 -0.005629672834421555
575.5 0.01080767447609326
575.75 0.02724502136002466
576 0.04368236781774554
576.25 0.06011971384962961
576.5 0.07655705945604763
576.75 0.09299440463737069
577 0.109431749393968
577.25 0.1258690937262085
577.5 0.1423064376344591
577.75 0.1587437811190869
578 0.1751811241804575
578.25 0.1916184668189347
578.5 0.2080558090348829
578.75 0.2244931508286633
579 0.2409304922006387
579.25 0.257367833151169
579.5 0.2738051736806135
579.75 0.2902425137893305
580 0.3066798534776773
580.25 0.323117192746011
580.5 0.3395545315946862
580.75 0.3559918700240577
581 0.3724292080344786
581.25 0.3888665456263009
581.5 0.4053038827998765
581.75 0.4217412195555553
582 0.4381785558936869
582.25 0.4546158918146191
582.5 0.4710532273186994
582.75 0.4874905624062736
583 0.5039278970776874
583.25 0.5203652313332848
583.5 0.536802565173409
583.75 0.5532398985984022
584 0.5696772316086051
584.25 0.5861145642043583
584.5 0.6025518963860008
584.75 0.6189892281538705
585 0.6354265595083045
585.25 0.6518638904496391
585.5 0.6683012209782092
585.75 0.6847385510943487
586 0.701175880798391
586.25 0.7176132100906675
586.5 0.7340505389715092
586.75 0.7504878674412464
587 0.7669251955002082
587.25 0.7833625231487225
587.5 0.7997998503871152
587.75 0.8162371772157136
588 0.8326745036348415
588.25 0.8491118296448237
588.5 0.8655491552459822
588.75 0.8819864804386393
589 0.8984238052231156
589.25 0.9148611295997311
589.5 0.9312984535688043
589.75 0.947735777130653
590 0.9641731002855943
590.25 0.9806104230339436
590.5 0.9970477453760158
590.75 1.013485067312125
591 1.029922388842582
591.25 1.046359709967701
591.5 1.062797030687791
591.75 1.079234351003163
592 1.095671670914124
592.25 1.112108990420983
592.5 1.128546309524045
592.75 1.144983628223617
593 1.161420946520004
593.25 1.177858264413507
593.5 1.194295581904432
593.75 1.210732898993077
594 1.227170215679745
594.25 1.243607531964735
594.5 1.260044847848344
594.75 1.276482163330872
595 1.292919478412613
595.25 1.309356793093864
595.5 1.325794107374918
595.75 1.34223142125607
596 1.358668734737611
596.25 1.375106047819834
596.5 1.391543360503027
596.75 1.407980672787481
597 1.424417984673484
597.25 1.440855296161323
597.5 1.457292607251285
597.75 1.473729917943654
598 1.490167228238715
598.25 1.506604538136751
598.5 1.523041847638045
598.75 1.539479156742877
599 1.555916465451528
599.25 1.572353773764277
599.5 1.588791081681401
599.75 1.60522838920318
600 1.621665696329887
600.25 1.605230052261799
600.5 1.588794407799189
600.75 1.57235876294233
601 1.555923117691496
601.25 1.539487472046956
601.5 1.52305182600898
601.75 1.506616179577838
602 1.490180532753798
602.25 1.473744885537126
602.5 1.457309237928089
602.75 1.440873589926951
603 1.424437941533977
603.25 1.408002292749429
603.5 1.391566643573569
603.75 1.375130994006658
604 1.358695344048957
604.25 1.342259693700723
604.5 1.325824042962215
604.75 1.309388391833688
605 1.292952740315401
605.25 1.276517088407606
605.5 1.260081436110558
605.75 1.243645783424509
606 1.227210130349712
606.25 1.210774476886416
606.5 1.194338823034873
606.75 1.177903168795329
607 1.161467514168034
607.25 1.145031859153233
607.5 1.128596203751173
607.75 1.112160547962098
608 1.09572489178625
608.25 1.079289235223874
608.5 1.062853578275211
608.75 1.046417920940501
609 1.029982263219984
609.25 1.013546605113898
609.5 0.9971109466224809
609.75 0.980675287745969
610 0.964239628484598
610.25 0.9478039688386022
610.5 0.931368308808215
610.75 0.9149326483936691
611 0.8984969875951954
611.25 0.8820613264130251
611.5 0.865625664847387
611.75 0.8491900028985095
612 0.83275434056662
612.25 0.816318677851945
612.5 0.7998830147547095
612.75 0.7834473512751382
613 0.767011687413454
613.25 0.7505760231698794
613.5 0.7341403585446357
613.75 0.7177046935379429
614 0.7012690281500202
614.25 0.6848333623810864
614.5 0.6683976962313581
614.75 0.6519620297010515
615 0.6355263627903819
615.25 0.6190906954995639
615.5 0.6026550278288098
615.75 0.5862193597783319
616 0.5697836913483418
616.25 0.5533480225390495
616.5 0.5369123533506635
616.75 0.520476683783392
617 0.5040410138374425
617.25 0.4876053435130207
617.5 0.4711696728103318
617.75 0.4547340017295793
618 0.4382983302709666
618.25 0.4218626584346956
618.5 0.4054269862209669
618.75 0.3889913136299809
619 0.3725556406619365
619.25 0.3561199673170313
619.5 0.3396842935954622
619.75 0.3232486194974251
620 0.3068129450231148
620.25 0.2903772701727252
620.5 0.2739415949464497
620.75 0.2575059193444789
621 0.2410702433670044
621.25 0.2246345670142155
621.5 0.2081988902863017
621.75 0.1917632131834499
622 0.175327535705847
622.25 0.158891857853679
622.5 0.1424561796271303
622.75 0.1260205010263852
623 0.1095848220516253
623.25 0.09314914270303308
623.5 0.07671346298078863
623.75 0.06027778288507197
624 0.04384210241606136
624.25 0.02740642157393466
624.5 0.01097074035886836
624.75 -0.005464941228962239
625 -0.02190062318938243
626 -0.02189745315350406
627 -0.02189428906536173
628 -0.0218911309142731
629 -0.02188797868981641
630 -0.02188483238182992
631 -0.02188169198041165
632 -0.02187855511341924
633 -0.02187542183737773
634 -0.02187229414523312
635 -0.02186917201979916
636 -0.02186605544405405
637 -0.02186294440114041
638 -0.02185983887436553
639 -0.02185673884720151
640 -0.02185364430328453
641 -0.02185055522641578
642 -0.0218474716005605
643 -0.02184439340984879
644 -0.02184132063857517
645 -0.02183825327119902
646 -0.02183519129234356
647 -0.02183213468679744
648 -0.02182908343951296
649 -0.02182603753560786
650 -0.02182299696036353
651 -0.02181996169922661
652 -0.02181693173780775
653 -0.02181390706188267
654 -0.02181088765739113
655 -0.02180787351043792
656 -0.02180486460729169
657 -0.02180186093438652
658 -0.02179886247832033
659 -0.02179586922585589
660 -0.02179288116392042
661 -0.02178989827960556
662 -0.02178692056016762
663 -0.02178394799302792
664 -0.02178098056577125
665 -0.02177801826614804
666 -0.02177506108207235
667 -0.02177210900162368
668 -0.0217691620130452
669 -0.02176622010474509
670 -0.02176328326529638
671 -0.02176035148343576
672 -0.02175742474806534
673 -0.0217545030482511
674 -0.02175158637322423
675 -0.02174867471237959
676 -0.02174576805527766
677 -0.02174286639164258
678 -0.02173996971136313
679 -0.02173707800449332
680 -0.02173419126125101
681 -0.02173130947201852
682 -0.02172843262734357
683 -0.02172556071793737
684 -0.02172269373467655
685 -0.02171983166860156
686 -0.02171697451091795
687 -0.02171412225299546
688 -0.02171127488636849
689 -0.02170842987596837
690 -0.02170558887463027
691 -0.02170275252757204
692 -0.02169992082100273
693 -0.0216970937412267
694 -0.02169427127464487
695 -0.0216914534077543
696 -0.02168864012714797
697 -0.02168583141951503
698 -0.02168302727164033
699 -0.0216802276704053
700 -0.02167743260278749
701 -0.0216746420558598
702 -0.02167185601679225
703 -0.02166907447285003
704 -0.02166629741139504
705 -0.02166352481988475
706 -0.02166075668587295
707 -0.02165799299700976
708 -0.02165523374104108
709 -0.02165247890580891
710 -0.02164972847925121
711 -0.02164698244940248
712 -0.02164424080439275
713 -0.0216415035324484
714 -0.02163877062189195
715 -0.02163604206114204
716 -0.02163331783871289
717 -0.02163059794321563
718 -0.02162788236335672
719 -0.0216251710879392
720 -0.02162246410586163
721 -0.02161976140611948
722 -0.02161706297780342
723 -0.02161436881010081
724 -0.02161167889229498
725 -0.02160899321376497
726 -0.0216063117639864
727 -0.0216036345325306
728 -0.02160096150906525
729 -0.02159829268335397
730 -0.02159562804525632
731 -0.0215929675847282
732 -0.02159031129182145
733 -0.02158765915668425
734 -0.02158501116956032
735 -0.02158236732078973
736 -0.02157972760080906
737 -0.02157709200015027
738 -0.02157446050944184
739 -0.02157183311940818
740 -0.02156920982086967
741 -0.02156659060474319
742 -0.021563975462041
743 -0.02156136438387227
744 -0.02155875736144154
745 -0.02155615432018211
746 -0.02155355381134052
747 -0.02155095723136349
748 -0.02154836456896026
749 -0.02154577581290285
750 -0.02154319095202607
751 -0.0215406099752275
752 -0.02153803287146767
753 -0.02153545962976992
754 -0.02153289023922055
755 -0.02153032468896863
756 -0.02152776296822603
757 -0.02152520506626737
758 -0.02152265097243045
759 -0.02152010067611546
760 -0.02151755416678595
761 -0.02151501143396787
762 -0.02151247246725012
763 -0.02150993725628478
764 -0.02150740579078652
765 -0.02150487806053258
766 -0.02150235405536356
767 -0.02149983376518246
768 -0.02149731717995565
769 -0.02149480428971166
770 -0.02149229508454261
771 -0.0214897895546028
772 -0.02148728769010969
773 -0.02148478948134374
774 -0.02148229491864795
775 -0.02147980399242834
776 -0.02147731669315386
777 -0.02147483301135588
778 -0.02147235293762931
779 -0.02146987646263107
780 -0.02146740357708182
781 -0.02146493427176421
782 -0.02146246853752428
783 -0.02146000636527103
784 -0.02145754774597564
785 -0.02145509267067288
786 -0.02145264113045986
787 -0.02145019311649691
788 -0.02144774862000669
789 -0.02144530763227529
790 -0.02144287014465133
791 -0.02144043614854622
792 -0.02143800563543435
793 -0.02143557859685309
794 -0.02143315502440219
795 -0.02143073490974495
796 -0.02142831824460686
797 -0.02142590502077659
798 -0.0214234952301054
799 -0.0214210888645079
800 -0.02141868591596108
801 -0.02141628637650472
802 -0.02141388978140049
803 -0.02141149546735591
804 -0.02140910447552394
805 -0.0214067167970556
806 -0.02140433242315582
807 -0.02140195134508419
808 -0.02139957355415502
809 -0.02139719904173687
810 -0.0213948277992532
811 -0.02139245981818155
812 -0.02139009509005397
813 -0.02138773360645754
814 -0.0213853753590331
815 -0.02138302033947671
816 -0.02138066853953835
817 -0.02137831995102289
818 -0.02137597456578964
819 -0.02137363237575205
820 -0.02137129337287883
821 -0.02136895754919238
822 -0.02136662489676997
823 -0.02136429540774378
824 -0.02136196907429967
825 -0.02135964588867856
826 -0.02135732584317588
827 -0.02135500893014135
828 -0.02135269514197936
829 -0.02135038447114839
830 -0.02134807691016221
831 -0.02134577245158846
832 -0.02134347108804948
833 -0.02134117281222209
834 -0.0213388776168376
835 -0.02133658549468201
836 -0.02133429643859559
837 -0.02133201044147329
838 -0.02132972749626438
839 -0.02132744759597279
840 -0.02132517073365712
841 -0.02132289690242989
842 -0.02132062609545869
843 -0.02131835830596539
844 -0.02131609352722655
845 -0.02131383175257281
846 -0.02131157297539011
847 -0.02130931718911786
848 -0.02130706438725057
849 -0.02130481456333742
850 -0.02130256771098187
851 -0.0213003238238417
852 -0.02129808289562953
853 -0.0212958449201123
854 -0.02129360989111142
855 -0.0212913778025028
856 -0.02128914864821721
857 -0.02128692242223951
858 -0.02128469911860907
859 -0.02128247873142014
860 -0.02128026125482102
861 -0.02127804668301493
862 -0.02127583501025936
863 -0.02127362623086651
864 -0.02127142033920243
865 -0.02126921732968867
866 -0.02126701719680067
867 -0.02126481993506835
868 -0.02126262553907633
869 -0.02126043400346388
870 -0.0212582453229244
871 -0.02125605949220594
872 -0.02125387650611126
873 -0.02125169635949738
874 -0.02124951904727602
875 -0.021247344564413
876 -0.02124517290592939
877 -0.02124300406689998
878 -0.02124083804245463
879 -0.02123867482777727
880 -0.02123651441810675
881 -0.02123435680873617
882 -0.02123220199501315
883 -0.02123004997233976
884 -0.02122790073617298
885 -0.02122575428202386
886 -0.02122361060545796
887 -0.02122146970209549
888 -0.02121933156761137
889 -0.0212171961977346
890 -0.02121506358824906
891 -0.02121293373499293
892 -0.02121080584178042
893 -0.0212086788750605
894 -0.02120655454687954
895 -0.02120443285139417
896 -0.02120231378280226
897 -0.02120019733534176
898 -0.02119808350329189
899 -0.02119597228097173
900 -0.02119386366274182
901 -0.02119175764300259
902 -0.02118965421619553
903 -0.02118755337680258
904 -0.02118545511934637
905 -0.02118335943838998
906 -0.02118126632853737
907 -0.02117917578443296
908 -0.02117708780076184
909 -0.02117500237224976
910 -0.02117291949366296
911 -0.02117083915980851
912 -0.02116876136553379
913 -0.02116668610572722
914 -0.02116461337531768
915 -0.02116254316927434
916 -0.02116047548260724
917 -0.02115841031036745
918 -0.02115634764764596
919 -0.02115428748957459
920 -0.02115222983132642
921 -0.02115017466811404
922 -0.02114812199519148
923 -0.02114607180785343
924 -0.02114402410143446
925 -0.0211419788713106
926 -0.02113993611289795
927 -0.0211378958216533
928 -0.02113585799307446
929 -0.02113382262269956
930 -0.02113178970610734
931 -0.02112975923891687
932 -0.02112773121678864
933 -0.02112570563542322
934 -0.02112368249056146
935 -0.02112166177798586
936 -0.0211196434935184
937 -0.02111762763302253
938 -0.02111561419240195
939 -0.02111360316760084
940 -0.02111159455460444
941 -0.02110958834943827
942 -0.0211075845481687
943 -0.02110558314690239
944 -0.02110358414178685
945 -0.02110158752901045
946 -0.02109959330480165
947 -0.02109760146542997
948 -0.02109561200720539
949 -0.02109362492647835
950 -0.02109164021963999
951 -0.02108965788312267
952 -0.02108767791339827
953 -0.02108570030698029
954 -0.02108372506042233
955 -0.02108175217031844
956 -0.02107978163330414
957 -0.02107781344605442
958 -0.02107584760528594
959 -0.02107388410775523
960 -0.02107192295025987
961 -0.02106996412963794
962 -0.02106800764276814
963 -0.02106605348656968
964 -0.02106410165800262
965 -0.02106215215406729
966 -0.02106020497180528
967 -0.02105826010829806
968 -0.02105631756066815
969 -0.02105437732607856
970 -0.02105243940173315
971 -0.02105050378487586
972 -0.02104857047279188
973 -0.02104663946280668
974 -0.0210447107522866
975 -0.02104278433863805
976 -0.02104086021930868
977 -0.02103893839178643
978 -0.02103701885359992
979 -0.02103510160231862
980 -0.02103318663555225
981 -0.02103127395095143
982 -0.02102936265782356
983 -0.02102745171005255
984 -0.02102554292378443
985 -0.02102363629478333
986 -0.02102173181883905
987 -0.02101982949176708
988 -0.02101792930940872
989 -0.02101603126763059
990 -0.02101413536232513
991 -0.02101224158941028
992 -0.02101034994482981
993 -0.02100846042455319
994 -0.02100657302457531
995 -0.02100468774091697
996 -0.02100280456962419
997 -0.02100092350676909
998 -0.02099904454844924
999 -0.02099716769078766
1000 -0.02099529292993366
1001 -0.02099342026206119
1002 -0.02099154968337107
1003 -0.0209896811900886
1004 -0.02098781477846532
1005 -0.02098595044477845
1006 -0.02098408818533087
1007 -0.02098222799645072
1008 -0.02098036987449221
1009 -0.0209785138158348
1010 -0.02097665981688423
1011 -0.02097480787407109
1012 -0.02097295798385206
1013 -0.02097111014270964
1014 -0.02096926434715164
1015 -0.02096742059371169
1016 -0.02096557887894873
1017 -0.02096373919944792
1018 -0.02096190155181952
1019 -0.02096006593270001
1020 -0.02095823233875099
1021 -0.02095640076665968
1022 -0.02095457121313959
1023 -0.02095274367492926
1024 -0.02095091814879293
1025 -0.02094909463152089
1026 -0.02094727311992869
1027 -0.02094545361085754
1028 -0.02094363610117473
1029 -0.02094182058777241
1030 -0.02094000706756937
1031 -0.0209381955375089
1032 -0.02093638599456113
1033 -0.02093457843572104
1034 -0.02093277285800932
1035 -0.02093096925847248
1036 -0.02092916763418292
1037 -0.02092736798223808
1038 -0.0209255702997617
1039 -0.02092377458390274
1040 -0.02092198083183586
1041 -0.02092018904076136
1042 -0.02091839920790542
1043 -0.02091661133051966
1044 -0.0209148254058814
1045 -0.02091304143129339
1046 -0.02091125940408447
1047 -0.02090947932160873
1048 -0.02090770118124631
1049 -0.02090592498040224
1050 -0.0209041507165082
1051 -0.02090237838702074
1052 -0.02090060798942267
1053 -0.02089883952122166
1054 -0.02089707297995164
1055 -0.02089530836317203
1056 -0.02089354566846807
1057 -0.02089178489345012
1058 -0.02089002603575494
1059 -0.02088826909304401
1060 -0.02088651406300544
1061 -0.02088476094335241
1062 -0.02088300973182357
1063 -0.02088126042618384
1064 -0.02087951302422338
1065 -0.02087776752375804
1066 -0.02087602392262911
1067 -0.02087428221870397
1068 -0.02087254240987544
1069 -0.02087080449406202
1070 -0.02086906846920766
1071 -0.02086733433328218
1072 -0.02086560142314058
1073 -0.02086386903639616
1074 -0.02086213845101717
1075 -0.02086040966360772
1076 -0.02085868267078597
1077 -0.02085695746918583
1078 -0.02085523405545568
1079 -0.02085351242625865
1080 -0.02085179257827309
1081 -0.02085007450819218
1082 -0.02084835821272386
1083 -0.02084664368859152
1084 -0.02084493093253252
1085 -0.02084321994130004
1086 -0.02084151071166186
1087 -0.02083980324040037
1088 -0.02083809752431316
1089 -0.02083639356021283
1090 -0.02083469134492657
1091 -0.02083299087529678
1092 -0.02083129214818068
1093 -0.02082959516045029
1094 -0.02082789990899281
1095 -0.02082620639070987
1096 -0.0208245146025185
1097 -0.02082282454135052
1098 -0.02082113620415237
1099 -0.0208194495878859
1100 -0.02081776468952734
1101 -0.02081608150606815
1102 -0.02081440003451497
1103 -0.02081272027188848
1104 -0.02081104221522533
1105 -0.02080936586157617
1106 -0.0208076912080071
1107 -0.02080601825159917
1108 -0.02080434698944789
1109 -0.02080267741866412
1110 -0.02080100953637335
1111 -0.02079934333971628
1112 -0.02079767882584822
1113 -0.02079601599193946
1114 -0.0207943548351755
1115 -0.02079269535275626
1116 -0.02079103754189686
1117 -0.02078938139982721
1118 -0.02078772692379244
1119 -0.02078607411105229
1120 -0.02078442295888128
1121 -0.02078277346456935
1122 -0.02078112562542085
1123 -0.02077947943875532
1124 -0.02077783490190712
1125 -0.02077619201222559
1126 -0.02077455076707472
1127 -0.02077291116383384
1128 -0.02077127319989694
1129 -0.0207696368726728
1130 -0.02076800217958538
1131 -0.02076636911807348
1132 -0.02076473768559087
1133 -0.02076310787960576
1134 -0.02076147969760194
1135 -0.02075985313707761
1136 -0.02075822819554637
1137 -0.02075660487053624
1138 -0.02075498315959043
1139 -0.02075336306026676
1140 -0.02075174457013865
1141 -0.02075012768679353
1142 -0.02074851240783444
1143 -0.020746898730879
1144 -0.02074528665355987
1145 -0.02074367617352448
1146 -0.02074206728843529
1147 -0.02074045999596975
1148 -0.02073885429381992
1149 -0.02073725017969326
1150 -0.02073564765131145
1151 -0.02073404670641196
1152 -0.02073244734274625
1153 -0.02073084955808143
1154 -0.02072925335019896
1155 -0.02072765871689574
1156 -0.02072606565598327
1157 -0.02072447416528784
1158 -0.02072288424265116
1159 -0.02072129588592914
1160 -0.0207197090929931
1161 -0.02071812386172934
1162 -0.0207165398585108
1163 -0.02071495676565218
1164 -0.02071337518872993
1165 -0.02071179512497991
1166 -0.02071021657164684
1167 -0.02070863952598611
1168 -0.02070706398526197
1169 -0.02070548994674899
1170 -0.02070391740773116
1171 -0.02070234636550217
1172 -0.02070077681736557
1173 -0.0206992087606346
1174 -0.02069764219263236
1175 -0.02069607711069122
1175.25 -0.00425921067209132
1175.5 0.01217765567383729
1175.75 0.02861452192713607
1176 0.04505138808784608
1176.25 0.06148825415600936
1176.5 0.07792512013166639
1176.75 0.09436198601485903
1177 0.1107988518056279
1177.25 0.1272357175040149
1177.5 0.1436725831100603
1177.75 0.1601094486238057
1178 0.1765463140452923
1178.25 0.1929831793745606
1178.5 0.2094200446116521
1178.75 0.2258569097566071
1179 0.2422937748094673
1179.25 0.2587306397702731
1179.5 0.2751675046390652
1179.75 0.2916043694158847
1180 0.3080412341007719
1180.25 0.3244780986937681
1180.5 0.3409149631949135
1180.75 0.3573518276042492
1181 0.3737886919218155
1181.25 0.3902255561476526
1181.5 0.4066624202818015
1181.75 0.4230992843243028
1182 0.4395361482751966
1182.25 0.4559730121345235
1182.5 0.4724098759023238
1182.75 0.4888467395786375
1183 0.5052836031635053
1183.25 0.5217204666569674
1183.5 0.5381573300590642
1183.75 0.5545941933698355
1184 0.5710310565893214
1184.25 0.5874679197175624
1184.5 0.6039047827545984
1184.75 0.6203416457004693
1185 0.6367785085552149
1185.25 0.6532153713188757
1185.5 0.6696522339914914
1185.75 0.6860890965731018
1186 0.7025259590637466
1186.25 0.7189628214634658
1186.5 0.7353996837722989
1186.75 0.751836545990286
1187 0.7682734081174666
1187.25 0.7847102701538804
1187.5 0.8011471320995666
1187.75 0.8175839939545656
1188 0.834020855718916
1188.25 0.8504577173926582
1188.5 0.8668945789758309
1188.75 0.8833314404684739
1189 0.8997683018706266
1189.25 0.9162051631823283
1189.5 0.9326420244036178
1189.75 0.9490788855345351
1190 0.9655157465751193
1190.25 0.9819526075254094
1190.5 0.9983894683854442
1190.75 1.014826329155263
1191 1.031263189834906
1191.25 1.047700050424411
1191.5 1.064136910923817
1191.75 1.080573771333164
1192 1.097010631652489
1192.25 1.113447491881833
1192.5 1.129884352021233
1192.75 1.14632121207073
1193 1.162758072030361
1193.25 1.179194931900165
1193.5 1.195631791680181
1193.75 1.212068651370448
1194 1.228505510971003
1194.25 1.244942370481887
1194.5 1.261379229903137
1194.75 1.277816089234792
1195 1.29425294847689
1195.25 1.31068980762947
1195.5 1.327126666692571
1195.75 1.343563525666229
1196 1.360000384550485
1196.25 1.376437243345375
1196.5 1.392874102050939
1196.75 1.409310960667215
1197 1.42574781919424
1197.25 1.442184677632053
1197.5 1.458621535980692
1197.75 1.475058394240194
1198 1.4914952524106
1198.25 1.507932110491944
1198.5 1.524368968484267
1198.75 1.540805826387605
1199 1.557242684201998
1199.25 1.573679541927481
1199.5 1.590116399564094
1199.75 1.606553257111874
1200 1.622990114570859
