0 0
0.25 -1.90980015661046e-51
0.5 -3.921154959055771e-47
0.75 -6.529405585641038e-32
1 -1.82235224543711e-31
1.25 -2.991763932310118e-31
1.5 -4.161175619183125e-31
1.75 -5.330587306056132e-31
2 -6.499998992929139e-31
2.25 -7.669410679802146e-31
2.5 -8.838822366675154e-31
2.75 -1.000823405354816e-30
3 -1.117764574042117e-30
3.25 -1.234705742729417e-30
3.5 -1.351646911416718e-30
3.75 -1.749370447820127e-24
4 -6.728811384034703e-24
4.25 -1.170825232024927e-23
4.5 -1.668769325646384e-23
4.75 -2.166713419267842e-23
5 -2.664657512889299e-23
5.25 -3.162601606510756e-23
5.5 -3.660545700132213e-23
5.75 -4.15848979375367e-23
6 -4.656433887375128e-23
6.25 -5.154377980996585e-23
6.5 -5.652322074618041e-23
6.75 -2.66329470575317e-13
7 -2.112159438811423e-12
7.25 -3.95798940704753e-12
7.5 -5.803819375283636e-12
7.75 -7.649649343519732e-12
8 -9.495479311755838e-12
8.25 -1.134130927999194e-11
8.5 -1.318713924822804e-11
8.75 -1.503296921646415e-11
9 -1.687879918470025e-11
9.25 -1.872462915293635e-11
9.5 -2.057045912117245e-11
9.75 -2.241628908940856e-11
10 -2.426211905764466e-11
10.25 -2.610794902588077e-11
10.5 -2.795377899411687e-11
10.75 -2.979960896235297e-11
11 -3.164543893058908e-11
11.25 -3.349126889882518e-11
11.5 -3.533709886706129e-11
11.75 -3.718292883529739e-11
12 -3.902875880353349e-11
12.25 -4.08745887717696e-11
12.5 -4.27204187400057e-11
12.75 -4.45662487082418e-11
13 -4.64120786764779e-11
13.25 -4.825790864471401e-11
13.5 -5.010373861295011e-11
13.75 -5.194956858118621e-11
14 -5.379539854942232e-11
14.25 -5.564122851765842e-11
14.5 -5.999878528907986e-11
14.75 -6.585241930322447e-11
15 -8.187507597853108e-11
15.25 -1.06546538980204e-10
15.5 -2.622880762076431e-10
15.75 -4.180296134350822e-10
16 -5.737711506625213e-10
16.25 -1.224783981239655e-09
16.5 -2.433762544649436e-09
16.75 -3.642741108059218e-09
17 -4.851719671468999e-09
17.25 -1.239665816482028e-07
17.5 -2.573568367178589e-07
17.75 -3.907470917875149e-07
18 -5.24137346857171e-07
18.25 -6.575276019268272e-07
18.5 -7.909178569964832e-07
18.75 -9.243081120661393e-07
19 -1.057698367135796e-06
19.25 -1.191088622205452e-06
19.5 -1.456984750078691e-06
19.75 -1.865681194877622e-06
20 -2.436233358741679e-06
20.25 -3.810267970792733e-06
20.5 -5.300650538917509e-06
20.75 -7.953978372444609e-06
21 -1.176104356811697e-05
21.25 -1.737292936693037e-05
21.5 -2.618551493970331e-05
21.75 -3.780821439578564e-05
22 -5.594550585979326e-05
22.25 -8.346095175340591e-05
22.5 -0.0001253936855369715
22.75 -0.00018850862144398
23 -0.0002836046473078508
23.25 -0.0004262571168631349
23.5 -0.0006373011245792049
23.75 -0.0009493322786686396
24 -0.001408381760476014
24.25 -0.00207663386598895
24.5 -0.003035941097788931
24.75 -0.004389954777203468
25 -0.006264691931608945
25.25 -0.008801622260282844
25.5 -0.01213793202266023
25.75 -0.01638429223136492
26 -0.0215969381136631
26.25 -0.02776333805437857
26.5 -0.03480351936123485
26.75 -0.04258132521842144
27 -0.05093724345739677
27.25 -0.05971040686793054
27.5 -0.06875621349100344
27.75 -0.07795604577494654
28 -0.0872185950225499
28.25 -0.09647637279227413
28.5 -0.1056820051163545
28.75 -0.1148034354760621
29 -0.1238197276750333
29.25 -0.1327178260227211
29.5 -0.1414902417670188
29.75 -0.1501333875044877
30 -0.1586463344842366
30.25 -0.1670298648117762
30.5 -0.1752860546426198
30.75 -0.1834178042010731
31 -0.1914283153279168
31.25 -0.1993210045385689
31.5 -0.2070993929202345
31.75 -0.2147670092209271
32 -0.2223275104464353
32.25 -0.229784317490035
32.5 -0.2371409311446719
32.75 -0.2444005927664918
33 -0.2515665744582558
33.25 -0.2586419614803119
33.5 -0.2656297470400515
33.75 -0.2725327876757436
34 -0.2793539734396545
34.25 -0.2860959106868216
34.5 -0.292761082860482
34.75 -0.2993518766665644
35 -0.305870838483654
35.25 -0.3123200880854422
35.5 -0.3187018113694693
35.75 -0.3250181308225342
36 -0.3312709938948907
36.25 -0.3374624567339702
36.5 -0.3435943944359356
36.75 -0.3496686127995192
37 -0.3556868583289816
37.25 -0.3616508115361275
37.5 -0.3675620905215282
37.75 -0.3734222502107964
38 -0.3792327743458062
38.25 -0.3849951413267372
38.5 -0.3907107841776996
38.75 -0.3963810377663247
39 -0.4020071188149357
39.25 -0.4075903644123677
39.5 -0.4131320233649315
39.75 -0.4186332324502158
40 -0.4240950531904839
40.25 -0.4295186252676673
40.5 -0.4349050041647643
40.75 -0.4402552008108915
41 -0.4455701929247962
41.25 -0.450850934472113
41.5 -0.4560983450708337
41.75 -0.4613133068387713
42 -0.4664966772337593
42.25 -0.4716492905256655
42.5 -0.4767719537063515
42.75 -0.4818654285023865
43 -0.4869304765206229
43.25 -0.4919678368599795
43.5 -0.4969782250899871
43.75 -0.5019623385172536
44 -0.5069208576937465
44.25 -0.5118543815458678
44.5 -0.5167634964788417
44.75 -0.5216488582999882
45 -0.5265110617480524
45.25 -0.5313506870650573
45.5 -0.5361683011547516
45.75 -0.5409644298136068
46 -0.5457394827109204
46.25 -0.5504940367474626
46.5 -0.5552285804369722
46.75 -0.5599435888891616
47 -0.5646395245725557
47.25 -0.5693168380773294
47.5 -0.5739759350360114
47.75 -0.5786172519765908
48 -0.5832412028051686
48.25 -0.5878481892326238
48.5 -0.5924386035497873
48.75 -0.597012829302871
49 -0.6015711903381871
49.25 -0.6061140293794283
49.5 -0.6106417119159833
49.75 -0.6151545721109082
50 -0.6196529354913587
50.25 -0.6241371194092294
50.5 -0.6286074327579976
50.75 -0.6330641760962629
51 -0.6375076455713643
51.25 -0.641938129835076
51.5 -0.6463559115712075
51.75 -0.6507612679498168
52 -0.6551544666092818
52.25 -0.6595356276661101
52.5 -0.6639050988003733
52.75 -0.668263125497359
53 -0.6726099484308077
53.25 -0.6769458038431563
53.5 -0.681270923925782
53.75 -0.6855855371992462
54 -0.6898898688935373
54.25 -0.6941841413283152
54.5 -0.6984684935762865
54.75 -0.7027430520833133
55 -0.7070080827095971
55.25 -0.7112637702795004
55.5 -0.7155102947743274
55.75 -0.7197478315012081
56 -0.7239765512619842
56.25 -0.7281966205220921
56.5 -0.7324082190689265
56.75 -0.7366115120121068
57 -0.7408066490870654
57.25 -0.7449937857877857
57.5 -0.7491730747154552
57.75 -0.753344665780103
58 -0.757508706402237
58.25 -0.7616653417144826
58.5 -0.7658146722859318
58.75 -0.7699568414132987
59 -0.7740919912513283
59.25 -0.7782202509150006
59.5 -0.7823417471157543
59.75 -0.7864566043022058
60 -0.7905649448008698
60.25 -0.7946668889568773
60.5 -0.798762518796892
60.75 -0.8028519635994611
61 -0.8069353358623534
61.25 -0.8110127431980547
61.5 -0.8150842911632779
61.75 -0.8191500833578631
62 -0.8232102215236762
62.25 -0.8272648037844863
62.5 -0.8313138954853158
62.75 -0.8353576090142716
63 -0.8393960348061524
63.25 -0.8434292612859761
63.5 -0.8474573749314823
63.75 -0.851480460335635
64 -0.8554986002691256
64.25 -0.8595118779735317
64.5 -0.8635203819165497
64.75 -0.8675241852814544
65 -0.8715233658907461
65.25 -0.8755180002826192
65.5 -0.8795081637860512
65.75 -0.8834939305958929
66 -0.8874753738479566
66.25 -0.8914525465368375
66.5 -0.8954254934660467
66.75 -0.8993943077709817
67 -0.903359055045882
67.25 -0.9073197998170808
67.5 -0.91127660560247
67.75 -0.9152295349709667
68 -0.919178649601979
68.25 -0.923124010344872
68.5 -0.9270656772784338
68.75 -0.9310037097703416
69 -0.9349381543837252
69.25 -0.9388690359660368
69.5 -0.9427964368410631
69.75 -0.946720410424309
70 -0.9506410093646573
70.25 -0.9545582855894255
70.5 -0.9584722903494214
70.75 -0.9623830742640003
71 -0.9662906873661217
71.25 -0.9701951791474055
71.5 -0.9740965986031888
71.75 -0.9779949857510202
72 -0.9818903367514613
72.25 -0.9857827346239535
72.5 -0.9896722222709117
72.75 -0.9935588418867696
73 -0.9974426349851089
73.25 -1.001323642425788
73.5 -1.005201904442072
73.75 -1.009077460667761
74 -1.012950350164321
74.25 -1.016820611448011
74.5 -1.020688281911587
74.75 -1.024553381951612
75 -1.028415959498038
75.25 -1.032276049914339
75.5 -1.036133688034539
75.75 -1.039988908185397
76 -1.043841744208598
76.25 -1.047692229482939
76.5 -1.051540396946518
76.75 -1.055386279118919
77 -1.059229908123406
77.25 -1.063071315709105
77.5 -1.066910498212953
77.75 -1.070747505322803
78 -1.07458236745567
78.25 -1.07841511222929
78.5 -1.082245766735117
78.75 -1.086074357550051
79 -1.089900910748164
79.25 -1.09372545191243
79.5 -1.097548006146451
79.75 -1.101368598086187
80 -1.105187251911684
80.25 -1.109004023986173
80.5 -1.112818926095523
80.75 -1.116631977797962
81 -1.120443204619274
81.25 -1.124252631970645
81.5 -1.128060285171676
81.75 -1.13186618947341
82 -1.135670370081339
82.25 -1.139472852178427
82.5 -1.143273660948123
82.75 -1.147072821597384
83 -1.150870287243292
83.25 -1.154666091776342
83.5 -1.158460278547909
83.75 -1.162252865193537
84 -1.166043868751917
84.25 -1.169833305658399
84.5 -1.173621191738508
84.75 -1.177407542201459
85 -1.181192371633669
85.25 -1.184975693992272
85.5 -1.188757522598636
85.75 -1.192537917151972
86 -1.196316899243676
86.25 -1.200094459076404
86.5 -1.203870613541209
86.75 -1.207645379439675
87 -1.211418773500756
87.25 -1.215190812397616
87.5 -1.218961512764451
87.75 -1.222730891213338
88 -1.226498964351061
88.25 -1.230265748795949
88.5 -1.234031265477426
88.75 -1.237795533976263
89 -1.24155856785546
89.25 -1.245320384648207
89.5 -1.249081002049404
89.75 -1.252840437935165
90 -1.256598710382324
90.25 -1.26035583768794
90.5 -1.264111838388805
90.75 -1.26786673128095
91 -1.271620535439149
91.25 -1.275373215044816
91.5 -1.279124712686986
91.75 -1.282875117195361
92 -1.286624438158719
92.25 -1.290372684560806
92.5 -1.294119864761543
92.75 -1.29786598647823
93 -1.301611056766756
93.25 -1.305355082002799
93.5 -1.309098067863037
93.75 -1.312840019306353
94 -1.31658094055504
94.25 -1.320320918512119
94.5 -1.324059936871467
94.75 -1.327797980562385
95 -1.331535058529431
95.25 -1.335271179587619
95.5 -1.339006352430586
95.75 -1.34274058563877
96 -1.346473887687579
96.25 -1.350206266955566
96.5 -1.3539377317326
96.75 -1.357668290228041
97 -1.361397957728189
97.25 -1.365126801924532
97.5 -1.368854790085343
97.75 -1.372581934687666
98 -1.376308248583903
98.25 -1.380033745026342
98.5 -1.383758437691694
98.75 -1.387482340705618
99 -1.391205468667255
99.25 -1.394927836673762
99.5 -1.398649460344837
99.75 -1.402370355847256
100 -1.406090524292775
101 -1.41134647732396
102 -1.413016540063869
103 -1.414011782272576
104 -1.414715804410399
105 -1.415258148283537
106 -1.415697551182257
107 -1.416066238352837
108 -1.416383169375918
109 -1.416660590693867
110 -1.416907149029336
111 -1.417128855566203
112 -1.417330043327119
113 -1.417514023061215
114 -1.417683419623159
115 -1.417840396168491
116 -1.417986553643032
117 -1.418123266011094
118 -1.418251611643872
119 -1.418372474873468
120 -1.41848668375996
121 -1.418594882303162
122 -1.41869767037831
123 -1.41879559275626
124 -1.418889028262891
125 -1.418978387896094
126 -1.419063995146455
127 -1.419146093453221
128 -1.41922501018366
129 -1.419300904192626
130 -1.419374031931669
131 -1.419444564537196
132 -1.41951266421478
133 -1.419578509188674
134 -1.419642223085076
135 -1.419703974405329
136 -1.419763854982758
137 -1.419821960158504
138 -1.419878384435074
139 -1.419933264337467
140 -1.419986643608639
141 -1.420038582379444
142 -1.420089162852866
143 -1.420138481498643
144 -1.420186566168939
145 -1.420233461434026
146 -1.420279243664244
147 -1.420323968834226
148 -1.42036766763865
149 -1.420410377938431
150 -1.420452161290162
151 -1.420493049388397
152 -1.420533074803599
153 -1.420572271558315
154 -1.420610694526016
155 -1.420648358338626
156 -1.420685289589781
157 -1.420721512132134
158 -1.420757047077354
159 -1.420791919870158
160 -1.420826184943559
161 -1.420859839405133
162 -1.420892900723474
163 -1.420925384319169
164 -1.4209573035648
165 -1.420988680875717
166 -1.421019562087741
167 -1.421049939448221
168 -1.421079825997041
169 -1.42110923346436
170 -1.42113817227061
171 -1.421166662143452
172 -1.421194733454087
173 -1.421222383358952
174 -1.421249622715614
175 -1.421276461601066
176 -1.421302909311736
177 -1.421328980994498
178 -1.421354693645642
179 -1.421380050342636
180 -1.421405060088087
181 -1.421429731365743
182 -1.421454072140489
183 -1.421478097681532
184 -1.421501819245429
185 -1.421525238122294
186 -1.421548361309393
187 -1.421571195354695
188 -1.421593746356876
189 -1.421616019965316
190 -1.421638021380102
191 -1.421659755352024
192 -1.42168123175228
193 -1.421702473083998
194 -1.42172346955124
195 -1.421744225887613
196 -1.421764746491176
197 -1.421785035424439
198 -1.42180509641437
199 -1.421824932852386
