401 -1.423896536274523
402 -1.423902422310984
403 -1.423908287130601
404 -1.423914130873214
405 -1.423919953676511
406 -1.423925755676021
407 -1.423931537005117
408 -1.423937297795014
409 -1.423943038174773
410 -1.423948758271297
411 -1.423954458209331
412 -1.423960138111467
413 -1.423965798098137
414 -1.423971438287619
415 -1.423977058796032
416 -1.423982659737341
417 -1.423988243157124
418 -1.423993809082494
419 -1.423999356139818
420 -1.424004884450638
421 -1.424010394134623
422 -1.424015885309576
423 -1.424021358091429
424 -1.424026812594246
425 -1.42403224893022
426 -1.424037667209678
427 -1.424043067541075
428 -1.424048450030999
429 -1.424053814784166
430 -1.424059161903426
431 -1.424064491489759
432 -1.424069803642274
433 -1.424075098458214
434 -1.424080376032949
435 -1.424085636459983
436 -1.424090879830951
437 -1.424096106235616
438 -1.424101315761874
439 -1.424106508495753
440 -1.424111684521408
441 -1.424116843921129
442 -1.424121986775334
443 -1.424127113162574
444 -1.424132223159528
445 -1.424137316841009
446 -1.42414239427996
447 -1.424147455547453
448 -1.424152500712693
449 -1.424157529843015
450 -1.424162543003885
451 -1.4241675402589
452 -1.424172521669788
453 -1.424177489235448
454 -1.424182445264311
455 -1.424187386229047
456 -1.424192312210584
457 -1.424197223288456
458 -1.424202119540801
459 -1.424207001044367
460 -1.424211867874504
461 -1.42421672010517
462 -1.424221557808929
463 -1.424226381056948
464 -1.424231189919005
465 -1.424235984463479
466 -1.424240764757357
467 -1.424245530866233
468 -1.424250282854305
469 -1.424255020784377
470 -1.424259744717861
471 -1.424264454714772
472 -1.424269150833733
473 -1.424273833131972
474 -1.424278501665323
475 -1.424283156488227
476 -1.424287797653728
477 -1.424292425213479
478 -1.424297039217737
479 -1.424301639715367
480 -1.424306226753837
481 -1.424310800379223
482 -1.424315360636206
483 -1.424319907568073
484 -1.424324441216718
485 -1.424328961622639
486 -1.424333468824942
487 -1.424337962861336
488 -1.42434244376814
489 -1.424346911687515
490 -1.424351367503099
491 -1.424355810701192
492 -1.424360241381201
493 -1.424364659645653
494 -1.424369065600197
495 -1.424373459353606
496 -1.424377841017772
497 -1.424382210707711
498 -1.424386535125655
499 -1.424389917426737
500 -1.424391919850804
500.25 -1.424392170053531
500.5 -1.424392496572141
500.75 -1.424392766452219
501 -1.424392982267275
501.25 -1.424393147110219
501.5 -1.424393264593359
501.75 -1.424393338848404
502 -1.42439337452646
502.25 -1.424393376798033
502.5 -1.424393203240598
502.75 -1.424391403262264
503 -1.424387246551381
503.25 -1.424371609621735
503.5 -1.424299478928962
503.75 -1.424023119123797
504 -1.423213553865178
504.25 -1.421499491332435
504.5 -1.418894027744677
504.75 -1.415759540840764
505 -1.412399634082371
505.25 -1.408958480658941
505.5 -1.405488405655529
505.75 -1.402008168657581
506 -1.398525568355353
506.25 -1.395043077517661
506.5 -1.391561179612298
506.75 -1.38808009467112
507 -1.384599883623091
507.25 -1.381120620134154
507.5 -1.377642375030421
507.75 -1.37416513447663
508 -1.370688877733098
508.25 -1.367213613368873
508.5 -1.363739457351996
508.75 -1.360266340111651
509 -1.356794261647838
509.25 -1.35332318587953
509.5 -1.349853365521536
509.75 -1.346384602099934
510 -1.342916908534747
510.25 -1.339450357177052
510.5 -1.335984951584418
510.75 -1.332520690491359
511 -1.329057590788836
511.25 -1.325595669367809
511.5 -1.32213494311924
511.75 -1.318675428934091
512 -1.315217132092095
512.25 -1.311760057030816
512.5 -1.308304232246227
512.75 -1.304849673201776
513 -1.301396395360914
513.25 -1.297944414187088
513.5 -1.294493745143749
513.75 -1.291044401922819
514 -1.287596383945858
514.25 -1.284149717161607
514.5 -1.28070441616319
514.75 -1.277260495543731
515 -1.273817969896353
515.25 -1.270376853814179
515.5 -1.266937161890332
515.75 -1.263498930699463
516 -1.260062167904096
516.25 -1.25662688500309
516.5 -1.253193097901793
516.75 -1.249760822505553
517 -1.246330074719718
517.25 -1.242900870449634
517.5 -1.239473265475837
517.75 -1.236047292341981
518 -1.232622933162292
518.25 -1.229200205620206
518.5 -1.22577912739916
518.75 -1.222359716182588
519 -1.218941989653928
519.25 -1.215525965496615
519.5 -1.212111661394086
519.75 -1.208699095029776
520 -1.205288284087123
520.25 -1.201879275080699
520.5 -1.198472186586295
520.75 -1.195066945590755
521 -1.19166357290084
521.25 -1.18826208932331
521.5 -1.184862515664926
521.75 -1.181464872732448
522 -1.178069181332638
522.25 -1.174675462272255
522.5 -1.171283736358061
522.75 -1.167894024396816
523 -1.164506347195281
523.25 -1.161120896103136
523.5 -1.157737580008797
523.75 -1.154356411883462
524 -1.150977416378192
524.25 -1.147600618144045
524.5 -1.144226041832084
524.75 -1.140853712093367
525 -1.137483653578954
525.25 -1.134115890939905
525.5 -1.13075044882728
525.75 -1.127387351892139
526 -1.12402673537139
526.25 -1.120668621654164
526.5 -1.117312989765167
526.75 -1.113959870376902
527 -1.110609294161869
527.25 -1.107261291792571
527.5 -1.103915893941509
527.75 -1.100573131281185
528 -1.097233034484099
528.25 -1.093895808415499
528.5 -1.090561395395686
528.75 -1.087229811817915
529 -1.083901095077891
529.25 -1.08057528257132
529.5 -1.077252411693909
529.75 -1.073932519841363
530 -1.070615644409389
530.25 -1.067301836249035
530.5 -1.063991256042603
530.75 -1.060683852019484
531 -1.057379666392938
531.25 -1.054078741376228
531.5 -1.050781119182614
531.75 -1.047486842025359
532 -1.044195952117723
532.25 -1.040908491672969
532.5 -1.037624646656931
532.75 -1.034344275137773
533 -1.03106751718469
533.25 -1.027794415919302
533.5 -1.024525014957296
533.75 -1.021259358408417
534 -1.017997490876478
534.25 -1.014739457459349
534.5 -1.011485303748966
534.75 -1.008235164040305
535 -1.00498911157062
535.25 -1.001747149029833
535.5 -0.998509334980118
535.75 -0.9952757291626469
536 -0.9920463924975895
536.25 -0.9888213870841146
536.5 -0.9856007762003891
536.75 -0.9823846243035783
537 -0.9791730428431606
537.25 -0.9759662375499925
537.5 -0.9727641763672581
537.75 -0.9695669420646958
538 -0.9663746194553915
538.25 -0.9631872953957772
538.5 -0.9600050587856316
538.75 -0.956828000568081
539 -0.9536562137295979
539.25 -0.9504897933000016
539.5 -0.9473288646750528
539.75 -0.9441735122082404
540 -0.9410238372089923
540.25 -0.9378799449530623
540.5 -0.9347419428858506
540.75 -0.9316099406224039
541 -0.9284840499474154
541.25 -0.9253643848152252
541.5 -0.9222510613498195
541.75 -0.9191441290982254
542 -0.9160435098931198
542.25 -0.9129491524225585
542.5 -0.9098610521175496
542.75 -0.9067794333881255
543 -0.9037044785789949
543.25 -0.9006364228020817
543.5 -0.8975754221426429
543.75 -0.8945215125552368
544 -0.8914749329487403
544.25 -0.8884358543716694
544.5 -0.8854043128818099
544.75 -0.8823804917920705
545 -0.8793645356851639
545.25 -0.8763565557236351
545.5 -0.8733566936172363
545.75 -0.870365085190496
546 -0.8673818996368829
546.25 -0.8644072734568757
546.5 -0.8614413465284999
546.75 -0.8584843664097439
547 -0.8555364488482934
547.25 -0.8525977306881715
547.5 -0.849668364403628
547.75 -0.8467485024689131
548 -0.8438383381196244
548.25 -0.8409382091659737
548.5 -0.8380481649838241
548.75 -0.8351683760336049
549 -0.8322990127757459
549.25 -0.8294402456706765
549.5 -0.8265923925702783
549.75 -0.8237556944811196
550 -0.8209302567989127
550.25 -0.8181162712076649
550.5 -0.8153139293913831
550.75 -0.8125234230340741
551 -0.8097452810927162
551.25 -0.8069795551230146
551.5 -0.8042264447159146
551.75 -0.8014861686520439
552 -0.79875894571203
552.25 -0.7960450918063265
552.5 -0.7933450737976279
552.75 -0.7906589639374462
553 -0.787987009668614
553.25 -0.785329458433964
553.5 -0.7826865576763283
553.75 -0.7800588077939464
554 -0.7774464958576693
554.25 -0.7748497998021086
554.5 -0.7722689976437426
554.75 -0.76970436739905
555 -0.7671561941376817
555.25 -0.7646251193812896
555.5 -0.7621112673751098
555.75 -0.7596149541363338
556 -0.7571364956821534
556.25 -0.7546763082098484
556.5 -0.7522349230259495
556.75 -0.7498125555369196
557 -0.747409557419826
557.25 -0.7450262803517359
557.5 -0.7426632582527959
557.75 -0.74032089119456
558 -0.7379994946123758
558.25 -0.7356994508179169
558.5 -0.7334211421228567
558.75 -0.7311652776257439
559 -0.728931997346684
559.25 -0.7267218149245123
559.5 -0.7245351280452643
559.75 -0.7223724193728382
560 -0.7202342886268797
560.25 -0.7181210458061102
560.5 -0.7160331464422491
560.75 -0.7139710549099889
561 -0.7119352444269955
561.25 -0.7099261970539079
561.5 -0.7079444289445259
561.75 -0.7059905480743226
562 -0.7040650053447675
562.25 -0.702168333830964
562.5 -0.7003010767171345
562.75 -0.6984637872966193
563 -0.6966570289718772
563.25 -0.6948813500860357
563.5 -0.6931370832153652
563.75 -0.6914249156260514
564 -0.6897454043351584
564.25 -0.6880991118225662
564.5 -0.6864866060309689
564.75 -0.6849080885856187
565 -0.6833629156032028
565.25 -0.6818521878556557
565.5 -0.6803766119365331
565.75 -0.6789365960359715
566 -0.6775326870020055
566.25 -0.6761652107437373
566.5 -0.6748346039972468
566.75 -0.6735411624475862
567 -0.6722852218904696
567.25 -0.6710670598160823
567.5 -0.6698868183223849
567.75 -0.6687447884707982
568 -0.6676412573141119
568.25 -0.666576177434723
568.5 -0.6655496739168398
568.75 -0.6645619930376911
569 -0.6636129587455719
569.25 -0.662702419023399
569.5 -0.6618305546893801
569.75 -0.6609970683206221
570 -0.6602014400049488
570.25 -0.6594437597833347
570.5 -0.6587236849276239
570.75 -0.6580403998153194
571 -0.6573937484109758
571.25 -0.6567828936533843
571.5 -0.6562071993304324
571.75 -0.6556661305572017
572 -0.6551585221180004
572.25 -0.6546838224439928
572.5 -0.6542409571046285
572.75 -0.6538289536655743
573 -0.6534469023709895
573.25 -0.6530933634345887
573.5 -0.6527674775034258
573.75 -0.6524680825779696
574 -0.652193924336482
574.25 -0.6519438488420768
574.5 -0.6517164706040021
574.75 -0.6515103147311493
575 -0.6513238601157529
575.25 -0.6511559337836248
575.5 -0.6510053796803831
575.75 -0.6508706796474255
576 -0.6507506814048987
576.25 -0.6506443835119887
576.5 -0.650550520669295
576.75 -0.6504680139036816
577 -0.6503958722010165
577.25 -0.650333070087492
577.5 -0.6502786580293709
577.75 -0.6502317422495708
578 -0.6501914579363242
578.25 -0.6501570096998658
578.5 -0.6501277299919865
578.75 -0.6501029116118269
579 -0.6500819466819899
579.25 -0.650064384175458
579.5 -0.650049697153778
579.75 -0.6500374656215845
580 -0.6500273223148223
580.25 -0.6500189138421635
580.5 -0.6500120029229395
580.75 -0.650006388115224
581 -0.6500018900872014
581.25 -0.6499981399963928
581.5 -0.6499951351213649
581.75 -0.6499928028511676
582 -0.6499910701374375
582.25 -0.6499895897284045
582.5 -0.6499884574959992
582.75 -0.649987649853051
583 -0.6499871372045876
583.25 -0.649986675680531
583.5 -0.6499863517301142
583.75 -0.6499861552452157
584 -0.6499860714152852
584.25 -0.6499859575145933
584.5 -0.6499858644365755
584.75 -0.6499857848000661
585 -0.6499857149144177
585.25 -0.6499856308537038
585.5 -0.6499855507674691
585.75 -0.6499854860925467
586 -0.6499854220320481
586.25 -0.6499853682963058
586.5 -0.6499853122051268
586.75 -0.6499852685954547
587 -0.6499852401895317
587.25 -0.6499851588133174
587.5 -0.6499850820411952
587.75 -0.6499850166693166
588 -0.649984969493833
588.25 -0.649984947310896
588.5 -0.6499849084330721
588.75 -0.6499848659047079
589 -0.6499848313912361
589.25 -0.6499848064632532
589.5 -0.6499847926913562
589.75 -0.6499847834277965
590 -0.6499847694665529
590.25 -0.6499847590634675
590.5 -0.6499847519751473
590.75 -0.6499847479581989
591 -0.6499847466600076
591.25 -0.6499847455290373
591.5 -0.6499847454693894
591.75 -0.6499847460399133
592 -0.6499847467994571
592.25 -0.6499847473068699
592.5 -0.6499847572406289
592.75 -0.6499847727291547
593 -0.6499847893574223
593.25 -0.6499848068316157
593.5 -0.6499848248579188
593.75 -0.6499848431425154
594 -0.6499848613915897
594.25 -0.6499848793113256
594.5 -0.649984896607907
594.75 -0.6499849129875178
595 -0.6499849281563421
595.25 -0.6499849418205637
595.5 -0.6499849536863668
595.75 -0.649984963459935
596 -0.6499849708474524
596.25 -0.649984975555103
596.5 -0.6499849772890709
596.75 -0.6499849938799889
597 -0.6499850110115475
597.25 -0.6499850277843386
597.5 -0.6499850440915976
597.75 -0.6499850598265595
598 -0.6499850748824595
598.25 -0.6499850891525327
598.5 -0.6499851025300144
598.75 -0.6499851149081397
599 -0.6499851261801438
599.25 -0.6499851362392619
599.5 -0.6499851449787292
599.75 -0.6499851522917807
600 -0.6499851580716518
600.25 -0.6499851622115774
600.5 -0.6499851646047929
600.75 -0.6499851670490194
601 -0.6499851753768676
601.25 -0.6499851832939121
601.5 -0.6499851907856327
601.75 -0.6499851978375094
602 -0.6499852044350221
602.25 -0.6499852105636503
602.5 -0.6499852162088743
602.75 -0.6499852213561738
603 -0.6499852259910284
603.25 -0.6499852300989182
603.5 -0.649985233665323
603.75 -0.6499852366757226
604 -0.6499852391155969
604.25 -0.6499852409704256
604.5 -0.6499852422256889
604.75 -0.6499852428668662
605 -0.6499852513131861
605.25 -0.6499852521427263
605.5 -0.6499852529194151
605.75 -0.6499852536432524
606 -0.6499852543142383
606.25 -0.6499852549323727
606.5 -0.6499852554976556
606.75 -0.6499852560100871
607 -0.6499852564696671
607.25 -0.6499852568763956
607.5 -0.6499852572302727
607.75 -0.6499852575312982
608 -0.6499852577794724
608.25 -0.649985257974795
608.5 -0.6499852581172663
608.75 -0.649985258206886
609 -0.6499852582436543
609.25 -0.6499852582398986
609.5 -0.6499852582308824
609.75 -0.6499852582121062
610 -0.6499852581730012
610.25 -0.6499852581338963
610.5 -0.6499852580305465
610.75 -0.6499852579082108
611 -0.6499852565697289
611.25 -0.6499852522096137
611.5 -0.6499852478494983
611.75 -0.6499852434893829
612 -0.6499852391292675
612.25 -0.649985234769152
612.5 -0.6499852304090368
612.75 -0.6499852260489214
613 -0.649985221688806
613.25 -0.6499851749012915
613.5 -0.6499850903995354
613.75 -0.6499850058977793
614 -0.649984921396023
614.25 -0.649984836894267
614.5 -0.6499847523925109
614.75 -0.6499846678907547
615 -0.6499845833889987
615.25 -0.6499844988872424
615.5 -0.6499843317642894
615.75 -0.6499841402171226
616 -0.6499839426933924
616.25 -0.6499835292040372
616.5 -0.649983115714682
616.75 -0.6499825563975479
617 -0.6499816258320201
617.25 -0.6499806952664925
617.5 -0.6499796177948608
617.75 -0.6499779068226913
618 -0.6499761958505216
618.25 -0.6499737788426778
618.5 -0.6499710703334861
618.75 -0.649966692710491
619 -0.6499630564924177
619.25 -0.6499583655069591
619.5 -0.6499526007103903
619.75 -0.6499455649242772
620 -0.6499367960729489
620.25 -0.6499265076431844
620.5 -0.6499135809183331
620.75 -0.6498984792712044
621 -0.6498804568329548
621.25 -0.6498592038143908
621.5 -0.6498338845927208
621.75 -0.6498044355861204
622 -0.6497696293258758
622.25 -0.6497294743980414
622.5 -0.6496831311015898
622.75 -0.6496299927272523
623 -0.6495691720624821
623.25 -0.6494997834417846
623.5 -0.6494209486892387
623.75 -0.6493319436906835
624 -0.649231880809555
624.25 -0.6491200904478545
624.5 -0.6489958217950124
624.75 -0.648858390423347
625 -0.648707486143651
625.25 -0.6485424325962771
625.5 -0.6483627808416369
625.75 -0.6481687905623088
626 -0.6479601914704026
626.25 -0.6477370335411012
626.5 -0.6474999875333338
626.75 -0.6472495440894245
627 -0.6469863390756684
627.25 -0.6467114275082931
627.5 -0.6464260347450059
627.75 -0.6461314427027569
628 -0.6458291188821743
628.25 -0.6455206422375152
628.5 -0.6452078941195422
628.75 -0.6448927639078537
629 -0.6445767838251375
629.25 -0.6442621607292258
629.5 -0.6439507894849877
629.75 -0.6436440443877773
630 -0.6433440386458852
630.25 -0.6430523490321676
630.5 -0.6427700762644296
630.75 -0.6424988801999898
631 -0.6422398304985616
631.25 -0.6419936640952332
631.5 -0.6417613777159834
631.75 -0.6415434861852176
632 -0.6413402902599384
632.25 -0.6411520810986777
632.5 -0.6409788834417918
632.75 -0.6408205433121695
633 -0.6406767352016375
633.25 -0.6405471268281308
633.5 -0.64043115105096
633.75 -0.6403280388882466
634 -0.6402372585431775
634.25 -0.6401579262399985
634.5 -0.6400890367491323
634.75 -0.6400300069652597
635 -0.6399797723526421
635.25 -0.6399373021347824
635.5 -0.639902042224222
635.75 -0.6398729331482725
636 -0.6398490613004223
636.25 -0.6398299807733263
636.5 -0.6398147670032794
636.75 -0.6398027449676695
637 -0.6397934657965437
637.25 -0.6397863481194348
637.5 -0.6397809692538958
637.75 -0.6397768634669867
638 -0.6397737911403348
638.25 -0.6397716131273381
638.5 -0.6397700286081924
638.75 -0.6397688191949703
639 -0.6397680306645606
639.25 -0.6397675938586742
639.5 -0.6397672694847029
639.75 -0.6397671093775953
640 -0.639767078110411
640.25 -0.6397671255573691
640.5 -0.6397672090177418
640.75 -0.6397672656392338
641 -0.6397673437435615
641.25 -0.63976742551053
641.5 -0.6397674614366123
641.75 -0.6397674839218953
642 -0.6397675322766027
642.25 -0.6397675644987642
642.5 -0.6397675673692793
642.75 -0.6397675805559037
643 -0.6397675936799259
643.25 -0.6397675983853902
643.5 -0.6397675936305314
643.75 -0.6397675931610307
644 -0.6397675909946664
644.25 -0.6397675878916068
644.5 -0.6397675844635058
644.75 -0.6397675812116166
645 -0.6397675787569507
645.25 -0.6397675775966247
645.5 -0.6397675773357607
645.75 -0.6397675767875899
646 -0.6397675768927567
646.25 -0.6397675773046273
646.5 -0.6397675794681915
646.75 -0.6397675816317557
647 -0.6397676127949955
647.25 -0.639767647380029
647.5 -0.6397678266583366
647.75 -0.6397680747367354
648 -0.6397693082921355
648.25 -0.6397707338362185
648.5 -0.6397741851988226
648.75 -0.6397812803801093
649 -0.639795139456333
649.25 -0.6398222076903992
649.5 -0.6398775442768921
649.75 -0.6399861161675012
650 -0.6401923470393194
650.25 -0.6405681893312485
650.5 -0.6412238347448872
650.75 -0.6422932342014662
651 -0.6439095536175108
651.25 -0.6461509379233602
651.5 -0.6490040225144688
651.75 -0.6523665398419244
652 -0.6560999007839854
652.25 -0.6600817400032384
652.5 -0.6642164670257401
652.75 -0.6684390499003305
653 -0.6727086247239009
653.25 -0.6770010720945407
653.5 -0.6813021060392309
653.75 -0.6856032022280499
654 -0.6898997376009787
654.25 -0.6941895941004783
654.5 -0.698471577663927
654.75 -0.7027450800316798
655 -0.7070095103172913
655.25 -0.7112646834323209
655.5 -0.715510793748003
655.75 -0.7197480104400445
656 -0.7239765942036124
656.25 -0.7281966760752686
656.5 -0.7324084051527886
656.75 -0.7366117474146091
657 -0.740806937305959
657.25 -0.7449940015276635
657.5 -0.7491731974250124
657.75 -0.7533446935976051
658 -0.7575086611695261
658.25 -0.761665278374282
658.5 -0.7658146424469545
658.75 -0.769956885344267
659 -0.7740920966025537
659.25 -0.7782204883628765
659.5 -0.7823421085339078
659.75 -0.7864569914300065
660 -0.7905653386471531
660.25 -0.7946673005106024
660.5 -0.7987629204803744
660.75 -0.8028523234532694
661 -0.8069356669049307
661.25 -0.8110130429423346
661.5 -0.815084563245698
661.75 -0.819150316766179
662 -0.8232104179432727
662.25 -0.8272649697178088
662.5 -0.8313140507832704
662.75 -0.8353577591806837
663 -0.8393961822780122
663.25 -0.8434294208822792
663.5 -0.8474575540631502
663.75 -0.8514806595122943
664 -0.8554988144414163
664.25 -0.8595120929228176
664.5 -0.8635205747476303
664.75 -0.8675243844619129
665 -0.8715235654780398
665.25 -0.8755181905727345
665.5 -0.8795083304927174
665.75 -0.8834940539547066
666 -0.8874754445847362
666.25 -0.8914525829517567
666.5 -0.8954255258940327
666.75 -0.8993943405571395
667 -0.9033590926806272
667.25 -0.9073198465980222
667.5 -0.911276661854064
667.75 -0.9152296004426441
668 -0.9191787222380523
668.25 -0.923124085220867
668.5 -0.9270657458984003
668.75 -0.9310037618126727
669 -0.9349381993532756
669.25 -0.9388691058083851
669.5 -0.9427965344548928
669.75 -0.9467205373579002
670 -0.950641165370719
670.25 -0.9545584728395198
670.5 -0.958472510158266
670.75 -0.962383321894215
671 -0.96629095469008
671.25 -0.9701954540170211
671.5 -0.9740968641746454
671.75 -0.9779952282910072
672 -0.981890588322608
672.25 -0.985782985054396
672.5 -0.9896724740666314
672.75 -0.9935591189309833
673 -0.9974429366519723
673.25 -1.001323966684437
673.5 -1.005202247526311
673.75 -1.009077816718625
674 -1.012950710845505
674.25 -1.016820965534173
674.5 -1.020688615454946
674.75 -1.024553701243528
675 -1.028416291640303
675.25 -1.032276394362264
675.5 -1.036134043337384
675.75 -1.039989271736419
676 -1.043842111972911
676.25 -1.047692595703187
676.5 -1.051540753826359
676.75 -1.055386616484325
677 -1.059230213061767
677.25 -1.063071593044608
677.5 -1.066910771904461
677.75 -1.070747777920673
678 -1.074582638915359
678.25 -1.078415382043565
678.5 -1.082246033793273
678.75 -1.086074619985395
679 -1.089901165773777
679.25 -1.093725695645198
679.5 -1.097548267101751
679.75 -1.101368892875709
680 -1.105187591448411
680.25 -1.109004387619362
680.5 -1.112819305706379
680.75 -1.116632369545595
681 -1.120443602491452
681.25 -1.124253027416707
681.5 -1.128060666712432
681.75 -1.131866543968229
682 -1.135670680718919
682.25 -1.139473097166287
682.5 -1.143273813916174
682.75 -1.14707285110043
683 -1.150870228376915
683.25 -1.154665964929503
683.5 -1.158460079468076
683.75 -1.162252590228527
684 -1.16604351497276
684.25 -1.16983287098869
684.5 -1.173620728172873
684.75 -1.177407085816063
685 -1.181191949953092
685.25 -1.184975339488344
685.5 -1.188757273041668
685.75 -1.192537768948368
686 -1.196316845259211
686.25 -1.200094519740423
686.5 -1.203870809873689
686.75 -1.207645732856155
687 -1.211419305600427
687.25 -1.21519147034937
687.5 -1.218962286418559
687.75 -1.222731770854651
688 -1.226499935401484
688.25 -1.230266791302767
688.5 -1.234032349302082
688.75 -1.237796619642882
689 -1.24155961206849
689.25 -1.245321335822101
689.5 -1.249081799646784
689.75 -1.252841026575664
690 -1.256599202332537
690.25 -1.260356209312659
690.5 -1.264112063872749
690.75 -1.267866782407961
691 -1.271620381351886
691.25 -1.275372877176551
691.5 -1.279124286392416
691.75 -1.28287462554838
692 -1.286623911231776
692.25 -1.290372160068375
692.5 -1.294119358176968
692.75 -1.297865428840443
693 -1.301610463479711
693.25 -1.305354471985605
693.5 -1.309097463904838
693.75 -1.312839448440009
694 -1.316580434449596
694.25 -1.32032043044796
694.5 -1.324059444605344
694.75 -1.327797484747874
695 -1.331534558357559
695.25 -1.335270695426648
695.5 -1.339005928650367
695.75 -1.342740238006614
696 -1.346473632677172
696.25 -1.350206121669077
696.5 -1.353937713814621
696.75 -1.357668417771346
697 -1.361398242022052
697.25 -1.365127194874789
697.5 -1.368855284462863
697.75 -1.372582518744832
698 -1.37630890334799
698.25 -1.380034442036167
698.5 -1.383759140302825
698.75 -1.387483028147394
699 -1.391206124821342
699.25 -1.394928446863944
699.5 -1.398649976809975
699.75 -1.402370731185734
700 -1.406089960095926
701 -1.411343397140404
702 -1.413014756603133
703 -1.414010548284696
704 -1.414714896287561
705 -1.415257444783256
706 -1.415696962275122
707 -1.416065734394006
708 -1.416382733220435
709 -1.41666023527881
710 -1.416906821738794
711 -1.417128553190686
712 -1.417329774026878
713 -1.417513785655397
714 -1.417683206581437
715 -1.417840171163736
716 -1.417986322912555
717 -1.418123068979659
718 -1.418251407889701
719 -1.418372307074855
720 -1.418486532524217
721 -1.41859474282145
722 -1.418697543686538
723 -1.418795449489371
724 -1.418888901369636
725 -1.418978235161319
726 -1.419063853794577
727 -1.419145971146807
728 -1.419224875646568
729 -1.41930080500222
730 -1.419373921939485
731 -1.419444472136811
732 -1.419512584920829
733 -1.419578431301899
734 -1.419642156957919
735 -1.419703886251185
736 -1.419763765292154
737 -1.419821878066164
738 -1.419878310556193
739 -1.419933160263817
740 -1.419986542829345
741 -1.42003849987288
742 -1.420089086267785
743 -1.420138385236146
744 -1.420186480555471
745 -1.420233398983742
746 -1.420279181974286
747 -1.420323901096363
748 -1.420367610177832
749 -1.42041033701541
750 -1.420452117260362
751 -1.420493005636041
752 -1.420533036771323
753 -1.420572239550441
754 -1.420610643974852
755 -1.420648302873695
756 -1.42068523295993
757 -1.420721457898377
758 -1.420757000585064
759 -1.420791881411383
760 -1.420826118264094
761 -1.420859765453609
762 -1.420892828025311
763 -1.420925318397593
764 -1.420957251685717
765 -1.420988641133578
766 -1.421019498113708
767 -1.421049870498559
768 -1.421079762116204
769 -1.421109179076905
770 -1.421138132953523
771 -1.421166634122287
772 -1.421194691762794
773 -1.421222339190181
774 -1.421249583624222
775 -1.421276429640143
776 -1.421302887114094
777 -1.421328965209203
778 -1.421354672375571
779 -1.421380027830916
780 -1.421405040327552
781 -1.421429715069626
782 -1.42145406035376
783 -1.421478084002688
784 -1.421501793365251
785 -1.421525205323588
786 -1.42154832652604
787 -1.421571159473276
788 -1.421593710659441
789 -1.421615986168322
790 -1.421637991673347
791 -1.421659732437585
792 -1.421681213313745
793 -1.42170243874418
794 -1.421723416539553
795 -1.421744171043076
796 -1.421764691340113
797 -1.421784981883146
798 -1.421805046818202
799 -1.421824889984844
