0 0
0.2501042100875365 6.133722188964768e-41
0.5002084201750729 5.665104917863375e-35
0.7503126302626094 2.650006457463995e-11
1.000416840350146 7.396148324439295e-11
1.250521050437682 1.21422901914146e-10
1.500625260525219 1.688843205838991e-10
1.750729470612755 2.16345739253652e-10
2.000833680700292 2.638071579234051e-10
2.250937890787828 3.112685765931581e-10
2.501042100875365 3.587299952629112e-10
2.751146310962901 4.061914139326642e-10
3.001250521050438 4.536528326024172e-10
3.251354731137974 5.011142512721703e-10
3.50145894122551 5.485756699419232e-10
3.751563151313047 2.225053234199252e-08
4.001667361400584 8.393580651802751e-08
4.25177157148812 1.456210806940624e-07
4.501875781575657 2.409502892117567e-07
4.751979991663193 1.586512546284449e-06
5.00208420175073 6.934624444239846e-06
5.252188411838266 2.797536886757653e-05
5.502292621925802 0.000149030201379383
5.752396832013339 0.0007933712671996411
6.002501042100875 0.003886893517684922
6.252605252188411 0.0153220418644051
6.502709462275948 0.04132572690245151
6.752813672363485 0.07683703900029681
7.002917882451021 0.1137624114355069
7.253022092538558 0.1490575822962181
7.503126302626094 0.1822370052857238
7.753230512713631 0.2134407243969199
8.003334722801167 0.2429034208019075
8.253438932888704 0.270849522929562
8.503543142976239 0.2974729564423922
8.753647353063776 0.3229388648211802
9.003751563151313 0.3473889491886635
9.253855773238849 0.3709427088275927
9.503959983326386 0.3937031377375598
9.754064193413923 0.415760429111656
10.00416840350146 0.4371925458001565
10.254272613589 0.4580663534722351
10.50437682367653 0.478440005783962
10.75448103376407 0.4983646420848872
11.0045852438516 0.5178851598188688
11.25468945393914 0.5370409935917657
11.50479366402668 0.5558664065425983
11.75489787411421 0.5743919534776992
12.00500208420175 0.5926452227487137
12.25510629428929 0.6106507556031695
12.50521050437682 0.628430207851707
12.75531471446436 0.646002392838931
13.0054189245519 0.663383822617722
13.25552313463943 0.6805901496745671
13.50562734472697 0.6976362270592215
13.75573155481451 0.7145351448329818
14.00583576490204 0.7312980861127416
14.25593997498958 0.7479345905729782
14.50604418507712 0.7644529974857251
14.75614839516465 0.780862408003953
15.00625260525219 0.7971709874751048
15.25635681533972 0.8133865708760047
15.50646102542726 0.8295148365103729
15.7565652355148 0.8455614881330388
16.00666944560233 0.8615315767199446
16.25677365568987 0.877430910896484
16.50687786577741 0.8932637286727489
16.75698207586494 0.9090330814976129
17.00708628595248 0.9247428903350933
17.25719049604002 0.9403993090954617
17.50729470612755 0.9560042503978748
17.75739891621509 0.9715598810524106
18.00750312630263 0.9870696688793777
18.25760733639016 1.002536125334353
18.5077115464777 1.017961716177757
18.75781575656524 1.033348667138042
19.00791996665277 1.048699166982861
19.25802417674031 1.064015110731994
19.50812838682785 1.079298317602761
19.75823259691538 1.094550580508125
20.00833680700292 1.109773260412943
20.25844101709045 1.124967906369239
20.50854522717799 1.14013622417874
20.75864943726553 1.155279668976549
21.00875364735306 1.170399321071972
21.2588578574406 1.185495843722203
21.50896206752814 1.200570060323656
21.75906627761567 1.215623771524178
22.00917048770321 1.230657823857098
22.25927469779075 1.245673065516602
22.50937890787828 1.260670211468863
22.75948311796582 1.275650107275741
23.00958732805336 1.290613576188826
23.25969153814089 1.305561289427146
23.50979574822843 1.320493912002884
23.75989995831597 1.335412050532375
24.0100041684035 1.350316317191148
24.26010837849104 1.365207357947915
24.51021258857858 1.380085706634556
24.76031679866611 1.394951740775573
25.01042100875365 1.409744295123086
25.26052521884118 1.414283775008163
25.51062942892872 1.415783908308458
25.76073363901626 1.416683411645113
26.01083784910379 1.417321578358035
26.26094205919133 1.417813627519809
26.51104626927886 1.418212957816532
26.7611504793664 1.41854795224373
27.01125468945394 1.41883618061247
27.26135889954147 1.419088739672758
27.51146310962901 1.41931311023187
27.76156731971655 1.419514798910645
28.01167152980408 1.419697930411314
28.26177573989162 1.41986555464385
28.51187994997916 1.420019937700937
28.7619841600667 1.420162921843951
29.01208837015423 1.420296021850172
29.26219258024177 1.420420481759472
29.51229679032931 1.420537385992447
29.76240100041684 1.420647511994995
30.01250521050438 1.42075165233486
30.26260942059191 1.420850305086355
30.51271363067945 1.420944068254237
30.76281784076699 1.421033306490386
31.01292205085452 1.421118474380458
31.26302626094206 1.42119987470842
31.51313047102959 1.421277845132933
31.76323468111713 1.421352652909995
32.01333889120467 1.421424563023034
32.2634431012922 1.421493753828405
32.51354731137974 1.421560420643123
32.76365152146728 1.421624770201585
33.01375573155482 1.421686903962741
33.26385994164235 1.421746963797795
33.51396415172989 1.421805117184087
33.76406836181742 1.421861432241849
34.01417257190496 1.42191601776483
34.2642767819925 1.421969003493812
34.51438099208004 1.422020450240793
34.76448520216757 1.422070443263125
35.01458941225511 1.422119076262978
35.26469362234264 1.422166406919993
35.51479783243018 1.422212509759148
35.76490204251772 1.422257459099781
36.01500625260525 1.422301296025573
36.26511046269279 1.422344066804547
36.51521467278032 1.422385811023864
36.76531888286786 1.422426604510163
37.01542309295539 1.422466484934633
37.26552730304294 1.422505475452915
37.51563151313047 1.422543604688388
37.76573572321801 1.42258089749574
38.01583993330554 1.422617439212365
38.26594414339308 1.422653226677703
38.51604835348061 1.422688284125253
38.76615256356816 1.422722632611445
39.01625677365569 1.422756301975278
39.26636098374323 1.422789341994472
39.51646519383076 1.422821756842797
39.7665694039183 1.422853566392899
40.01667361400584 1.42288478863789
40.26677782409337 1.422915452201893
40.51688203418091 1.422945580334447
40.76698624426844 1.422975184917889
41.01709045435598 1.423004282271172
41.26719466444352 1.423032887471066
41.51729887453106 1.423061032894002
41.76740308461859 1.423088724531799
42.01750729470613 1.423115973958123
42.26761150479366 1.423142793523739
42.5177157148812 1.423169194503192
42.76781992496873 1.423195187094804
43.01792413505628 1.423220780420674
43.26802834514381 1.423245997194412
43.51813255523135 1.423270857885272
43.76823676531888 1.423295358778952
44.01834097540642 1.423319508269547
44.26844518549395 1.423343313948053
44.51854939558149 1.423366782602367
44.76865360566903 1.423389920217289
45.01875781575657 1.423412733557001
45.2688620258441 1.423435262490464
45.51896623593164 1.423457491891724
45.76907044601917 1.423479428243317
46.01917465610671 1.423501077517307
46.26927886619425 1.423522445175288
46.51938307628178 1.423543536168384
46.76948728636932 1.423564354937246
47.01959149645685 1.423584921225793
47.26969570654439 1.423605241886009
47.51979991663193 1.423625315270254
47.76990412671947 1.423645146558334
48.020008336807 1.423664740629298
48.27011254689454 1.423684102061441
48.52021675698207 1.423703235132299
48.77032096706962 1.423722146217052
49.02042517715715 1.423740848728668
49.27052938724469 1.423759340557505
49.52063359733222 1.42377762609616
49.77073780741976 1.423795709539101
50.02084201750729 1.423813594882663
50.27094622759483 1.423831285925055
50.52105043768237 1.42384878626635
50.7711546477699 1.423866108872481
51.02125885785744 1.423883253135652
51.27136306794498 1.423900220504942
51.52146727803251 1.423917014312364
51.77157148812005 1.423933637718218
52.02167569820759 1.423950093711086
52.27177990829512 1.423966385107841
52.52188411838266 1.423982514553638
52.77198832847019 1.42399848452192
53.02209253855773 1.424014297314414
53.27219674864527 1.424029955061135
53.52230095873281 1.424045461442043
53.77240516882034 1.42406083572362
54.02250937890788 1.42407606666676
54.27261358899541 1.424091156550211
54.52271779908295 1.424106107524636
54.77282200917049 1.424120921612616
55.02292621925803 1.424135600708651
55.27303042934556 1.424150146579158
55.5231346394331 1.42416456086247
55.77323884952063 1.424178845068841
56.02334305960817 1.424193000580438
56.27344726969571 1.42420702865135
56.52355147978324 1.424220938275188
56.77365568987078 1.424234739114419
57.02375989995831 1.424248422583681
57.27386411004585 1.424261990335793
57.52396832013339 1.424275443942334
57.77407253022093 1.424288784893647
58.02417674030846 1.424302014598836
58.274280950396 1.424315134385769
58.52438516048353 1.424328145501078
58.77448937057107 1.424341049110156
59.02459358065861 1.424353846297158
59.27469779074615 1.424366538065003
59.52480200083368 1.424379135680972
59.77490621092122 1.42439163822265
60.02501042100875 1.424404043128947
60.27511463109629 1.424416351740739
60.52521884118383 1.424428565351238
60.77532305127136 1.424440685205992
61.0254272613589 1.424452712502882
61.27553147144643 1.424464648392124
61.52563568153397 1.424476493976271
61.77573989162151 1.424488250310209
62.02584410170905 1.424499918401159
62.27594831179658 1.42451149920868
62.52605252188412 1.424523001182928
62.77615673197165 1.424534420069806
63.02626094205919 1.424545756925919
63.27636515214672 1.424557012848216
63.52646936223427 1.42456818890235
63.7765735723218 1.424579286122675
64.02667778240934 1.424590305512249
64.27678199249688 1.424601248042833
64.52688620258441 1.424612114654887
64.77699041267195 1.424622906257578
65.02709462275948 1.424633623728772
65.27719883284702 1.424644269859106
65.52730304293456 1.424654849243817
65.77740725302209 1.424665358402716
66.02751146310963 1.424675798211511
66.27761567319716 1.424686169518778
66.5277198832847 1.424696473145961
66.77782409337223 1.424706709887365
67.02792830345977 1.424716880510167
67.27803251354732 1.424726985754407
67.52813672363484 1.424737026332993
67.77824093372239 1.424747002931697
68.02834514380991 1.42475691620916
68.27844935389746 1.424766766796889
68.528553563985 1.424776555299255
68.77865777407253 1.424786282293498
69.02876198416007 1.424795948329722
69.2788661942476 1.4248055539309
69.52897040433514 1.424815099592869
69.77907461442267 1.424824585784334
70.02917882451021 1.424834022141764
70.27928303459775 1.424843404568778
70.52938724468528 1.424852731288317
70.77949145477282 1.424862002867908
71.02959566486035 1.424871219854849
71.27969987494789 1.424880382776205
71.52980408503544 1.424889492138811
71.77990829512297 1.424898548429271
72.03001250521051 1.424907552113958
72.28011671529804 1.424916503639014
72.53022092538558 1.42492540343035
72.78032513547312 1.424934251893647
73.03042934556065 1.424943049414352
73.28053355564819 1.424951796357685
73.53063776573572 1.424960493068633
73.78074197582326 1.424969139871951
74.03084618591079 1.424977737072166
74.28095039599833 1.424986284953571
74.53105460608587 1.424994787064142
74.7811588161734 1.425003250720319
75.03126302626094 1.425011668389908
75.28136723634847 1.425020040495619
75.53147144643602 1.425028367447356
75.78157565652356 1.425036649642219
76.03167986661109 1.425044887464506
76.28178407669863 1.425053081285709
76.53188828678616 1.425061231464517
76.7819924968737 1.425069338346815
77.03209670696123 1.425077402265683
77.28220091704877 1.425085423541399
77.53230512713631 1.425093402481435
77.78240933722384 1.42510133938046
78.03251354731138 1.425109234520338
78.28261775739891 1.425117088170131
78.53272196748645 1.425124900586095
78.78282617757399 1.425132672011684
79.03293038766152 1.425140402677545
79.28303459774907 1.425148099747585
79.53313880783659 1.425155760209612
79.78324301792414 1.425163382467729
80.03334722801168 1.42517096686119
80.28345143809921 1.425178513721767
80.53355564818675 1.42518602337375
80.78365985827428 1.425193496133949
81.03376406836182 1.425200932311694
81.28386827844935 1.425208332208832
81.53397248853689 1.425215696119728
81.78407669862443 1.425223024331268
82.03418090871196 1.425230317122857
82.2842851187995 1.425237574766417
82.53438932888703 1.425244797526389
82.78449353897457 1.425251985659736
83.03459774906212 1.425259139415935
83.28470195914964 1.425266259036986
83.53480616923719 1.425273344757405
83.78491037932471 1.4252803978836
84.03501458941226 1.425287421211743
84.28511879949978 1.425294412202113
84.53522300958733 1.425301371135614
84.78532721967487 1.425308298288256
85.0354314297624 1.425315193931151
85.28553563984994 1.425322058330518
85.53563984993747 1.425328891747678
85.78574406002501 1.425335694439057
86.03584827011255 1.425342466656186
86.28595248020008 1.425349208645698
86.53605669028762 1.425355920649331
86.78616090037515 1.425362602903929
87.03626511046269 1.425369255641437
87.28636932055022 1.425375879088908
87.53647353063776 1.425382473468494
87.78657774072531 1.425389038997457
88.03668195081283 1.425395575888158
88.28678616090038 1.425402084348066
88.5368903709879 1.425408567801143
88.78699458107545 1.425415024770161
89.03709879116299 1.425421454465313
89.28720300125052 1.425427857104546
89.53730721133806 1.425434232901561
89.78741142142559 1.425440582065814
90.03751563151313 1.425446904802514
90.28761984160067 1.425453201312625
90.5377240516882 1.425459471792863
90.78782826177574 1.425465716435702
91.03793247186327 1.425471935429365
91.28803668195081 1.425478128957834
91.53814089203834 1.425484297200842
91.78824510212588 1.425490440333876
92.03834931221343 1.425496558528179
92.28845352230096 1.425502651950745
92.5385577323885 1.425508720764327
92.78866194247603 1.425514765127426
93.03876615256357 1.425520785194301
93.28887036265111 1.425526781114965
93.53897457273864 1.425532753035182
93.78907878282618 1.425538701096475
94.03918299291371 1.425544625436115
94.28928720300125 1.425550526187133
94.53939141308878 1.42555640347831
94.78949562317632 1.425562257434182
95.03959983326386 1.42556808817504
95.28970404335139 1.425573895816928
95.53980825343893 1.425579680471644
95.78991246352646 1.425585445118374
96.04001667361401 1.425591191743226
96.29012088370155 1.425596916612379
96.54022509378908 1.425602619870305
96.79032930387662 1.425608301658309
97.04043351396415 1.425613962114534
97.29053772405169 1.425619601373956
97.54064193413923 1.425625219568388
97.79074614422676 1.425630816826477
98.0408503543143 1.425636393273707
98.29095456440183 1.425641949032396
98.54105877448937 1.425647484221699
98.7911629845769 1.425652998957606
99.04126719466444 1.425658493352941
99.29137140475198 1.425663967517364
99.54147561483951 1.425669421557373
99.79157982492706 1.425674855576297
100.0416840350146 1.425680269674303
100.2917882451021 1.425685663948395
100.5418924551897 1.425691038492408
100.7919966652772 1.425696393397017
101.0421008753647 1.42570172874973
101.2922050854523 1.42570704463489
101.5423092955398 1.425712341133677
101.7924135056273 1.425717618324106
102.0425177157149 1.425722876281025
102.2926219258024 1.425728115076123
102.54272613589 1.425733334777918
102.7928303459775 1.425738535451767
103.042934556065 1.425743717681434
103.2930387661526 1.425748888380667
103.5431429762401 1.425754041204841
103.7932471863276 1.425759176259803
104.0433513964152 1.425764293649401
104.2934556065027 1.425769393475484
104.5435598165902 1.425774475837905
104.7936640266778 1.425779540834515
105.0437682367653 1.425784588561168
105.2938724468529 1.425789619111721
105.5439766569404 1.425794632578031
105.7940808670279 1.425799629049955
106.0441850771155 1.425804608615355
106.294289287203 1.425809571360092
106.5443934972905 1.425814517368028
106.7944977073781 1.425819446721028
107.0446019174656 1.425824359498959
107.2947061275531 1.425829255779688
107.5448103376407 1.425834135639084
107.7949145477282 1.425838999151017
108.0450187578158 1.425843846387359
108.2951229679033 1.425848677417984
108.5452271779908 1.425853492310767
108.7953313880784 1.425858291131584
109.0454355981659 1.425863073944313
109.2955398082534 1.425867840810833
109.545644018341 1.425872591791025
109.7957482284285 1.425877326942772
110.0458524385161 1.425882046321958
110.2959566486036 1.425886749982467
110.5460608586911 1.425891442012588
110.7961650687787 1.4258961205079
111.0462692788662 1.425900784158671
111.2963734889537 1.425905433049439
111.5464776990413 1.425910067263578
111.7965819091288 1.4259146868833
112.0466861192163 1.425919291989654
112.2967903293039 1.425923882662526
112.5468945393914 1.42592845898064
112.7969987494789 1.425933021021556
113.0471029595665 1.425937568861673
113.297207169654 1.425942102576226
113.5473113797416 1.425946622239287
113.7974155898291 1.425951127923766
114.0475197999166 1.425955619701409
114.2976240100042 1.425960097642803
114.5477282200917 1.425964561817367
114.7978324301792 1.42596901229336
115.0479366402668 1.42597344913788
115.2980408503543 1.425977872416858
115.5481450604419 1.425982282195065
115.7982492705294 1.42598667853611
116.0483534806169 1.425991061502437
116.2984576907045 1.425995431155328
116.548561900792 1.425999787554903
116.7986661108795 1.426004130760119
117.0487703209671 1.426008460828769
117.2988745310546 1.426012777817486
117.5489787411421 1.426017081781737
117.7990829512297 1.426021373800345
118.0491871613172 1.426025654723144
118.2992913714047 1.426029923125199
118.5493955814923 1.42603417907589
118.7994997915798 1.426038422643839
119.0496040016674 1.426042653896907
119.2997082117549 1.426046872902201
119.5498124218424 1.426051079726066
119.79991663193 1.426055274434091
120.0500208420175 1.426059457091105
120.300125052105 1.42606362776118
120.5502292621926 1.426067786507628
120.8003334722801 1.426071933393005
121.0504376823677 1.426076068479106
121.3005418924552 1.42608019182697
121.5506461025427 1.426084303496876
121.8007503126303 1.426088403548345
122.0508545227178 1.426092492040141
122.3009587328053 1.426096569030268
122.5510629428929 1.426100634575971
122.8011671529804 1.42610468873374
123.0512713630679 1.426108731559304
123.3013755731555 1.426112763107632
123.551479783243 1.42611678343294
123.8015839933306 1.42612079258868
124.0516882034181 1.426124790627549
124.3017924135056 1.426128777601485
124.5518966235932 1.426132753561667
124.8020008336807 1.426136718558517
125.0521050437682 1.426140672774617
125.3022092538558 1.426144618649698
125.5523134639433 1.426148553915742
125.8024176740308 1.426152478627318
126.0525218841184 1.426156392838335
126.3026260942059 1.426160296602044
126.5527303042934 1.426164189971039
126.802834514381 1.426168072997257
127.0529387244685 1.426171945731973
127.3030429345561 1.42617580822581
127.5531471446436 1.426179660528728
127.8032513547311 1.426183502690032
128.0533555648187 1.426187334758368
128.3034597749062 1.426191156781724
128.5535639849938 1.42619496880743
128.8036681950813 1.426198770882159
129.0537724051688 1.426202563051925
129.3038766152563 1.426206345362086
129.5539808253439 1.426210117857339
129.8040850354314 1.426213880581725
130.054189245519 1.426217633578627
130.3042934556065 1.42622137689077
130.554397665694 1.426225110560222
130.8045018757816 1.42622883462839
131.0546060858691 1.426232549136027
131.3047102959567 1.426236254123225
131.5548145060442 1.426239949629419
131.8049187161317 1.426243635693388
132.0550229262193 1.42624731235325
132.3051271363068 1.426250979646468
132.5552313463943 1.426254637609845
132.8053355564819 1.426258286279525
133.0554397665694 1.426261925690999
133.3055439766569 1.426265555879094
133.5556481867445 1.426269176877984
133.805752396832 1.426272788721181
134.0558566069195 1.426276391441544
134.3059608170071 1.426279985071268
134.5560650270946 1.426283569641896
134.8061692371822 1.426287145184308
135.0562734472697 1.426290711728731
135.3063776573572 1.426294269304729
135.5564818674448 1.426297817941213
135.8065860775323 1.426301357666432
136.0566902876198 1.426304888507979
136.3067944977074 1.42630841049279
136.5568987077949 1.42631192364714
136.8070029178824 1.426315429845035
137.05710712797 1.42631892998065
137.3072113380575 1.426322421711878
137.5573155481451 1.426325905074421
137.8074197582326 1.426329380103489
138.0575239683201 1.4263328468338
138.3076281784077 1.426336305299585
138.5577323884952 1.426339755534582
138.8078365985828 1.42634319757204
139.0579408086703 1.42634663144472
139.3080450187578 1.426350057184888
139.5581492288453 1.426353474824324
139.8082534389329 1.426356884394317
140.0583576490204 1.426360285925663
140.308461859108 1.426363679448673
140.5585660691955 1.426367064993162
140.808670279283 1.42637044258846
141.0587744893706 1.426373812263402
141.3088786994581 1.426377174046338
141.5589829095456 1.426380527965123
141.8090871196332 1.426383874047126
142.0591913297207 1.426387212319222
142.3092955398083 1.426390542807798
142.5593997498958 1.426393865538751
142.8095039599833 1.426397180537487
143.0596081700709 1.426400487828922
143.3097123801584 1.426403787437482
143.5598165902459 1.426407079387103
143.8099208003335 1.42641036370123
144.060025010421 1.426413640402819
144.3101292205085 1.426416909514334
144.5602334305961 1.426420171057752
144.8103376406836 1.426423425054556
145.0604418507712 1.426426671525742
145.3105460608587 1.426429910491814
145.5606502709462 1.426433141972786
145.8107544810338 1.426436365988183
146.0608586911213 1.426439582557038
146.3109629012088 1.426442791697896
146.5610671112964 1.426445993428809
146.8111713213839 1.426449187767342
147.0612755314714 1.426452374730567
147.311379741559 1.426455554335068
147.5614839516465 1.426458726596938
147.8115881617341 1.426461891531779
148.0616923718216 1.426465049154704
148.3117965819091 1.426468199480335
148.5619007919967 1.426471346329786
148.8120050020842 1.42647448717833
149.0621092121717 1.426477621154918
149.3122134222593 1.426480748285309
149.5623176323468 1.426483868594951
149.8124218424343 1.426486982108985
150.0625260525219 1.42649008885224
150.3126302626094 1.42649318884924
150.5627344726969 1.426496282124197
150.8128386827845 1.426499368701015
151.062942892872 1.42650244860329
151.3130471029596 1.426505521854309
151.5631513130471 1.426508588477048
151.8132555231346 1.426511648494176
152.0633597332222 1.426514701928054
152.3134639433097 1.426517748800732
152.5635681533973 1.426520789133952
152.8136723634848 1.426523822949147
153.0637765735723 1.426526850267442
153.3138807836599 1.426529871109651
153.5639849937474 1.426532885496281
153.8140892038349 1.42653589344753
154.0641934139225 1.426538894983287
154.31429762401 1.42654189012313
154.5644018340975 1.426544878886331
154.8145060441851 1.426547861291852
155.0646102542726 1.426550837358346
155.3147144643602 1.426553807104157
155.5648186744477 1.426556770547321
155.8149228845352 1.426559727705563
156.0650270946228 1.426562678596301
156.3151313047103 1.426565623236644
156.5652355147978 1.426568561643392
156.8153397248854 1.426571493833035
157.0654439349729 1.426574419821756
157.3155481450604 1.426577339625426
157.565652355148 1.426580253259611
157.8157565652355 1.426583160739566
158.065860775323 1.426586062080237
158.3159649854106 1.426588957296262
158.5660691954981 1.426591846401968
158.8161734055857 1.426594729411376
159.0662776156732 1.426597606338197
159.3163818257607 1.426600477195832
159.5664860358483 1.426603341997375
159.8165902459358 1.42660620075561
160.0666944560234 1.426609054075567
160.3167986661109 1.426611904255196
160.5669028761984 1.426614748697773
160.8170070862859 1.426617587424152
161.0671112963735 1.426620420455009
161.317215506461 1.426623247810841
161.5673197165486 1.426626069511966
161.8174239266361 1.426628885578523
162.0675281367236 1.42663169603047
162.3176323468112 1.426634500887591
162.5677365568987 1.426637300169487
162.8178407669863 1.42664009389558
163.0679449770738 1.426642882085116
163.3180491871613 1.42664566475716
163.5681533972489 1.426648441930598
163.8182576073364 1.426651213624136
164.0683618174239 1.426653979856305
164.3184660275114 1.426656740645452
164.568570237599 1.42665949600975
164.8186744476865 1.426662245967189
165.0687786577741 1.426664990535582
165.3188828678616 1.426667729732563
165.5689870779491 1.426670463575587
165.8190912880367 1.426673192081929
166.0691954981242 1.426675915268686
166.3192997082118 1.426678633152776
166.5694039182993 1.426681345750939
166.8195081283868 1.426684053079734
167.0696123384744 1.426686755155542
167.3197165485619 1.426689451994567
167.5698207586494 1.426692143612829
167.819924968737 1.426694830026175
168.0700291788245 1.426697511250269
168.320133388912 1.426700187300598
168.5702375989996 1.426702858192469
168.8203418090871 1.42670552394101
169.0704460191747 1.426708184561172
169.3205502292622 1.426710840067725
169.5706544393497 1.42671349047526
169.8207586494373 1.42671613579819
170.0708628595248 1.426718776050749
170.3209670696124 1.426721411246991
170.5710712796999 1.426724041400794
170.8211754897874 1.426726666525852
171.0712796998749 1.426729286635686
171.3213839099625 1.426731901743632
171.57148812005 1.426734511862852
171.8215923301375 1.426737117905302
172.0716965402251 1.426739719807268
172.3218007503126 1.426742316890625
172.5719049604002 1.426744909172329
172.8220091704877 1.426747496669215
173.0721133805752 1.426750079398007
173.3222175906628 1.426752657375308
173.5723218007503 1.426755230617607
173.8224260108379 1.426757799141277
174.0725302209254 1.426760362962573
174.3226344310129 1.426762922097635
174.5727386411004 1.426765476562487
174.822842851188 1.426768026373035
175.0729470612755 1.426770571545071
175.3230512713631 1.426773112094268
175.5731554814506 1.426775648036186
175.8232596915381 1.426778179386265
176.0733639016257 1.426780706159831
176.3234681117132 1.426783228372095
176.5735723218008 1.426785746038148
176.8236765318883 1.426788259172967
177.0737807419758 1.426790767791412
177.3238849520634 1.426793271908228
177.5739891621509 1.426795771538042
177.8240933722384 1.426798266695366
178.074197582326 1.426800757394595
178.3243017924135 1.426803243650008
178.574406002501 1.426805725475766
178.8245102125886 1.426808202885916
179.0746144226761 1.426810675894389
179.3247186327636 1.426813144514998
179.5748228428512 1.426815608761439
179.8249270529387 1.426818068647294
180.0750312630263 1.426820524186028
180.3251354731138 1.426822975390989
180.5752396832013 1.426825422275409
180.8253438932889 1.426827864852404
181.0754481033764 1.426830303134973
181.3255523134639 1.426832737135999
181.5756565235515 1.426835166868249
181.825760733639 1.426837592344375
182.0758649437265 1.426840013576909
182.3259691538141 1.426842430578269
182.5760733639016 1.426844843360759
182.8261775739892 1.426847251936562
183.0762817840767 1.426849656317747
183.3263859941642 1.426852056516268
183.5764902042518 1.426854454041205
183.8265944143393 1.426856847596707
184.0766986244269 1.426859237085741
184.3268028345144 1.426861622521543
184.5769070446019 1.426864003917249
184.8270112546895 1.426866381285894
185.077115464777 1.426868754640412
185.3272196748645 1.426871123993636
185.5773238849521 1.426873489358297
185.8274280950396 1.426875850747027
186.0775323051271 1.426878208172356
186.3276365152147 1.426880561646713
186.5777407253022 1.426882911182426
186.8278449353897 1.426885256791723
187.0779491454773 1.42688759848673
187.3280533555648 1.426889936279472
187.5781575656524 1.426892270181874
187.8282617757399 1.42689460020576
188.0783659858274 1.426896926362852
188.328470195915 1.426899248664771
188.5785744060025 1.426901567123039
188.82867861609 1.426903881749074
189.0787828261776 1.426906192554197
189.3288870362651 1.426908499549625
189.5789912463526 1.426910802746474
189.8290954564402 1.426913102155762
190.0791996665277 1.426915397788402
190.3293038766153 1.426917689655209
190.5794080867028 1.426919977766897
190.8295122967903 1.426922262134077
191.0796165068779 1.426924542767261
191.3297207169654 1.426926819676859
191.5798249270529 1.426929092873181
191.8299291371405 1.426931362366435
192.080033347228 1.426933628166729
192.3301375573155 1.42693589028407
192.5802417674031 1.426938148728362
192.8303459774906 1.426940403509411
193.0804501875782 1.426942654636921
193.3305543976657 1.426944902120494
193.5806586077532 1.426947145969632
193.8307628178408 1.426949386193737
194.0808670279283 1.426951622802108
194.3309712380158 1.426953855803945
194.5810754481034 1.426956085208345
194.8311796581909 1.426958311024307
195.0812838682785 1.426960533260725
195.331388078366 1.426962751926396
195.5814922884535 1.426964967030014
195.831596498541 1.426967178580172
196.0817007086286 1.426969386585363
196.3318049187161 1.426971591053978
196.5819091288037 1.426973791994309
196.8320133388912 1.426975989414544
197.0821175489787 1.426978183322773
197.3322217590663 1.426980373726983
197.5823259691538 1.426982560635062
197.8324301792414 1.426984744054795
198.0825343893289 1.426986923993867
198.3326385994164 1.426989100459862
198.582742809504 1.426991273460264
198.8328470195915 1.426993443002454
199.082951229679 1.426995609093714
199.3330554397666 1.426997771741224
199.5831596498541 1.426999930952064
199.8332638599416 1.427002086733212
200.0833680700292 1.427004239091545
200.3334722801167 1.42700638803384
200.5835764902043 1.427008533566772
200.8336807002918 1.427010675696917
201.0837849103793 1.427012814430747
201.3338891204669 1.427014949774637
201.5839933305544 1.427017081734857
201.8340975406419 1.427019210317578
202.0842017507295 1.42702133728665
202.334305960817 1.427023461924005
202.5844101709045 1.427025583336834
202.8345143809921 1.427027701533829
203.0846185910796 1.427029816523607
203.3347228011671 1.427031928314713
203.5848270112547 1.427034036915611
203.8349312213422 1.427036142334696
204.0850354314298 1.427038244580282
204.3351396415173 1.427040343660614
204.5852438516048 1.427042439583856
204.8353480616924 1.427044532358101
205.0854522717799 1.427046621991365
205.3355564818675 1.427048708491588
205.585660691955 1.427050791866636
205.8357649020425 1.427052872124301
206.08586911213 1.427054949272298
206.3359733222176 1.427057023318267
206.5860775323051 1.427059094269773
206.8361817423927 1.427061162134306
207.0862859524802 1.427063226919281
207.3363901625677 1.427065288632038
207.5864943726553 1.427067347279841
207.8365985827428 1.427069402869879
208.0867027928304 1.427071455409267
208.3368070029179 1.427073504905043
208.5869112130054 1.427075551364171
208.837015423093 1.42707759479354
209.0871196331805 1.427079635199962
209.337223843268 1.427081672590177
209.5873280533556 1.427083706970848
209.8374322634431 1.427085738348561
210.0875364735306 1.42708776672983
210.3376406836182 1.427089792121092
210.5877448937057 1.42709181452871
210.8378491037932 1.42709383395897
211.0879533138808 1.427095850418085
211.3380575239683 1.427097863912191
211.5881617340559 1.427099874447351
211.8382659441434 1.427101882029549
212.0883701542309 1.427103886664699
212.3384743643185 1.427105888358635
212.588578574406 1.427107887117118
212.8386827844935 1.427109882945835
213.0887869945811 1.427111875850396
213.3388912046686 1.427113865836335
213.5889954147561 1.427115852909115
213.8390996248437 1.427117837074118
214.0892038349312 1.427119818336655
214.3393080450188 1.427121796701961
214.5894122551063 1.427123772175196
214.8395164651938 1.427125744761443
215.0896206752814 1.427127714465711
215.3397248853689 1.427129681292935
215.5898290954565 1.427131645247973
215.839933305544 1.427133606335609
216.0900375156315 1.427135564560552
216.340141725719 1.427137519927433
216.5902459358066 1.427139472440813
216.8403501458941 1.427141422105172
217.0904543559816 1.427143368924919
217.3405585660692 1.427145312904387
217.5906627761567 1.427147254047833
217.8407669862443 1.427149192359439
218.0908711963318 1.427151127843311
218.3409754064193 1.427153060503482
218.5910796165069 1.427154990343908
218.8411838265944 1.427156917368472
219.091288036682 1.427158841580978
219.3413922467695 1.427160762985158
219.591496456857 1.427162681584668
219.8416006669446 1.427164597383089
220.0917048770321 1.427166510383926
220.3418090871196 1.427168420590609
220.5919132972072 1.427170329106199
220.8420175072947 1.427172236718793
221.0921217173822 1.427174141692513
221.3422259274698 1.427176044033649
221.5923301375573 1.427177943748447
221.8424343476449 1.427179840843102
222.0925385577324 1.427181735323764
222.3426427678199 1.427183627196534
222.5927469779075 1.427185516467468
222.842851187995 1.427187403142574
223.0929553980825 1.427189287227811
223.3430596081701 1.427191168729092
223.5931638182576 1.427193047652283
223.8432680283451 1.427194924003202
224.0933722384327 1.427196797787621
224.3434764485202 1.427198669011263
224.5935806586077 1.427200537679805
224.8436848686953 1.427202403798876
225.0937890787828 1.427204267374058
225.3438932888704 1.427206128410887
225.5939974989579 1.427207986914849
225.8441017090454 1.427209842891385
226.094205919133 1.427211696345887
226.3443101292205 1.427213547283702
226.594414339308 1.427215395710128
226.8445185493956 1.427217241630416
227.0946227594831 1.427219085049769
227.3447269695706 1.427220925973345
227.5948311796582 1.427222764406252
227.8449353897457 1.427224600353553
228.0950395998333 1.427226433820263
228.3451438099208 1.427228264811348
228.5952480200083 1.42723009333173
228.8453522300959 1.427231919386281
229.0954564401834 1.427233742979827
229.345560650271 1.427235564117145
229.5956648603585 1.427237382802969
229.845769070446 1.42723919904198
230.0958732805336 1.427241012838817
230.3459774906211 1.427242824198067
230.5960817007086 1.427244633124273
230.8461859107962 1.427246439621931
231.0962901208837 1.427248243695487
231.3463943309712 1.427250045349341
231.5964985410588 1.427251844587847
231.8466027511463 1.42725364141531
232.0967069612338 1.427255435835989
232.3468111713214 1.427257227854095
232.5969153814089 1.427259017473792
232.8470195914965 1.427260804699195
233.097123801584 1.427262589534375
233.3472280116715 1.427264371983354
233.5973322217591 1.427266152050106
233.8474364318466 1.427267929738559
234.0975406419341 1.427269705052593
234.3476448520217 1.427271477996041
234.5977490621092 1.427273248572689
234.8478532721967 1.427275016786275
235.0979574822843 1.42727678264049
235.3480616923718 1.427278546138979
235.5981659024594 1.427280307285337
235.8482701125469 1.427282066083114
236.0983743226344 1.427283822535812
236.348478532722 1.427285576646886
236.5985827428095 1.427287328419743
236.848686952897 1.427289077857743
237.0987911629846 1.427290824964201
237.3488953730721 1.42729256974238
237.5989995831596 1.4272943121955
237.8491037932472 1.427296052326732
238.0992080033347 1.427297790139199
238.3493122134223 1.427299525635978
238.5994164235098 1.427301258820099
238.8495206335973 1.427302989694544
239.0996248436849 1.427304718481672
239.3497290537724 1.427306446856737
239.5998332638599 1.427308173034437
239.8499374739475 1.427309897019825
240.100041684035 1.427311618817929
240.3501458941226 1.427313338433748
240.6002501042101 1.427315055872255
240.8503543142976 1.427316771138393
241.1004585243851 1.427318484237081
241.3505627344727 1.427320195173209
241.6006669445602 1.42732190395164
241.8507711546478 1.42732361057721
242.1008753647353 1.427325315054728
242.3509795748228 1.427327017388974
242.6010837849104 1.427328717584703
242.8511879949979 1.427330415646642
243.1012922050855 1.42733211157949
243.351396415173 1.427333805387919
243.6015006252605 1.427335497076575
243.8516048353481 1.427337186650074
244.1017090454356 1.427338874113008
244.3518132555231 1.42734055946994
244.6019174656107 1.427342242725404
244.8520216756982 1.427343923883911
245.1021258857857 1.427345602949942
245.3522300958733 1.42734727992795
245.6023343059608 1.427348954822362
245.8524385160484 1.427350627637579
246.1025427261359 1.427352298377971
246.3526469362234 1.427353967047885
246.602751146311 1.427355633651638
246.8528553563985 1.42735729819352
247.102959566486 1.427358960677795
247.3530637765736 1.427360621108699
247.6031679866611 1.42736227949044
247.8532721967486 1.4273639358272
248.1033764068362 1.427365590123133
248.3534806169237 1.427367242382365
248.6035848270112 1.427368892608998
248.8536890370988 1.427370540807102
249.1037932471863 1.427372186980722
249.3538974572739 1.427373831133878
249.6040016673614 1.427375473270559
249.8541058774489 1.427377113394728
250.1042100875365 1.427378751510322
250.354314297624 1.42738038762125
250.6044185077116 1.427382021731392
250.8545227177991 1.427383653844603
251.1046269278866 1.427385283964711
251.3547311379741 1.427386912095514
251.6048353480617 1.427388538240785
251.8549395581492 1.427390162404269
252.1050437682368 1.427391784589685
252.3551479783243 1.427393404800722
252.6052521884118 1.427395023041045
252.8553563984994 1.427396639314288
253.1054606085869 1.427398253624062
253.3555648186745 1.427399865973948
253.605669028762 1.427401476367498
253.8557732388495 1.427403084808243
254.1058774489371 1.427404691299679
254.3559816590246 1.427406295845281
254.6060858691121 1.427407898448493
254.8561900791997 1.427409499112734
255.1062942892872 1.427411097841393
255.3563984993747 1.427412694637835
255.6065027094623 1.427414289505395
255.8566069195498 1.427415882447383
256.1067111296373 1.42741747346708
256.3568153397249 1.42741906256774
256.6069195498124 1.427420649752591
256.8570237599 1.427422235024832
257.1071279699875 1.427423818387635
257.357232180075 1.427425399844147
257.6073363901626 1.427426979397485
257.8574406002501 1.427428557886939
258.1075448103376 1.427430134693044
258.3576490204252 1.427431709655727
258.6077532305127 1.427433282779091
258.8578574406002 1.427434854067218
259.1079616506878 1.427436423524176
259.3580658607753 1.427437991154013
259.6081700708629 1.42743955696076
259.8582742809504 1.427441120948431
260.1083784910379 1.427442683121021
260.3584827011255 1.427444243482508
260.608586911213 1.427445802036853
260.8586911213005 1.427447358787999
261.1087953313881 1.427448913739871
261.3588995414756 1.427450466896376
261.6090037515631 1.427452018261404
261.8591079616507 1.427453567838828
262.1092121717382 1.4274551156325
262.3593163818257 1.42745666164626
262.6094205919133 1.427458205883924
262.8595248020008 1.427459748349297
263.1096290120884 1.427461289046159
263.3597332221759 1.42746282797828
263.6098374322634 1.427464365149405
263.859941642351 1.427465900563267
264.1100458524385 1.427467434223579
264.360150062526 1.427468966134036
264.6102542726136 1.427470496298317
264.8603584827011 1.42747202472008
265.1104626927886 1.427473551402969
265.3605669028762 1.42747507635061
265.6106711129638 1.427476599566608
265.8607753230513 1.427478121054554
266.1108795331388 1.427479640818019
266.3609837432264 1.427481158860558
266.6110879533139 1.427482675185707
266.8611921634014 1.427484189796987
267.1112963734889 1.427485702697896
267.3614005835765 1.42748721389192
267.611504793664 1.427488723382524
267.8616090037515 1.427490231173156
268.1117132138391 1.427491737267247
268.3618174239267 1.427493241668211
268.6119216340142 1.427494744379442
268.8620258441017 1.427496245404318
269.1121300541893 1.427497744746199
269.3622342642768 1.427499242408428
269.6123384743643 1.427500738394329
269.8624426844519 1.427502232707209
270.1125468945394 1.427503725350358
270.3626511046269 1.427505216327047
270.6127553147144 1.42750670564053
270.862859524802 1.427508193294043
271.1129637348895 1.427509679290806
271.363067944977 1.42751116363402
271.6131721550646 1.427512646326868
271.8632763651522 1.427514127372515
272.1133805752397 1.42751560677411
272.3634847853272 1.427517084534783
272.6135889954148 1.427518560657647
272.8636932055023 1.427520035145796
273.1137974155898 1.42752150800231
273.3639016256774 1.427522979230246
273.6140058357649 1.427524448832648
273.8641100458524 1.42752591681254
274.11421425594 1.427527383172928
274.3643184660275 1.427528847916803
274.6144226761151 1.427530311047134
274.8645268862026 1.427531772566877
275.1146310962901 1.427533232478967
275.3647353063777 1.427534690786323
275.6148395164652 1.427536147491846
275.8649437265527 1.427537602598418
276.1150479366403 1.427539056108906
276.3651521467278 1.42754050857275
276.6152563568153 1.427541959902504
276.8653605669029 1.427543409675326
277.1154647769904 1.42754485789443
277.3655689870779 1.427546304563012
277.6156731971655 1.427547749684257
277.865777407253 1.427549193261333
278.1158816173406 1.427550635297392
278.3659858274281 1.42755207579557
278.6160900375156 1.42755351475899
278.8661942476032 1.427554952190757
279.1162984576907 1.427556388093964
279.3664026677782 1.427557822471686
279.6165068778658 1.427559255326982
279.8666110879533 1.4275606866629
280.1167152980408 1.427562116482467
280.3668195081284 1.427563544788698
280.6169237182159 1.427564971584593
280.8670279283035 1.427566396873136
281.117132138391 1.427567820657293
281.3672363484785 1.42756924294002
281.6173405585661 1.427570663724254
281.8674447686536 1.427572083012916
282.1175489787411 1.427573500808915
282.3676531888287 1.427574917115141
282.6177573989162 1.427576331934471
282.8678616090037 1.427577745269767
283.1179658190913 1.427579157123873
283.3680700291788 1.427580567499622
283.6181742392664 1.427581976399827
283.8682784493539 1.427583383827288
284.1183826594414 1.42758478978479
284.368486869529 1.427586194275101
284.6185910796165 1.427587597300977
284.868695289704 1.427588998865154
285.1187994997916 1.427590398970357
285.3689037098791 1.427591797619292
285.6190079199666 1.427593194814653
285.8691121300542 1.427594590559116
286.1192163401417 1.427595984855344
286.3693205502292 1.427597377705982
286.6194247603168 1.427598769113662
286.8695289704044 1.427600159080999
287.1196331804919 1.427601547610595
287.3697373905794 1.427602934705033
287.6198416006669 1.427604320366885
287.8699458107545 1.427605704598703
288.120050020842 1.427607087403028
288.3701542309295 1.427608468782383
288.6202584410171 1.427609848739277
288.8703626511046 1.427611227276202
289.1204668611921 1.427612604395637
289.3705710712797 1.427613980100044
289.6206752813673 1.42761535439187
289.8707794914548 1.427616727273546
290.1208837015423 1.42761809874749
290.3709879116299 1.427619468816103
290.6210921217174 1.427620837481769
290.8711963318049 1.42762220474686
291.1213005418925 1.427623570613731
291.37140475198 1.427624935084721
291.6215089620675 1.427626298162156
291.871613172155 1.427627659848343
292.1217173822426 1.427629020145578
292.3718215923301 1.427630379056137
292.6219258024176 1.427631736582285
292.8720300125052 1.427633092726269
293.1221342225928 1.427634447490322
293.3722384326803 1.427635800876661
293.6223426427678 1.427637152887488
293.8724468528554 1.427638503524988
294.1225510629429 1.427639852791334
294.3726552730304 1.427641200688681
294.622759483118 1.427642547219169
294.8728636932055 1.427643892384923
295.122967903293 1.427645236188054
295.3730721133805 1.427646578630656
295.6231763234681 1.427647919714808
295.8732805335557 1.427649259442574
296.1233847436432 1.427650597816001
296.3734889537307 1.427651934837125
296.6235931638183 1.427653270507961
296.8736973739058 1.427654604830513
297.1238015839933 1.427655937806768
297.3739057940809 1.427657269438698
297.6240100041684 1.427658599728258
297.8741142142559 1.427659928677391
298.1242184243435 1.427661256288022
298.374322634431 1.427662582562061
298.6244268445186 1.427663907501404
298.8745310546061 1.42766523110793
299.1246352646936 1.427666553383504
299.3747394747812 1.427667874329975
299.6248436848687 1.427669193949177
299.8749478949562 1.427670512242929
300.1250521050438 1.427671829213033
300.3751563151313 1.427673144861277
300.6252605252188 1.427674459189434
300.8753647353064 1.427675772199261
301.1254689453939 1.427677083892499
301.3755731554814 1.427678394270876
301.625677365569 1.427679703336102
301.8757815756565 1.427681011089874
302.1258857857441 1.427682317533871
302.3759899958316 1.427683622669759
302.6260942059191 1.427684926499188
302.8761984160067 1.427686229023791
303.1263026260942 1.42768753024519
303.3764068361817 1.427688830164986
303.6265110462693 1.427690128784769
303.8766152563568 1.427691426106111
304.1267194664443 1.427692722130572
304.3768236765319 1.427694016859692
304.6269278866194 1.427695310295
304.877032096707 1.427696602438006
305.1271363067945 1.427697893290209
305.377240516882 1.427699182853088
305.6273447269696 1.42770047112811
305.8774489370571 1.427701758116724
306.1275531471446 1.427703045386263
306.3776573572322 1.42770433151421
306.6277615673197 1.427705616411888
306.8778657774072 1.427706900081392
307.1279699874948 1.427708182524807
307.3780741975824 1.427709463744205
307.6281784076699 1.427710743741649
307.8782826177574 1.427712022519187
308.1283868278449 1.427713300078858
308.3784910379325 1.42771457642269
308.62859524802 1.427715851552698
308.8786994581075 1.427717125470887
309.1288036681951 1.42771839817925
309.3789078782826 1.427719669679767
309.6290120883701 1.427720939974409
309.8791162984577 1.427722209065135
310.1292205085452 1.427723476953892
310.3793247186327 1.427724743642616
310.6294289287203 1.42772600913323
310.8795331388079 1.427727273427649
311.1296373488954 1.427728536527774
311.3797415589829 1.427729798435495
311.6298457690705 1.42773105915269
311.879949979158 1.427732318681227
312.1300541892455 1.427733577022962
312.380158399333 1.427734834179739
312.6302626094206 1.427736090153392
312.8803668195081 1.427737344945742
313.1304710295956 1.427738598558599
313.3805752396832 1.427739850993763
313.6306794497708 1.42774110225302
313.8807836598583 1.427742352338147
314.1308878699458 1.427743601250907
314.3809920800334 1.427744848993056
314.6310962901209 1.427746095566333
314.8812005002084 1.42774734097247
315.131304710296 1.427748585213185
315.3814089203835 1.427749828290186
315.631513130471 1.427751070205169
315.8816173405586 1.427752310959819
316.1317215506461 1.427753550555809
316.3818257607336 1.427754788994801
316.6319299708211 1.427756026278444
316.8820341809087 1.427757262408379
317.1321383909963 1.427758497386233
317.3822426010838 1.427759731213622
317.6323468111713 1.427760963892151
317.8824510212589 1.427762195423413
318.1325552313464 1.42776342580899
318.3826594414339 1.427764655050452
318.6327636515215 1.427765883149359
318.882867861609 1.427767110107259
319.1329720716965 1.427768335925687
319.3830762817841 1.427769560606169
319.6331804918716 1.427770784150218
319.8832847019592 1.427772006559336
320.1333889120467 1.427773227835013
320.3834931221342 1.42777444797873
320.6335973322218 1.427775666991953
320.8837015423093 1.427776884876138
321.1338057523968 1.427778101632732
321.3839099624844 1.427779317263167
321.6340141725719 1.427780531768866
321.8841183826594 1.427781745151239
322.134222592747 1.427782957411686
322.3843268028345 1.427784168551594
322.6344310129221 1.42778537857234
322.8845352230096 1.427786587475289
323.1346394330971 1.427787795261795
323.3847436431847 1.427789001933199
323.6348478532722 1.427790207490833
323.8849520633597 1.427791411936016
324.1350562734473 1.427792615270055
324.3851604835348 1.427793817494249
324.6352646936223 1.42779501860988
324.8853689037099 1.427796218618224
325.1354731137974 1.427797417520543
325.3855773238849 1.427798615318087
325.6356815339725 1.427799812012097
325.88578574406 1.427801007603799
326.1358899541476 1.427802202094411
326.3859941642351 1.427803395485137
326.6360983743226 1.427804587777173
326.8862025844102 1.427805778971699
327.1363067944977 1.427806969069888
327.3864110045852 1.427808158072898
327.6365152146728 1.427809345981878
327.8866194247603 1.427810532797964
328.1367236348478 1.427811718522283
328.3868278449354 1.427812903155947
328.6369320550229 1.427814086700059
328.8870362651105 1.42781526915571
329.137140475198 1.427816450523981
329.3872446852855 1.427817630805938
329.6373488953731 1.427818810002639
329.8874531054606 1.42781998811513
330.1375573155481 1.427821165144444
330.3876615256357 1.427822341091604
330.6377657357232 1.427823515957621
330.8878699458107 1.427824689743495
331.1379741558983 1.427825862450214
331.3880783659858 1.427827034078756
331.6381825760733 1.427828204630084
331.8882867861609 1.427829374105155
332.1383909962485 1.427830542504909
332.388495206336 1.42783170983028
332.6385994164235 1.427832876082185
332.888703626511 1.427834041261534
333.1388078365986 1.427835205369225
333.3889120466861 1.427836368406141
333.6390162567736 1.427837530373159
333.8891204668612 1.427838691271139
334.1392246769487 1.427839851100934
334.3893288870362 1.427841009863384
334.6394330971238 1.427842167559316
334.8895373072114 1.427843324189549
335.1396415172989 1.427844479754888
335.3897457273864 1.427845634256127
335.639849937474 1.427846788283713
335.8899541475615 1.427847942479226
336.140058357649 1.427849095668812
336.3901625677366 1.427850247853985
336.6402667778241 1.42785139903625
336.8903709879116 1.427852549217105
337.1404751979991 1.427853698398043
337.3905794080867 1.427854846580548
337.6406836181743 1.427855993766097
337.8907878282618 1.42785713995616
338.1408920383493 1.4278582851522
338.3909962484369 1.427859429355673
338.6411004585244 1.427860572568028
338.8912046686119 1.427861714790705
339.1413088786995 1.427862856025139
339.391413088787 1.427863996272758
339.6415172988745 1.427865135534981
339.8916215089621 1.42786627381322
340.1417257190496 1.427867411108882
340.3918299291371 1.427868547423365
340.6419341392247 1.427869682758061
340.8920383493122 1.427870817114352
341.1421425593998 1.427871950493617
341.3922467694873 1.427873082897225
341.6423509795748 1.427874214326539
341.8924551896624 1.427875344782914
342.1425593997499 1.427876474267698
342.3926636098374 1.427877602782233
342.642767819925 1.427878730327853
342.8928720300125 1.427879856905884
343.1429762401 1.427880982517646
343.3930804501876 1.427882107164452
343.6431846602751 1.427883230847607
343.8932888703627 1.427884353568409
344.1433930804502 1.427885475328149
344.3934972905377 1.427886596128111
344.6436015006253 1.427887715969572
344.8937057107128 1.4278888348538
345.1438099208003 1.42788995278206
345.3939141308879 1.427891069755604
345.6440183409754 1.427892185775683
345.8941225510629 1.427893300843536
346.1442267611505 1.427894414960398
346.394330971238 1.427895528127494
346.6444351813255 1.427896640346044
346.8945393914131 1.427897751617261
347.1446436015006 1.42789886194235
347.3947478115882 1.427899971322507
347.6448520216757 1.427901079758925
347.8949562317632 1.427902187252786
348.1450604418508 1.427903293805268
348.3951646519383 1.427904399417538
348.6452688620258 1.42790550409076
348.8953730721134 1.427906607826089
349.1454772822009 1.427907710624671
349.3955814922884 1.427908812487648
349.645685702376 1.427909913416153
349.8957899124635 1.427911013411312
350.1458941225511 1.427912112474244
350.3959983326386 1.427913210606062
350.6461025427261 1.42791430780787
350.8962067528137 1.427915404080766
351.1463109629012 1.427916499425839
351.3964151729887 1.427917593844174
351.6465193830763 1.427918687336847
351.8966235931638 1.427919779904926
352.1467278032513 1.427920871549474
352.3968320133389 1.427921962271544
352.6469362234265 1.427923052072185
352.897040433514 1.427924140952436
353.1471446436015 1.427925228913331
353.397248853689 1.427926315955897
353.6473530637766 1.42792740208115
353.8974572738641 1.427928487290104
354.1475614839516 1.427929571583763
354.3976656940392 1.427930654963124
354.6477699041267 1.427931737429177
354.8978741142142 1.427932818982906
355.1479783243018 1.427933899625285
355.3980825343893 1.427934979357285
355.6481867444768 1.427936058179866
355.8982909545644 1.427937136093982
356.148395164652 1.427938213100582
356.3984993747395 1.427939289200604
356.648603584827 1.427940364394982
356.8987077949146 1.427941438684642
357.1488120050021 1.427942512070501
357.3989162150896 1.427943584553472
357.6490204251771 1.427944656134458
357.8991246352647 1.427945726814358
358.1492288453522 1.427946796594059
358.3993330554397 1.427947865474446
358.6494372655273 1.427948933456394
358.8995414756149 1.427950000540771
359.1496456857024 1.427951066728439
359.3997498957899 1.427952132020251
359.6498541058775 1.427953196417054
359.899958315965 1.427954259919689
360.1500625260525 1.427955322528988
360.4001667361401 1.427956384245775
360.6502709462276 1.427957445070871
360.9003751563151 1.427958505005084
361.1504793664027 1.42795956404922
361.4005835764902 1.427960622204076
361.6506877865777 1.42796167947044
361.9007919966652 1.427962735849096
362.1508962067528 1.427963791340819
362.4010004168404 1.427964845946376
362.6511046269279 1.427965899666529
362.9012088370154 1.427966952502031
363.151313047103 1.427968004453629
363.4014172571905 1.427969055522064
363.651521467278 1.427970105708066
363.9016256773656 1.427971155012361
364.1517298874531 1.427972203435667
364.4018340975406 1.427973250978694
364.6519383076282 1.427974297642148
364.9020425177157 1.427975343426723
365.1521467278033 1.42797638833311
365.4022509378908 1.427977433284177
365.6523551479783 1.427978477756723
365.9024593580659 1.42797952139337
366.1525635681534 1.427980564195326
366.4026677782409 1.427981606163799
366.6527719883285 1.42798264729999
366.902876198416 1.427983687605096
367.1529804085035 1.42798472708031
367.4030846185911 1.427985765726824
367.6531888286786 1.427986803545821
367.9032930387662 1.427987840538482
368.1533972488537 1.427988876705987
368.4035014589412 1.427989912049505
368.6536056690288 1.427990946570208
368.9037098791163 1.427991980269259
369.1538140892038 1.42799301314782
369.4039182992914 1.427994045207046
369.6540225093789 1.42799507644809
369.9041267194664 1.427996106872101
370.154230929554 1.427997136480222
370.4043351396415 1.427998165273594
370.654439349729 1.427999193253353
370.9045435598166 1.42800022042063
371.1546477699041 1.428001246776553
371.4047519799917 1.428002272322246
371.6548561900792 1.428003297058828
371.9049604001667 1.428004320987415
372.1550646102543 1.428005344109118
372.4051688203418 1.428006366425044
372.6552730304293 1.428007387936296
372.9053772405169 1.428008408643973
373.1554814506044 1.42800942854917
373.4055856606919 1.428010447652978
373.6556898707795 1.428011465956482
373.905794080867 1.428012483460767
374.1558982909546 1.428013500166909
374.4060025010421 1.428014516075984
374.6561067111296 1.428015531189061
374.9062109212172 1.428016545507207
375.1563151313047 1.428017559031483
375.4064193413922 1.428018571762947
375.6565235514798 1.428019583702653
375.9066277615673 1.42802059485165
376.1567319716548 1.428021605210984
376.4068361817424 1.428022614781697
376.6569403918299 1.428023623564825
376.9070446019174 1.428024631561401
377.157148812005 1.428025638772455
377.4072530220926 1.428026645199011
377.6573572321801 1.428027650842091
377.9074614422676 1.42802865570271
378.1575656523551 1.428029659781882
378.4076698624427 1.428030663080615
378.6577740725302 1.428031665599913
378.9078782826177 1.428032667340777
379.1579824927053 1.428033668304201
379.4080867027928 1.42803466849118
379.6581909128803 1.4280356679027
379.9082951229679 1.428036666539744
380.1583993330555 1.428037664403294
380.408503543143 1.428038661494324
380.6586077532305 1.428039657813805
380.9087119633181 1.428040653362706
381.1588161734056 1.428041648141989
381.4089203834931 1.428042642152613
381.6590245935807 1.428043635395533
381.9091288036682 1.428044627871701
382.1592330137557 1.428045619582062
382.4093372238432 1.428046610527559
382.6594414339308 1.428047600709132
382.9095456440184 1.428048590127714
383.1596498541059 1.428049578784236
383.4097540641934 1.428050566679623
383.659858274281 1.428051553814798
383.9099624843685 1.428052540190679
384.160066694456 1.42805352580818
384.4101709045436 1.42805451066821
384.6602751146311 1.428055494771675
384.9103793247186 1.428056478119476
385.1604835348062 1.428057460712511
385.4105877448937 1.428058442551673
385.6606919549812 1.428059423637852
385.9107961650688 1.428060403971932
386.1609003751563 1.428061383554794
386.4110045852439 1.428062362387315
386.6611087953314 1.428063340470367
386.9112130054189 1.42806431780482
387.1613172155065 1.428065294391538
387.411421425594 1.42806627023138
387.6615256356815 1.428067245325204
387.9116298457691 1.428068219673862
388.1617340558566 1.428069193278201
388.4118382659441 1.428070166139065
388.6619424760317 1.428071138257295
388.9120466861192 1.428072109633725
389.1621508962068 1.428073080269188
389.4122551062943 1.42807405016451
389.6623593163818 1.428075019320516
389.9124635264694 1.428075987738024
390.1625677365569 1.42807695541785
390.4126719466444 1.428077922360804
390.662776156732 1.428078888567694
390.9128803668195 1.428079854039322
391.162984576907 1.428080818776487
391.4130887869946 1.428081782779983
391.6631929970821 1.4280827460506
391.9132972071696 1.428083708589126
392.1634014172572 1.428084670396343
392.4135056273447 1.428085631473027
392.6636098374323 1.428086591819954
392.9137140475198 1.428087551437893
393.1638182576073 1.428088510327611
393.4139224676949 1.428089468489868
393.6640266777824 1.428090425925421
393.9141308878699 1.428091382635026
394.1642350979575 1.42809233861943
394.414339308045 1.428093293879379
394.6644435181325 1.428094248415615
394.9145477282201 1.428095202291753
395.1646519383076 1.428096156002813
395.4147561483952 1.42809710901146
395.6648603584827 1.42809806131868
395.9149645685702 1.428099012925457
396.1650687786578 1.428099963832773
396.4151729887453 1.428100914041605
396.6652771988328 1.428101863552929
396.9153814089204 1.42810281236772
397.1654856190079 1.428103760486947
397.4155898290954 1.428104707911579
397.665694039183 1.42810565464258
397.9157982492706 1.428106600680913
398.1659024593581 1.428107546027539
398.4160066694456 1.428108490683415
398.6661108795331 1.428109434649494
398.9162150896207 1.42811037792673
399.1663192997082 1.428111320516072
399.4164235097957 1.428112262418466
399.6665277198833 1.428113203634856
399.9166319299708 1.428114144166184
400.1667361400583 1.428115084013389
400.4168403501459 1.428116023177406
400.6669445602334 1.428116961659169
400.9170487703209 1.42811789945961
401.1671529804085 1.428118836579654
401.4172571904961 1.42811977302023
401.6673614005836 1.428120708782258
401.9174656106711 1.42812164386666
402.1675698207587 1.428122578274352
402.4176740308462 1.42812351200625
402.6677782409337 1.428124445063266
402.9178824510212 1.428125377446309
403.1679866611088 1.428126309156287
403.4180908711963 1.428127240194103
403.6681950812838 1.428128170560659
403.9182992913714 1.428129100256854
404.168403501459 1.428130029283585
404.4185077115465 1.428130957641744
404.668611921634 1.428131885332223
404.9187161317216 1.42813281235591
405.1688203418091 1.428133738713691
405.4189245518966 1.428134664406448
405.6690287619842 1.428135589435062
405.9191329720717 1.428136513800412
406.1692371821592 1.428137437503371
406.4193413922468 1.428138360544812
406.6694456023343 1.428139282925605
406.9195498124218 1.428140204646617
407.1696540225093 1.428141125708712
407.4197582325969 1.428142046112753
407.6698624426845 1.428142965859597
407.919966652772 1.428143884950102
408.1700708628595 1.428144803385122
408.4201750729471 1.428145721165507
408.6702792830346 1.428146638292106
408.9203834931221 1.428147554765765
409.1704877032097 1.428148470587327
409.4205919132972 1.428149385757633
409.6706961233847 1.428150300277519
409.9208003334723 1.428151214147823
410.1709045435598 1.428152127369376
410.4210087536474 1.428153039943008
410.6711129637349 1.428153951869546
410.9212171738224 1.428154863149814
411.17132138391 1.428155773784636
411.4214255939975 1.42815668377483
411.671529804085 1.428157593121213
411.9216340141726 1.428158501824598
412.1717382242601 1.428159409885798
412.4218424343476 1.42816031730562
412.6719466444352 1.428161224084871
412.9220508545227 1.428162130224353
413.1721550646103 1.428163035724869
413.4222592746978 1.428163940587216
413.6723634847853 1.428164844812188
413.9224676948729 1.42816574840058
414.1725719049604 1.42816665135318
414.4226761150479 1.428167553670777
414.6727803251355 1.428168455354156
414.922884535223 1.428169356404097
415.1729887453105 1.428170256821382
415.4230929553981 1.428171156606786
415.6731971654856 1.428172055761083
415.9233013755731 1.428172954285046
416.1734055856607 1.428173852179443
416.4235097957482 1.428174749445041
416.6736140058358 1.428175646082602
416.9237182159233 1.428176542092888
417.1738224260108 1.428177437476657
417.4239266360984 1.428178332234664
417.6740308461859 1.428179226367663
417.9241350562734 1.428180119876403
418.174239266361 1.428181012761633
418.4243434764485 1.428181905024097
418.674447686536 1.428182796664538
418.9245518966236 1.428183687683695
419.1746561067112 1.428184578082305
419.4247603167987 1.428185467861103
419.6748645268862 1.42818635702082
419.9249687369737 1.428187245562184
420.1750729470613 1.428188133485924
420.4251771571488 1.428189020792762
420.6752813672363 1.42818990748342
420.9253855773239 1.428190793558615
421.1754897874114 1.428191679019064
421.4255939974989 1.428192563865479
421.6756982075865 1.428193448098572
421.925802417674 1.42819433171905
422.1759066277615 1.428195214727617
422.4260108378491 1.428196097124977
422.6761150479367 1.42819697891183
422.9262192580242 1.428197860088872
423.1763234681117 1.428198740656798
423.4264276781992 1.4281996206163
423.6765318882868 1.428200499968067
423.9266360983743 1.428201378712785
424.1767403084618 1.42820225685114
424.4268445185494 1.428203134383811
424.6769487286369 1.428204011605157
424.9270529387244 1.428204888537216
425.177157148812 1.4282057648773
425.4272613588996 1.42820664062618
425.6773655689871 1.428207515784625
425.9274697790746 1.428208390353401
426.1775739891622 1.428209264333272
426.4276781992497 1.428210137724998
426.6777824093372 1.428211010529339
426.9278866194248 1.428211882747053
427.1779908295123 1.428212754378893
427.4280950395998 1.428213625425612
427.6781992496873 1.428214495887959
427.9283034597749 1.428215365766683
428.1784076698625 1.428216235062529
428.42851187995 1.42821710377624
428.6786160900375 1.428217971908556
428.9287203001251 1.428218839460216
429.1788245102126 1.428219706431956
429.4289287203001 1.42822057282451
429.6790329303877 1.42822143863861
429.9291371404752 1.428222303874984
430.1792413505627 1.428223168534359
430.4293455606503 1.428224032617461
430.6794497707378 1.428224896125011
430.9295539808253 1.428225759057729
431.1796581909129 1.428226621416333
431.4297624010004 1.428227483201539
431.679866611088 1.428228344414059
431.9299708211755 1.428229205054604
432.180075031263 1.428230065123883
432.4301792413506 1.428230924622601
432.6802834514381 1.428231783551464
432.9303876615256 1.428232641911171
433.1804918716132 1.428233499702423
433.4305960817007 1.428234356925915
433.6807002917882 1.428235213582344
433.9308045018758 1.428236069672402
434.1809087119633 1.428236925196777
434.4310129220509 1.428237780156158
434.6811171321384 1.428238634551231
434.9312213422259 1.428239488382678
435.1813255523135 1.42824034165118
435.431429762401 1.428241194357416
435.6815339724885 1.428242046502061
435.9316381825761 1.42824289808579
436.1817423926636 1.428243749109275
436.4318466027511 1.428244599573184
436.6819508128387 1.428245449478185
436.9320550229262 1.428246298824941
437.1821592330137 1.428247147614117
437.4322634431013 1.42824799584637
437.6823676531888 1.42824884352236
437.9324718632764 1.428249690642741
438.1825760733639 1.428250537208167
438.4326802834514 1.428251383219288
438.682784493539 1.428252228676754
438.9328887036265 1.42825307358121
439.182992913714 1.4282539179333
439.4330971238016 1.428254761733666
439.6832013338891 1.428255604982946
439.9333055439766 1.428256447681779
440.1834097540642 1.428257289830798
440.4335139641517 1.428258131430636
440.6836181742393 1.428258972481924
440.9337223843268 1.428259812985288
441.1838265944143 1.428260652941354
441.4339308045019 1.428261492350746
441.6840350145894 1.428262331214084
441.9341392246769 1.428263169531987
442.1842434347645 1.428264007305071
442.434347644852 1.428264844533949
442.6844518549395 1.428265681219234
442.9345560650271 1.428266517361535
443.1846602751147 1.428267352961459
443.4347644852022 1.428268188019611
443.6848686952897 1.428269022536592
443.9349729053773 1.428269856513003
444.1850771154648 1.428270689949442
444.4351813255523 1.428271522846505
444.6852855356398 1.428272355204784
444.9353897457274 1.428273187024869
445.1854939558149 1.428274018307351
445.4355981659024 1.428274849052815
445.68570237599 1.428275679261845
445.9358065860775 1.428276508935023
446.185910796165 1.428277338072928
446.4360150062526 1.428278166676137
446.6861192163402 1.428278994745224
446.9362234264277 1.428279822280763
447.1863276365152 1.428280649283323
447.4364318466028 1.428281475753472
447.6865360566903 1.428282301691776
447.9366402667778 1.428283127098797
448.1867444768653 1.428283951975098
448.4368486869529 1.428284776321235
448.6869528970404 1.428285600137766
448.9370571071279 1.428286423425245
449.1871613172155 1.428287246184222
449.4372655273031 1.428288068415249
449.6873697373906 1.428288890118871
449.9374739474781 1.428289711295633
450.1875781575657 1.428290531946078
450.4376823676532 1.428291352070746
450.6877865777407 1.428292171670175
450.9378907878283 1.4282929907449
451.1879949979158 1.428293809295455
451.4380992080033 1.42829462732237
451.6882034180909 1.428295444826174
451.9383076281784 1.428296261807394
452.1884118382659 1.428297078266553
452.4385160483534 1.428297894204172
452.688620258441 1.428298709620773
452.9387244685286 1.428299524516871
453.1888286786161 1.428300338892981
453.4389328887036 1.428301152749616
453.6890370987912 1.428301966087286
453.9391413088787 1.428302778906499
454.1892455189662 1.42830359120776
454.4393497290538 1.428304402991572
454.6894539391413 1.428305214258438
454.9395581492288 1.428306025008854
455.1896623593164 1.428306835243318
455.4397665694039 1.428307644962323
455.6898707794915 1.428308454166362
455.939974989579 1.428309262855924
456.1900791996665 1.428310071031495
456.4401834097541 1.428310878693561
456.6902876198416 1.428311685842603
456.9403918299291 1.428312492479104
457.1904960400167 1.428313298603539
457.4406002501042 1.428314104216385
457.6907044601917 1.428314909318115
457.9408086702793 1.4283157139092
458.1909128803668 1.428316517990109
458.4410170904544 1.428317321561308
458.6911213005419 1.428318124623261
458.9412255106294 1.42831892717643
459.191329720717 1.428319729221274
459.4414339308045 1.42832053075825
459.691538140892 1.428321331787814
459.9416423509796 1.428322132310418
460.1917465610671 1.428322932326511
460.4418507711546 1.428323731836542
460.6919549812422 1.428324530840957
460.9420591913297 1.428325329340199
461.1921634014172 1.428326127334709
461.4422676115048 1.428326924824925
461.6923718215923 1.428327721811283
461.9424760316799 1.428328518294219
462.1925802417674 1.428329314274164
462.4426844518549 1.428330109751547
462.6927886619425 1.428330904726795
462.94289287203 1.428331699200333
463.1929970821175 1.428332493172584
463.4431012922051 1.428333286643969
463.6932055022926 1.428334079614904
463.9433097123801 1.428334872085806
464.1934139224677 1.428335664057087
464.4435181325553 1.42833645552916
464.6936223426428 1.428337246502432
464.9437265527303 1.428338036977311
465.1938307628178 1.4283388269542
465.4439349729054 1.4283396164335
465.6940391829929 1.428340405415613
465.9441433930804 1.428341193900933
466.194247603168 1.428341981889858
466.4443518132555 1.428342769382779
466.694456023343 1.428343556380086
466.9445602334306 1.428344342882167
467.1946644435181 1.428345128889409
467.4447686536056 1.428345914402194
467.6948728636932 1.428346699420903
467.9449770737808 1.428347483945916
468.1950812838683 1.428348267977608
468.4451854939558 1.428349051516354
468.6952897040434 1.428349834562526
468.9453939141309 1.428350617116493
469.1954981242184 1.428351399178622
469.4456023343059 1.428352180749279
469.6957065443935 1.428352961828825
469.945810754481 1.428353742417622
470.1959149645685 1.428354522516026
470.4460191746561 1.428355302124395
470.6961233847437 1.428356081243081
470.9462275948312 1.428356859872435
471.1963318049187 1.428357638012806
471.4464360150063 1.428358415664541
471.6965402250938 1.428359192827984
471.9466444351813 1.428359969503476
472.1967486452689 1.428360746295558
472.4468528553564 1.428361523026825
472.6969570654439 1.428362299290909
472.9470612755315 1.428363075088312
473.197165485619 1.428363850419533
473.4472696957066 1.428364625285071
473.6973739057941 1.428365399685423
473.9474781158816 1.428366173621084
474.1975823259692 1.428366947092547
474.4476865360567 1.428367720100302
474.6977907461442 1.428368492644841
474.9478949562318 1.428369264726651
475.1979991663193 1.428370036346219
475.4481033764068 1.428370807504029
475.6982075864944 1.428371578200563
475.9483117965819 1.428372348436304
476.1984160066694 1.428373118211731
476.448520216757 1.428373887527321
476.6986244268445 1.428374656383551
476.9487286369321 1.428375424780894
477.1988328470196 1.428376192719824
477.4489370571071 1.428376960200812
477.6990412671947 1.428377727224326
477.9491454772822 1.428378493790834
478.1992496873697 1.428379259900802
478.4493538974573 1.428380025554694
478.6994581075448 1.428380790752972
478.9495623176323 1.428381555496096
479.1996665277199 1.428382319784527
479.4497707378074 1.42838308361872
479.699874947895 1.428383846999131
479.9499791579825 1.428384609926215
480.20008336807 1.428385372400422
480.4501875781576 1.428386134422204
480.7002917882451 1.428386895992009
480.9503959983326 1.428387657110284
481.2005002084202 1.428388417777473
481.4506044185077 1.428389177994021
481.7007086285952 1.42838993776037
481.9508128386828 1.428390697076958
482.2009170487703 1.428391455944225
482.4510212588578 1.428392214362607
482.7011254689454 1.428392972332539
482.9512296790329 1.428393729854454
483.2013338891205 1.428394486928783
483.451438099208 1.428395243555957
483.7015423092955 1.428395999736403
483.9516465193831 1.428396755470547
484.2017507294706 1.428397510758814
484.4518549395581 1.428398265601627
484.7019591496457 1.428399019999408
484.9520633597332 1.428399773952574
485.2021675698207 1.428400527461545
485.4522717799083 1.428401280526737
485.7023759899958 1.428402033148562
485.9524802000834 1.428402785327434
486.2025844101709 1.428403537063765
486.4526886202584 1.428404288357962
486.702792830346 1.428405039210434
486.9528970404335 1.428405789621585
487.203001250521 1.428406539591821
487.4531054606086 1.428407289121543
487.7032096706961 1.428408038211151
487.9533138807836 1.428408786861046
488.2034180908712 1.428409535071623
488.4535223009588 1.428410282843278
488.7036265110463 1.428411030176405
488.9537307211338 1.428411777071396
489.2038349312214 1.428412523528641
489.4539391413089 1.428413269548528
489.7040433513964 1.428414015131445
489.9541475614839 1.428414760277776
490.2042517715715 1.428415504987905
490.454355981659 1.428416249262214
490.7044601917465 1.428416993101082
490.9545644018341 1.428417736504888
491.2046686119216 1.428418479474008
491.4547728220091 1.428419222008817
491.7048770320967 1.428419964109688
491.9549812421843 1.428420705776992
492.2050854522718 1.4284214470111
492.4551896623593 1.428422187812379
492.7052938724469 1.428422928181194
492.9553980825344 1.428423668117912
493.2055022926219 1.428424407622894
493.4556065027095 1.428425146696502
493.705710712797 1.428425885339095
493.9558149228845 1.428426623551031
494.205919132972 1.428427361332665
494.4560233430596 1.428428098684352
494.7061275531472 1.428428835606444
494.9562317632347 1.428429572099292
495.2063359733222 1.428430308163245
495.4564401834098 1.428431043798651
495.7065443934973 1.428431779005855
495.9566486035848 1.428432513785201
496.2067528136724 1.428433248137031
496.4568570237599 1.428433982061685
496.7069612338474 1.428434715559503
496.957065443935 1.428435448630821
497.2071696540225 1.428436181275976
497.45727386411 1.428436913495299
497.7073780741976 1.428437645289124
497.9574822842851 1.42843837665778
498.2075864943727 1.428439107601597
498.4576907044602 1.4284398381209
498.7077949145477 1.428440568216014
498.9578991246353 1.428441297887264
499.2080033347228 1.42844202713497
499.4581075448103 1.428442755959454
499.7082117548979 1.428443484361031
499.9583159649854 1.42844421234002
500.2084201750729 1.428444939896735
500.4585243851605 1.428445667031489
500.708628595248 1.428446393744593
500.9587328053356 1.428447120036356
501.2088370154231 1.428447845907088
501.4589412255106 1.428448571357093
501.7090454355982 1.428449296386677
501.9591496456857 1.428450020996141
502.2092538557732 1.428450745185788
502.4593580658608 1.428451468955915
502.7094622759483 1.428452192306822
502.9595664860358 1.428452915238804
503.2096706961234 1.428453637752154
503.4597749062109 1.428454359847166
503.7098791162985 1.42845508152413
503.959983326386 1.428455802783335
504.2100875364735 1.428456523625068
504.4601917465611 1.428457244049615
504.7102959566486 1.428457964057259
504.9604001667361 1.428458683648284
505.2105043768237 1.428459402822969
505.4606085869112 1.428460121581593
505.7107127969987 1.428460839924433
505.9608170070863 1.428461557851764
506.2109212171738 1.42846227536386
506.4610254272613 1.428462992460992
506.7111296373489 1.428463709143431
506.9612338474364 1.428464425411445
507.211338057524 1.428465141265302
507.4614422676115 1.428465856705264
507.711546477699 1.428466571731598
507.9616506877866 1.428467286344562
508.2117548978741 1.428468000544418
508.4618591079616 1.428468714331423
508.7119633180492 1.428469427705835
508.9620675281367 1.428470140667907
509.2121717382242 1.428470853217892
509.4622759483118 1.428471565356043
509.7123801583994 1.428472277082607
509.9624843684869 1.428472988397834
510.2125885785744 1.428473699301969
510.4626927886619 1.428474409795256
510.7127969987495 1.428475119877939
510.962901208837 1.428475829550258
511.2130054189245 1.428476538812453
511.4631096290121 1.42847724766476
511.7132138390996 1.428477956107416
511.9633180491871 1.428478664140655
512.2134222592747 1.428479371764709
512.4635264693623 1.428480078979809
512.7136306794498 1.428480785786184
512.9637348895372 1.428481492184061
513.2138390996248 1.428482198173665
513.4639433097124 1.42848290375522
513.7140475197999 1.428483608928949
513.9641517298875 1.428484313695072
514.214255939975 1.428485018053806
514.4643601500625 1.428485722005371
514.71446436015 1.428486425549979
514.9645685702376 1.428487128687846
515.2146727803251 1.428487831419182
515.4647769904127 1.428488533744198
515.7148812005003 1.428489235663102
515.9649854105877 1.428489937176101
516.2150896206753 1.428490638283399
516.4651938307628 1.428491338985201
516.7152980408504 1.428492039281706
516.9654022509379 1.428492739173116
517.2155064610254 1.428493438659628
517.4656106711129 1.428494137741438
517.7157148812005 1.428494836418742
517.965819091288 1.428495534691731
518.2159233013756 1.428496232560597
518.4660275114632 1.42849693002553
518.7161317215506 1.428497627086718
518.9662359316382 1.428498323744345
519.2163401417257 1.428499019998598
519.4664443518133 1.428499715849658
519.7165485619008 1.428500412073049
519.9666527719884 1.428501108242288
520.2167569820758 1.428501804030392
520.4668611921634 1.428502499437722
520.7169654022509 1.428503194464637
520.9670696123385 1.428503889111494
521.217173822426 1.428504583378651
521.4672780325135 1.428505277266461
521.717382242601 1.428505970775282
521.9674864526886 1.428506663905464
522.2175906627762 1.428507356657362
522.4676948728637 1.428508049031327
522.7177990829513 1.428508741027708
522.9679032930387 1.428509432646854
523.2180075031263 1.428510123889115
523.4681117132138 1.428510814754836
523.7182159233014 1.428511505244365
523.9683201333889 1.428512195358044
524.2184243434765 1.42851288509622
524.4685285535639 1.428513574459234
524.7186327636515 1.428514263447427
524.9687369737391 1.428514952061142
525.2188411838266 1.428515640300716
525.4689453939142 1.428516328166488
525.7190496040016 1.428517015658796
525.9691538140892 1.428517702777976
526.2192580241767 1.428518389524363
526.4693622342643 1.428519075898292
526.7194664443518 1.428519761900095
526.9695706544394 1.428520447530104
527.2196748645268 1.42852113278865
527.4697790746144 1.428521817676064
527.719883284702 1.428522502192673
527.9699874947895 1.428523186338806
528.2200917048771 1.428523870114789
528.4701959149646 1.428524553520948
528.7203001250521 1.428525236557606
528.9704043351396 1.428525919225089
529.2205085452272 1.428526601523717
529.4706127553147 1.428527283453811
529.7207169654023 1.428527965015693
529.9708211754897 1.428528646209682
530.2209253855773 1.428529327036094
530.4710295956648 1.428530007495248
530.7211338057524 1.428530687587459
530.97123801584 1.428531367313041
531.2213422259275 1.428532046672309
531.471446436015 1.428532725665576
531.7215506461025 1.428533404293152
531.9716548561901 1.428534082555348
532.2217590662776 1.428534760452474
532.4718632763652 1.428535437984837
532.7219674864527 1.428536115152746
532.9720716965402 1.428536791956507
533.2221759066277 1.428537468396424
533.4722801167153 1.428538144472802
533.7223843268029 1.428538820185943
533.9724885368904 1.428539495536149
534.2225927469779 1.428540170523722
534.4726969570654 1.428540845148961
534.722801167153 1.428541519412164
534.9729053772405 1.42854219331363
535.2230095873281 1.428542866853654
535.4731137974156 1.428543540032533
535.7232180075031 1.42854421285056
535.9733222175906 1.428544885308029
536.2234264276782 1.428545557405233
536.4735306377657 1.428546229142461
536.7236348478533 1.428546900520005
536.9737390579409 1.428547571538153
537.2238432680283 1.428548242197193
537.4739474781159 1.428548912497413
537.7240516882034 1.428549582439097
537.974155898291 1.428550252022531
538.2242601083785 1.428550921247998
538.474364318466 1.428551590115781
538.7244685285535 1.428552258626161
538.9745727386411 1.428552926779418
539.2246769487286 1.428553594575833
539.4747811588162 1.428554262015683
539.7248853689038 1.428554929099245
539.9749895789912 1.428555595826796
540.2250937890788 1.42855626219861
540.4751979991663 1.428556928214961
540.7253022092539 1.428557593876123
540.9754064193414 1.428558259182368
541.2255106294289 1.428558924133964
541.4756148395164 1.428559588731184
541.725719049604 1.428560252974295
541.9758232596915 1.428560916863564
542.2259274697791 1.428561580399258
542.4760316798667 1.428562243581643
542.7261358899541 1.428562906410983
542.9762401000417 1.42856356888754
543.2263443101292 1.428564231011578
543.4764485202168 1.428564892783357
543.7265527303043 1.428565554203136
543.9766569403919 1.428566215271176
544.2267611504793 1.428566875987734
544.4768653605669 1.428567536353066
544.7269695706544 1.428568196367429
544.977073780742 1.428568856031076
545.2271779908295 1.428569515344262
545.477282200917 1.428570174307239
545.7273864110045 1.428570832920259
545.9774906210921 1.428571491183571
546.2275948311797 1.428572149097424
546.4776990412672 1.428572806662068
546.7278032513548 1.428573463877749
546.9779074614422 1.428574120744714
547.2280116715298 1.428574777263206
547.4781158816173 1.428575433433471
547.7282200917049 1.42857608925575
547.9783243017924 1.428576744730285
548.22842851188 1.428577399857318
548.4785327219674 1.428578054637088
548.728636932055 1.428578709069833
548.9787411421426 1.42857936315579
549.2288453522301 1.428580016895197
549.4789495623177 1.428580670288287
549.7290537724051 1.428581323335296
549.9791579824927 1.428581976036457
550.2292621925802 1.428582628392002
550.4793664026678 1.428583280402161
550.7294706127553 1.428583932067164
550.9795748228429 1.428584583387241
551.2296790329303 1.42858523436262
551.4797832430179 1.428585884993526
551.7298874531054 1.428586535280185
551.979991663193 1.428587185222822
552.2300958732806 1.428587834821661
552.4802000833681 1.428588484076924
552.7303042934556 1.428589132988831
552.9804085035431 1.428589781557604
553.2305127136307 1.428590429783461
553.4806169237182 1.428591077666621
553.7307211338058 1.428591725207301
553.9808253438932 1.428592372405716
554.2309295539808 1.428593019262081
554.4810337640683 1.428593665776611
554.7311379741559 1.428594311949517
554.9812421842435 1.428594957781012
555.231346394331 1.428595603271306
555.4814506044185 1.428596248420608
555.731554814506 1.428596893229128
555.9816590245936 1.428597537697071
556.2317632346811 1.428598181824646
556.4818674447687 1.428598825612056
556.7319716548562 1.428599469059506
556.9820758649437 1.428600112167199
557.2321800750312 1.428600754935336
557.4822842851188 1.42860139736412
557.7323884952064 1.428602039453749
557.9824927052939 1.428602681204422
558.2325969153814 1.428603322616338
558.4827011254689 1.428603963689692
558.7328053355565 1.42860460442468
558.982909545644 1.428605244821497
559.2330137557316 1.428605884880336
559.4831179658191 1.428606524601389
559.7332221759066 1.428607163984847
559.9833263859941 1.428607803030901
560.2334305960817 1.42860844173974
560.4835348061692 1.428609080111551
560.7336390162568 1.428609718146522
560.9837432263444 1.428610355844838
561.2338474364318 1.428610993206685
561.4839516465194 1.428611630232246
561.7340558566069 1.428612266921703
561.9841600666945 1.428612903275238
562.234264276782 1.428613539293032
562.4843684868695 1.428614174975264
562.734472696957 1.428614810322112
562.9845769070446 1.428615445333754
563.2346811171321 1.428616080010366
563.4847853272197 1.428616714352122
563.7348895373073 1.428617348359198
563.9849937473947 1.428617982031765
564.2350979574823 1.428618615369996
564.4852021675698 1.428619248374061
564.7353063776574 1.428619881044131
564.9854105877449 1.428620513380374
565.2355147978325 1.428621145382957
565.4856190079199 1.428621777052047
565.7357232180075 1.42862240838781
565.985827428095 1.428623039390409
566.2359316381826 1.428623670060009
566.4860358482701 1.428624300396771
566.7361400583576 1.428624930400856
566.9862442684451 1.428625560072426
567.2363484785327 1.42862618967048
567.4864526886203 1.428626819013065
567.7365568987078 1.428627448039863
567.9866611087954 1.428628076750876
568.2367653188828 1.428628705146102
568.4868695289704 1.428629333225542
568.7369737390579 1.428629960989195
568.9870779491455 1.428630588437062
569.237182159233 1.428631215569143
569.4872863693206 1.428631842385438
569.737390579408 1.428632468885947
569.9874947894956 1.428633095070669
570.2375989995832 1.428633720939605
570.4877032096707 1.428634346492755
570.7378074197583 1.428634971730118
570.9879116298457 1.428635596651695
571.2380158399333 1.428636221257487
571.4881200500208 1.428636845547491
571.7382242601084 1.42863746952171
571.9883284701959 1.428638093180142
572.2384326802835 1.428638716522788
572.4885368903709 1.428639339549648
572.7386411004585 1.428639962260722
572.9887453105461 1.428640584656009
573.2388495206336 1.42864120673551
573.4889537307212 1.428641828499225
573.7390579408087 1.428642449947153
573.9891621508962 1.428643071079295
574.2392663609837 1.428643691895652
574.4893705710713 1.428644312396221
574.7394747811588 1.428644932581005
574.9895789912464 1.428645552450002
575.2396832013338 1.428646172003213
575.4897874114214 1.428646791240638
575.7398916215089 1.428647410162276
575.9899958315965 1.428648028768129
576.2401000416841 1.428648647058195
576.4902042517716 1.428649265032474
576.7403084618591 1.428649882871603
576.9904126719466 1.428650500442702
577.2405168820342 1.428651117709255
577.4906210921217 1.428651734671264
577.7407253022093 1.428652351328727
577.9908295122968 1.428652967681646
578.2409337223843 1.428653583730018
578.4910379324718 1.428654199473846
578.7411421425594 1.428654814913129
578.991246352647 1.428655430047866
579.2413505627345 1.428656044878059
579.491454772822 1.428656659403706
579.7415589829095 1.428657273624808
579.9916631929971 1.428657887541364
580.2417674030846 1.428658501153376
580.4918716131722 1.428659114460843
580.7419758232597 1.428659727463764
580.9920800333472 1.42866034016214
581.2421842434347 1.428660952555971
581.4922884535223 1.428661564645257
581.7423926636098 1.428662176429998
581.9924968736974 1.428662787910193
582.242601083785 1.428663399085843
582.4927052938724 1.428664009956949
582.74280950396 1.428664620523509
582.9929137140475 1.428665230785523
583.2430179241351 1.428665840742993
583.4931221342226 1.428666450395918
583.7432263443101 1.428667059744297
583.9933305543976 1.428667668788131
584.2434347644852 1.42866827752742
584.4935389745727 1.428668885962164
584.7436431846603 1.428669494092363
584.9937473947479 1.428670101918016
585.2438516048353 1.428670709439124
585.4939558149229 1.428671316655687
585.7440600250104 1.428671923567705
585.994164235098 1.428672530175178
586.2442684451855 1.428673134258643
586.4943726552731 1.428673740662275
586.7444768653605 1.42867434676188
586.9945810754481 1.428674952557741
587.2446852855356 1.428675558050136
587.4947894956232 1.428676163239349
587.7448937057108 1.428676768125658
587.9949979157982 1.428677372709346
588.2451021258858 1.428677976990692
588.4952063359733 1.428678580969978
588.7453105460609 1.428679184647484
588.9954147561484 1.42867978802349
589.245518966236 1.428680391098279
589.4956231763234 1.42868099387213
589.745727386411 1.428681596345325
589.9958315964985 1.428682198518143
590.2459358065861 1.428682800390867
590.4960400166736 1.428683401963776
590.7461442267611 1.428684003237152
590.9962484368486 1.428684604211274
591.2463526469362 1.428685204886425
591.4964568570238 1.428685805262885
591.7465610671113 1.428686405340933
591.9966652771989 1.428687005120852
592.2467694872863 1.428687604602923
592.4968736973739 1.428688203787425
592.7469779074614 1.428688802674639
592.997082117549 1.428689401264847
593.2471863276365 1.428689999558329
593.4972905377241 1.428690597555366
593.7473947478115 1.428691195256239
593.9974989578991 1.428691792661228
594.2476031679867 1.428692389770614
594.4977073780742 1.428692986584678
594.7478115881618 1.428693583103701
594.9979157982492 1.428694179327963
595.2480200083368 1.428694775257746
595.4981242184243 1.42869537089333
595.7482284285119 1.428695962636862
595.9983326385994 1.428696553826112
596.248436848687 1.428697145015362
596.4985410587744 1.428697736204612
596.748645268862 1.428698327393862
596.9987494789495 1.428698918583112
597.2488536890371 1.428699509772362
597.4989578991247 1.428700100961612
597.7490621092122 1.428700692150862
597.9991663192997 1.428701283340112
598.2492705293872 1.428701874529362
598.4993747394748 1.428702465718612
598.7494789495623 1.428703056907862
598.9995831596499 1.428703648097112
599.2496873697373 1.428704239286362
599.4997915798249 1.428704830197038
599.7498957899124 1.428705296890036
600 1.428705296890321
