0 0
0.25 5.306258200327511e-42
0.5 4.891828260968277e-36
0.75 2.273978529267938e-12
1 6.346657171979566e-12
1.25 1.041933581469119e-11
1.5 1.449201445740281e-11
1.75 1.856469310011444e-11
2 2.263737174282606e-11
2.25 2.671005038553769e-11
2.5 3.078272902824931e-11
2.75 3.485540767096094e-11
3 3.892808631367256e-11
3.25 4.300076495638418e-11
3.5 4.707344359909581e-11
3.75 1.908947885905235e-09
4 7.201106752154199e-09
4.25 1.249326561840316e-08
4.5 6.502010687011475e-08
4.75 2.279921834632216e-07
5 9.619807559599374e-07
5.25 3.689156739772859e-06
5.5 1.671513253445945e-05
5.75 7.682629015667191e-05
6 0.0003696189203107601
6.25 0.001714642967247282
6.5 0.007104139577323244
6.75 0.02300823903777521
7 0.05234655688246472
7.25 0.08841703375664486
7.5 0.1249682400325603
7.75 0.1598824902946702
8 0.192833440833902
8.25 0.2239463355636719
8.5 0.2534293402694294
8.75 0.281477965172836
9 0.3082651618625966
9.25 0.3339420234462024
9.5 0.3586370272836999
9.75 0.3824600048393119
10 0.4055070810578319
10.25 0.4278625310380296
10.5 0.4495991080168005
10.75 0.4707798879666671
11 0.4914602484668923
11.25 0.5116891419353339
11.5 0.5315095445741589
11.75 0.55096023486243
12 0.5700746527617701
12.25 0.5888826625748641
12.5 0.6074123697555037
12.75 0.6256847849780722
13 0.6437235054425406
13.25 0.6615470454473343
13.5 0.6791727061908601
13.75 0.6966162647904437
14 0.7138916931733423
14.25 0.7310116369388544
14.5 0.7479875446557943
14.75 0.7648306180325118
15 0.7815500561228921
15.25 0.7981530673055031
15.5 0.8146483994005632
15.75 0.8310441865126509
16 0.8473465557260935
16.25 0.86356159725641
16.5 0.8796948061167988
16.75 0.8957514032001644
17 0.9117362217905844
17.25 0.9276534988585247
17.5 0.9435073425494215
17.75 0.9593015636370159
18 0.9750394281516843
18.25 0.9907243871526578
18.5 1.006359813133028
18.75 1.021947993734525
19 1.037490576369244
19.25 1.052990619586617
19.5 1.068451705036877
19.75 1.083874863602141
20 1.099262019586303
20.25 1.114614756594805
20.5 1.129935078766899
20.75 1.145224497793169
21 1.16048439078641
21.25 1.175716591980562
21.5 1.190922345848669
21.75 1.206102670158626
22 1.221258844516546
22.25 1.236391926175428
22.5 1.251503008741943
22.75 1.266593038292244
23 1.281662945474104
23.25 1.296713525969729
23.5 1.311745639822217
23.75 1.32676031557713
24 1.341758406705364
24.25 1.356740619159043
24.5 1.371706924173538
24.75 1.386657809414295
25 1.401593660239416
26 1.410938404979281
27 1.412810783084161
28 1.413876128549767
29 1.41461536861011
30 1.415178723212634
31 1.415632079884276
32 1.416010727932227
33 1.416334937195911
34 1.41661810809372
35 1.416869269555847
36 1.417094642946962
37 1.417298811593355
