476 1.424601465343525
477 1.424605262957051
478 1.424609052133443
479 1.424612832283988
480 1.424616603449707
481 1.424620365671182
482 1.424624118988555
483 1.424627863441526
484 1.42463159906936
485 1.424635325910878
486 1.424639044004463
487 1.424642753388059
488 1.424646454099168
489 1.424650146174854
490 1.42465382965174
491 1.424657504566012
492 1.424661170953412
493 1.424664828849245
494 1.424668478288377
495 1.424672119305231
496 1.424675751933794
497 1.42467937620761
498 1.424682992159786
499 1.424686599822986
500 1.424690199229437
501 1.424693790410926
502 1.424697373398799
503 1.424700948223963
504 1.424704514916885
505 1.424708073507592
506 1.424711624025671
507 1.424715166500272
508 1.424718700960101
509 1.424722227433426
510 1.424725745948078
511 1.424729256531442
512 1.42473275921047
513 1.424736254011671
514 1.424739740961112
515 1.424743220084425
516 1.4247466914068
517 1.424750154952985
518 1.424753610747293
519 1.424757058813592
520 1.424760499175315
521 1.424763931855453
522 1.424767356876556
523 1.424770774260735
524 1.424774184029665
525 1.424777586204575
526 1.424780980806258
527 1.424784367855068
528 1.424787747370916
529 1.424791122479004
530 1.424794490845935
531 1.424797851973961
532 1.42480120588712
533 1.42480455260945
534 1.42480789216499
535 1.424811224577779
536 1.424814549871855
537 1.424817868071255
538 1.424821179200019
539 1.424824483282185
540 1.424827780341791
541 1.424831070402876
542 1.424834353489479
543 1.424837629625636
544 1.424840898835387
545 1.424844161142771
546 1.424847416571825
547 1.424850665146588
548 1.424853906891098
549 1.424857141829395
550 1.424860369985515
551 1.424863591383498
552 1.424866806047382
553 1.424870014001205
554 1.424873215269006
555 1.424876409874823
556 1.424879597842695
557 1.424882779196659
558 1.424885953960755
559 1.42488912215902
560 1.424892283815494
561 1.424895438954213
562 1.424898587599218
563 1.424901729774546
564 1.424904865504235
565 1.424907994812324
566 1.424911117722852
567 1.424914234259857
568 1.424917344447376
569 1.42492044830945
570 1.424923545870115
571 1.42492663715341
572 1.424929722183374
573 1.424932800984045
574 1.424935873579462
575 1.424938899584352
575.25 1.424938899584352
575.5 1.424938899584352
575.75 1.424938899584352
576 1.424938899584349
576.25 1.424938899584345
576.5 1.424938899584341
576.75 1.424938899584337
577 1.424938899583323
577.25 1.424938899582303
577.5 1.424938899581283
577.75 1.424938899565916
578 1.424938899534058
578.25 1.4249388995022
578.5 1.424938899470342
578.75 1.424938899140319
579 1.424938898789932
579.25 1.424938898439545
579.5 1.42493889526405
579.75 1.424938887970594
580 1.424938880677138
580.25 1.424938873383681
580.5 1.424938866090225
580.75 1.424938858796769
581 1.424938851503312
581.25 1.42493883419559
581.5 1.42493879817081
581.75 1.42493876214603
582 1.42493872612125
582.25 1.424938690096471
582.5 1.424938654071691
582.75 1.424938618046911
583 1.424938588729389
583.25 1.424938575817032
583.5 1.424938562904676
583.75 1.424938549992319
584 1.424938537079963
584.25 1.424938524167606
584.5 1.42493851125525
584.75 1.424938498342893
585 1.424938485430536
585.25 1.42493847251818
585.5 1.424938459605823
585.75 1.424938446693467
586 1.42493843378111
586.25 1.424938420868754
586.5 1.424938407956397
586.75 1.424938395044041
587 1.424938382131684
587.25 1.424938369219327
587.5 1.424938356306971
587.75 1.424938343394614
588 1.424938330482258
588.25 1.424938317569901
588.5 1.424938304657545
588.75 1.424938299256408
589 1.424938299256273
589.25 1.424938299256139
589.5 1.424938299256004
589.75 1.424938299255869
590 1.424938299255735
590.25 1.4249382992556
590.5 1.424938299255465
590.75 1.424938299255331
591 1.424938299255196
591.25 1.424938299255061
591.5 1.424938299254927
591.75 1.424938299254792
592 1.424938299254658
592.25 1.424938299254523
592.5 1.424938299254388
592.75 1.424938299254254
593 1.424938299254119
593.25 1.424938299253984
593.5 1.42493829925385
593.75 1.424938299253715
594 1.42493829925358
594.25 1.424938299253446
594.5 1.424938298282358
594.75 1.424938297170309
595 1.42493829605826
595.25 1.424938294946211
595.5 1.424938293834162
595.75 1.424938292722113
596 1.424938291610065
596.25 1.424938290498015
596.5 1.424938289385967
596.75 1.424938288273918
597 1.424938287161869
597.25 1.42493828604982
597.5 1.424938284937771
597.75 1.424938283825722
598 1.424938282713673
598.25 1.424938281601624
598.5 1.424938280489575
598.75 1.424938279377526
599 1.424938278265477
599.25 1.424938277153428
599.5 1.424938276041379
599.75 1.42493827492933
600 1.424938273817282
600.25 1.424938272705233
600.5 1.424938271593184
600.75 1.424938270481135
601 1.424938269369086
601.25 1.424938268257037
601.5 1.424938267144988
601.75 1.424938266032939
602 1.42493826492089
602.25 1.424938263808841
602.5 1.424938262696792
602.75 1.424938261584743
603 1.424938260472694
603.25 1.424938259360645
603.5 1.424938258248596
603.75 1.424938257136548
604 1.424938256024499
604.25 1.42493825491245
604.5 1.424938253800401
604.75 1.424938252688352
605 1.424938251576303
605.25 1.424938250464254
605.5 1.424938249352205
605.75 1.424938248240156
606 1.424938247128107
606.25 1.424938246016058
606.5 1.424938244904009
606.75 1.42493824379196
607 1.424938242679911
607.25 1.424938241567862
607.5 1.424938240455814
607.75 1.424938239343764
608 1.424938238231716
608.25 1.424938237119667
608.5 1.424938236007618
608.75 1.424938234895569
609 1.42493823378352
609.25 1.424938232671471
609.5 1.424938231686792
609.75 1.424938231686791
610 1.42493823168679
610.25 1.424938231686789
610.5 1.424938231686788
610.75 1.424938231686786
611 1.424938231686785
611.25 1.424938231686784
611.5 1.424938231686783
611.75 1.424938231686782
612 1.424938231686781
612.25 1.42493823168678
612.5 1.424938231686779
612.75 1.424938231686778
613 1.424938231686777
613.25 1.424938231686776
613.5 1.424938231686775
613.75 1.424938231686774
614 1.424938231686773
614.25 1.424938231686772
614.5 1.42493823168677
614.75 1.42493823168677
615 1.424938231686768
615.25 1.424938231686767
615.5 1.424938231686766
615.75 1.424938231686765
616 1.424938231686764
616.25 1.424938231686763
616.5 1.424938231686762
616.75 1.424938231686761
617 1.42493823168676
617.25 1.424938231686759
617.5 1.424938231686758
617.75 1.424938231686757
618 1.424938231686755
618.25 1.424938231686754
618.5 1.424938231686753
618.75 1.424938231686752
619 1.424938231686751
619.25 1.42493823168675
619.5 1.424938231686749
619.75 1.424938231686748
620 1.424938231686747
620.25 1.424938231686746
620.5 1.424938231686745
620.75 1.424938231686744
621 1.424938231686743
621.25 1.424938231686742
621.5 1.42493823168674
621.75 1.424938231686739
622 1.424938231686738
622.25 1.424938231686737
622.5 1.424938231686736
622.75 1.424938231686735
623 1.424938231686734
623.25 1.424938231686733
623.5 1.424938231686732
623.75 1.424938231686731
624 1.42493823168673
624.25 1.424938231686729
624.5 1.424938231686728
624.75 1.424938231711097
625 1.424938590874733
626 1.424941651113711
627 1.42494470619422
628 1.424947755278242
629 1.424950798360279
630 1.424953835505751
631 1.424956866740616
632 1.424959892030998
633 1.424962911414602
634 1.424965924980675
635 1.424968932669452
636 1.424971934639984
637 1.424974935040505
638 1.424977929827748
639 1.424980919001714
640 1.4249839025624
641 1.424986880509809
642 1.42498985284394
643 1.424992819564793
644 1.424995780672367
645 1.424998736166664
646 1.425001686047682
647 1.425004630315423
648 1.425007568969885
649 1.425010502011069
650 1.425013429438975
651 1.425016351253603
652 1.425019267454953
653 1.425022178043025
654 1.425025083017819
655 1.425027982379335
656 1.425030876127572
657 1.425033764262532
658 1.425036646784213
659 1.425039523692617
660 1.425042394987742
661 1.425045260669589
662 1.425048120738159
663 1.42505097519345
664 1.425053824035463
665 1.425056667264198
666 1.425059504879654
667 1.425062336881833
668 1.425065163270734
669 1.425067986254601
670 1.425070809707024
671 1.425073628029367
672 1.425076441221629
673 1.425079249283811
674 1.425082052215913
675 1.425084850017934
676 1.425087642689875
677 1.425090430231736
678 1.425093212643516
679 1.425095989925216
680 1.425098762076835
681 1.425101529098374
682 1.425104290989833
683 1.425107047751211
684 1.425109799382509
685 1.425112545883727
686 1.425115287254864
687 1.425118023495921
688 1.425120754606897
689 1.425123480587793
690 1.425126201438609
691 1.425128917159344
692 1.425131627749999
693 1.425134333210574
694 1.425137033541068
695 1.425139728741482
696 1.425142418811815
697 1.425145103752068
698 1.425147783562241
699 1.425150458242333
700 1.425153127792345
701 1.425155792212277
702 1.425158370773819
703 1.425161041272622
704 1.425163706664422
705 1.425166366964434
706 1.425169022187876
707 1.425171672349964
708 1.425174317465913
709 1.425176957550942
710 1.425179592620265
711 1.425182222689099
712 1.425184847772661
713 1.425187467886166
714 1.425190083044832
715 1.425192693263875
716 1.42519529855851
717 1.425197898943955
718 1.425200494435426
719 1.425203085048138
720 1.425205670797309
721 1.425208251698155
722 1.425210827765892
723 1.425213399015736
724 1.425215965462904
